010730059033
010730059031
010730059053
010730059051
010730057023
010730124021
010730124022
010730106023
010730124023
010730124031
010730125003
010730001005
010730001003
010730003001
010730003002
010730003003
010730004001
010730004002
010730004003
010730004004
010730059052
010730059071
010730059082
010730059083
010730125001
010730125004
010730126021
011056871001
011056870002
010730004005
010730005001
010730005003
010730007003
010730007002
010730008001
010730059081
010730100012
010730100014
010730100022
010730100023
010730126022
010730127014
010730127013
010730128022
010730141024
010730008002
010730008005
010730008004
010730011001
010730011002
010730011004
010730011005
010730100024
010730101001
010730102002
010730102003
010730103011
010730103012
010730104015
010730129101
010730129052
010730011003
010730012001
010730012002
010730012004
010730014001
010730014003
010730014002
010730015004
010730015001
010730104011
010730104012
010730104014
010730104013
010730104021
010730105001
010730105002
010730105003
010730106021
010730106024
010730106025
010730020003
010730129071
010730130021
010730015003
010730016003
010730019022
010730019023
010730020001
010730132002
011130302001
010730106026
010730106022
010730106031
010730107021
010730107022
010730107023
010730107031
010730130022
010730131002
010730131003
010730030023
010730133003
010730134002
010730134004
010730021001
010730021002
010730022001
010730023032
010730023033
010730023051
010730023063
010730107041
010730107042
010730107051
010730107061
010730108011
010730108012
010730134001
010730134003
010730136012
010730136013
010730136014
010730139011
010730024002
010730024004
010730024006
010730023061
010730027002
010950308022
010730108051
010730109001
010730109003
010730109005
010730139021
010730139022
010730141022
010730141041
010730029001
010730029002
010730030011
010730030012
010730030013
010730030021
010730030022
010730031001
010730031002
011339655012
010730031003
010730031004
011339655032
011339655022
011339655021
010279592001
010730109006
010730109007
010730109004
011339657004
010730111041
010730112071
010730141052
010730143011
010730143012
010730031005
010730032001
010730033001
010730033002
010730034001
010730034002
010730035002
010730035003
010730036001
010730036003
010730112072
010730112091
010730112092
010630602001
010279589001
010279591001
010279591003
010279592003
010279589003
010279590002
010730038032
010279590003
010279589002
010730144041
010730144092
010730036004
010730036006
010730037001
010730037002
010730037003
010730037004
010730038022
010730038023
010730038033
010970061021
010970068022
010970025011
010970009022
010970034071
010730115003
010730117031
010730117032
010730038034
010730039001
010730040001
010970009031
010970013021
010970059001
010970009011
010970013023
010970073004
010970036062
010970023012
010970066003
010970023022
010310108002
010970005001
010970062001
010310103002
010310104001
010310105005
010310106001
010310103001
010310101001
010310105001
010310109001
010670302002
010670303002
010670303001
010670306001
010670304002
010670301001
010670305004
010670301002
010670305002
010670303003
010310101002
010310108001
010310102001
010310106002
010310112012
010310104002
010310105004
010310105003
010950312003
010310102002
010310112011
010890005031
010890029221
010890029223
010890103014
010890028021
010890029113
010890029111
010890029112
010890029121
010890029212
010890029214
010890103013
010890106231
010890106211
010890106212
010890106221
010950308021
010950301001
010950309043
010950302024
010950306002
010950307023
010950308012
010950308013
010950309031
011310348004
011310351001
011310351002
011310351003
011310347001
011310352001
011310352002
011130307003
010439648001
010439648002
010439648003
010439648004
010439649003
010310112013
010310112021
010439649004
010439649005
010439650001
010439650002
011250114011
011130304013
010199560003
010199557021
010199559003
011239621003
010239567002
010239569001
011239624002
011239626002
011239627003
011239627005
011239624004
011239627002
010030114063
010030105002
010030104002
010030114014
010030114031
010030103003
010030107032
011110004002
010239567003
010239569002
011310348005
011310351004
011030051061
011030053021
011030053013
011030054041
011030057023
011030051072
011030051071
011030053022
011030055004
011030057011
010119525003
010119521001
010119525002
010119522001
010119525001
010119522002
011010022015
011010025002
010890009021
010890027222
010890022001
010890025022
010890014011
010890028013
010890028022
010890110211
010890029222
010890105012
010890106242
010890112003
010890106243
010890105013
010890029213
010890014023
010890025021
010890031003
010890002021
010890009013
010890030001
010890007011
010890013021
010890030002
010890021002
010890026003
010199561001
010199560002
010199561003
010199558002
010199558001
011091890002
010970072021
010950310002
010950307022
010950301002
010950303002
010950305002
010950304011
010950303004
010950303003
010950305004
010950303001
010950310003
010950305003
011130309014
010830201011
010830201013
010830201022
010830201021
010830202023
010439654021
010439647002
010439641001
010439646001
010439641002
010439652001
010439653003
010439641003
010439653001
010439651001
010439645001
010950312004
010872320002
011130306003
010030115024
010030113004
010030114072
010030116011
010030109052
010030107013
010030109053
010890019021
010890103011
010890104011
010872316011
010872316021
010872321002
010439642002
010872317001
010872316031
011130306004
011130307001
010439657002
010439656002
010439649002
010439642001
010439657001
010439654023
010439645002
010439649001
010010210001
010439643002
010439655002
010439642003
010299597003
010010207001
010010211002
010010208021
010010209002
010010207002
010010201002
010010209003
010010204001
011110002003
011110004001
011110003001
011110005002
011110004003
011110001001
011110001002
011110002002
011110005001
011110002001
011170303361
010010209001
010010202001
010010202002
010030103001
010030104001
010030111021
010030114062
010030102002
010030110002
010030106002
010030101003
010030109033
010030109041
010030102001
010030116023
010550004002
010970026002
010970028001
010970028003
010439642004
010439642006
010439649006
010439652002
010439653002
010810409021
010810409012
010810410002
010810411001
010810411004
010770111012
010770115023
010810412002
010810412003
010810413001
010810413002
010810413003
010810414001
010810414002
011150401061
011239620004
011239626001
010210603001
010210606002
010210604023
010210601014
010610503003
010950309041
010950311003
010950312002
010830208012
010830211003
010830201024
010830201023
011130306001
011130309011
010030114073
010030114081
010030114051
010030114061
010950308024
010950309042
010950309021
010950311002
010950311004
010830202011
010010203001
010010203002
010010204003
011170303371
011170303043
011170303032
011170303042
011170303034
011170303033
011170303303
011170303031
011170303053
011170303041
011170306071
011170303203
011170303061
011170303151
011170303153
011170303301
011170307032
011170307042
011170303311
011170307031
011170303341
010810411003
010810418003
010810419003
010810419001
010810421012
010810421021
010810410001
010450211024
010810406022
010070100021
010070100043
010070100031
010070100034
010070100023
010070100041
010010204004
010010205003
010770102002
010010208023
010010208022
010010209004
010010210002
010010205001
010010208024
010010211001
010719503003
010719506002
010770116033
010070100042
010550004001
010550017001
010550005001
010810416001
010810416002
010810417004
010730111074
010730111084
010730051013
010730051011
010730051031
010730049022
010730110014
010730129131
010730129084
010730144081
010730144043
010730129153
010730144051
010730144101
010510312002
010510313001
010510313002
010510313003
010810420021
010810417001
010810419002
011030051062
010439650003
010439650004
010730144121
010450214002
010450214003
010730110013
010730047013
010730108053
010730048001
010730108013
010730108015
010730049011
010259576021
010730144133
010730131004
010730107011
010730117054
010730117051
011030051081
011030051083
011030009002
010730108033
010730108021
010730131001
010730107012
010730058003
010730111082
010730023034
010730016004
010730007001
010730055002
010730118025
010730011006
010730012003
010730101003
010259579021
010259578005
010259578002
010259578001
010259578006
010259575001
010259578003
010730133002
011030052003
011030054053
011250116002
011250116003
011250117011
011250117031
010730111081
010730140013
010730140012
010730100011
010730140014
010730119042
010730136015
010730001004
010730015002
010730023052
010799792004
010730125002
010730045001
010799794002
010799794001
011250118004
011150402014
010799795001
010799795005
010799796003
010799797001
010799798002
010799799001
010799792001
011270211001
010799796001
011270207002
011270219002
011270208003
011270215002
011270208005
011270208001
011270206002
011270209003
011270206001
011270217003
011270201001
011270210003
011270217004
011270208002
011270218003
011270214003
011270213002
011270210002
011270216001
011270202003
011270217001
011270204002
011150403003
011130304022
010730123055
010730129062
010730129152
010730129155
010730129051
010730138011
011150405021
011150402032
011150405012
011150405011
011150402031
011150402012
011150405013
011150402033
011150405022
010030112024
011270201003
011270202002
011270204001
011270208004
010259576025
010259579011
010259579023
010259576023
010259577001
010259578004
011150402013
011150402011
011150403002
011150403001
010810402001
010810402004
010810402003
010810402002
010810403001
010810403002
010810404001
010810404002
010810404003
010210605001
010210607004
010030116024
010030113003
010030114013
010030109042
010030101001
010730047014
010030114012
010030109051
010030110001
011250108042
011250112001
011030009003
011030051082
010730108032
010730058001
010730058002
010730051043
010730107064
010730108031
010730111101
010730107062
010730107063
010730049023
010799793003
010730100013
010799793004
010799792003
010799795004
010799797002
010799794004
010799798001
010799794003
010799793001
010799791002
010799792002
010919732001
010799799002
010799796004
010799795002
010799791001
010799795003
010799796002
011250107012
011250108022
010730108034
010730142042
010730142045
010730142046
010730056002
010730144132
010730144082
010730113022
010730144102
010730005004
011250103023
010330205002
010810409023
010810409024
010799798003
011170303173
011170303201
011170303202
010919734005
010919734003
011339655011
010919729002
010919729003
010070100045
010479565001
010479564002
010479562012
010479564001
010479565003
010479564003
010479566002
011010056121
011010001001
011010010001
011010005001
011010009002
011010030001
011339657002
011339655031
011010022013
011170303162
011170303163
011170303312
011010017005
010830204023
010830204011
010830204013
010830212002
010830203002
010830204012
010830208013
010830210001
010830210002
010830211002
010830203003
011010018002
011010018003
011010019002
011010019004
011010020001
010830204021
010610501004
010610506002
010610501002
010610501001
011010020002
011010020003
011010020004
011010021002
011010021003
011010022011
011010022014
011010022016
010830211004
010830205002
010830203001
010830212003
010830212001
010830204022
011010024001
010830206001
010830206002
010830207001
010830205001
010830208011
011010022021
011010023002
011010023003
011010023004
010550111002
011010024002
011010024003
011010024004
010179545004
010179546002
010179546003
010179545002
010179545003
010830208021
010830208022
011010026002
010830208023
010830209001
010830209002
011010026005
011010027001
011010027004
011010028003
011010029001
011010029002
011010029003
011010029004
011010029005
011190114001
011190113005
011190113003
011190115001
011190113001
011190116001
011190116002
011190115005
011190113004
011010030002
011010030003
011010031001
011010031002
011010031003
010550101002
010550110011
010550102003
010550104022
010550016001
010550017002
011270219001
011010032003
011010032004
011010032005
011010032006
011010033012
011010033013
011270202001
011270212003
011270212001
011270215004
011270204003
010439643004
011010033021
011010033022
011010033023
011010033024
011010051023
011010033014
011010053011
011010053021
011010054021
011010054022
011010054024
011190115004
011010054032
011010054033
011010054091
011010058003
010690415005
010690402011
010690408003
011010054061
011010054062
011010054103
011310348001
011310348002
011310348003
010439641005
010439642005
010439647003
010439645003
010439643001
010439641004
010439644002
010439650005
010439644001
010439646002
010439643003
011070500001
011070504001
011070500003
011070504004
010539704001
011010056064
011010051013
011010054104
011010056071
011010054072
011010054073
011010054083
011010026004
010439650006
011179800001
011170303313
011170303141
011170303142
011170303332
011170303362
011170303401
011170303402
011170303411
011170303441
011170305012
011170305013
011170306043
010539705002
010539704002
010539698001
010539698005
010539706001
010539698003
010539698004
010539701002
010539699002
010539702001
010539702002
010539698002
010539701001
010539705001
010539701003
011010007001
011010054092
011010051024
011010011006
011010059021
011010054071
011010002002
011010012002
011170301031
011170306072
011170306083
011170309002
011170304082
011170305011
011170303451
011170304071
011170309003
011150401031
011010015003
011010032002
011010056062
011010056061
010950305005
011150402041
011150402042
011150402051
011150402053
011150401032
011150401041
010499608003
011150404011
011150404012
011150404013
011150404021
011150401051
010730111091
010499606002
010499603003
010499603004
010499614001
010499601003
010499608002
010499609002
010730116003
010730035001
010730057021
010730126023
010730128031
010730129102
010499609001
010499603005
010499606001
010499605001
010499607001
010499605003
010499613004
010499605004
010499608001
010499604004
010499612002
010499606004
010499604003
010499604002
010499602002
010499604001
010499613003
010499601002
010499602001
010499613005
010499607003
010499601004
010499606003
010499610003
010499604005
010499605002
010499610002
010499601001
010499603002
010499607004
010499607002
010499613001
010872315001
010499602003
010539707003
010730129151
010730129053
010730129123
010730129132
010539707004
010539707001
011030004004
010872323001
010179547003
010872322001
010872319002
010872322002
010872319001
010872314001
010890102002
010730045002
010730051012
010730110012
010179547004
010199559002
010730111071
010330207033
010330209023
010890030003
010890103021
010890114003
010890106121
010890107023
010890024001
010890109022
010890103022
010890101002
010770116023
010770115012
010770115014
010770115015
010770115022
010770116031
010770117004
010970061052
010770118022
010770118023
010770102001
010970007011
010970040002
010970057001
010970056002
010970012001
010970010021
010970070002
010770118012
010330201003
010330208023
010330209012
010330209013
010330209022
010770116042
010770111021
010770112002
010770101001
010770116022
010770106002
010770117001
010770116043
010610504004
010610504005
010059508002
010059502001
010059505001
010030107052
010610502001
010610505002
010610504003
011210104002
011210115001
011210120003
011210109002
010610505004
010610504001
010610501003
010610506001
011210103022
010610503004
010610506003
010610503002
010610503005
010610504002
010610505001
010610502002
010610503001
010610503006
011210119002
011210105002
011210106002
011210109003
010970005002
010970068012
010970054002
011210113003
011210113002
010610505003
010770103001
010770103002
010770111022
010770113001
010770117003
010857812004
010030105001
011210118001
011210118002
011210120002
010872320001
010872315002
010770103003
010770104002
010770106001
010770106003
010770106004
010770106005
010770107001
010770107002
010872321001
010872315003
010872323002
010770110003
010770107003
010770108001
010770108002
010770109001
010770109002
010770109003
010857811002
010857811001
010857810002
010970030002
010970032042
010970032052
010970034022
010770109004
010770109005
010770110001
010770110002
010750301007
010770110004
010770110005
010770111024
010770111023
010970035011
010750302001
010750300001
010750300002
010750300004
010750301003
010750301004
010750302004
010750301001
010750301002
010750301005
010750301006
010750302002
010750300003
010750300005
011030054052
010750302003
010310113002
010872318002
010872318001
010030112023
010030112021
010030113001
011270209001
011270211003
011270213003
011270203001
011270207001
010030106003
010030115013
010030115021
010970067011
010970036071
010970035021
010970037041
011130304011
011130305001
010210604012
010210605002
010210601022
010210604013
010210601012
010210601013
010210601021
010810407002
011056870003
011056868001
011056871003
011056870001
011056870006
011056870004
010799792005
010799793002
010550105021
010550009004
010550102004
010550104012
010550106022
010550106021
010330207032
010330207031
010330205004
010330207042
010330203001
010330201004
010330206003
010330206002
011030051051
011030055001
011030057021
011030053031
011030053014
010599737001
010330207044
010599730002
010599730003
010599734002
011030052001
011030051031
011030057024
011030007002
011030053032
010599734001
010599729001
010599729002
010599730001
010599737003
010599735002
010599737002
011170302171
010599731001
010599732001
010299596003
010970023013
010970024001
010970024002
010970024003
010970025012
010970025013
010730101002
010210604022
010730129121
010730129122
010970028002
010970029002
010970029003
010970031003
010970032031
010970032051
011170301021
011170302142
011170302143
011170302163
011170303044
011170303302
011170303321
011170303333
011170303363
011170303403
011170306082
011170303421
011170304081
011170305021
011170307033
011170302141
011170302151
011170309001
011170306081
011170304062
011170306042
011170307012
011170308001
011170306091
011170306051
011170303192
011170306041
011170306052
011170307041
010730047022
011170308002
010059503002
010059503001
010059507001
010059501002
010059507002
010059504001
010059506001
010059509003
010330206004
010730057013
010730123021
010730142034
010239567004
010239569004
011170303191
010090501021
010090505005
010090506023
010090506012
010330202001
010199560001
010730047012
010730047021
010730047023
011010014004
010730118031
010730118032
010730118042
010730118043
010730119012
010730119043
010730119041
010950306004
011010010002
011010011002
011010011003
011010011004
011010056032
011010056033
011010058001
011010059012
011010011005
011010012003
011010012001
011010013001
011010013002
011010014001
011010014003
011010015001
011010015002
011250108031
010950309023
011010059022
011010059023
011010016004
011250102021
011250106023
011010002001
011250107022
011250106022
011250102011
011250102041
011250101021
011250106012
011010056052
011010003002
011010004001
011010004002
011010004005
011010004007
011010006001
011010006002
011150404022
011150401052
011150401062
011150401063
011150404023
011150405014
011150405024
011250103031
011250108041
011250125011
011250125021
011250104031
011250101032
011250108021
011250107023
011250103011
011250102042
011250105001
011250102023
010210604024
010210603002
010210606001
010210604011
010210604025
010210601025
010210605003
010030107014
010030111011
010030116014
010030107051
010030112011
010030107041
010030109032
010730059102
010030108001
010030107012
010550104011
010550002001
010550005002
010550104021
010150008001
010150009002
010150010004
010150025022
010150004001
010150005002
010150006001
011030051063
011030003002
010730129064
010730129082
010730049012
010730124032
010730127041
010730110021
010730108052
010730049021
010730141021
010730142043
010730140021
010730129111
010730111103
010730008003
010730111113
010730142033
010730108035
010730144042
010730141042
010730129114
010730129061
010730138012
010730103022
010730144122
010730129154
010030111012
010030111013
010030112012
010030114015
010030111022
010550011002
010550102005
010550010001
010550012002
010550013002
010150013001
010150012012
010150012023
010150011004
010150012011
010030105004
010030106001
010730127011
010730109002
010730036005
010730059032
010730019021
010730038031
010730129063
010730141051
010730123052
010730123054
010730129113
010210607002
010210604021
010210602001
010210607003
010210607001
010210602002
010030105003
010479572002
010510302002
010510309011
010510306004
010510309023
010510307011
010479573003
010479573001
010479572001
010479566004
010030114011
010030112022
010030113002
010030114032
010550102002
010550112001
010159819011
010150014002
010150016002
010150021023
010150011002
010730023062
010730124034
010730123042
010730118021
010730111042
010730027001
010730129112
010730129073
010730141053
010730144052
010730144064
010030115012
010030114052
010150007002
010730059091
010730059101
010730059103
010730059104
010730112081
010730129141
010730144062
010730144131
011250102022
010730144063
010730029003
010730027003
010730111043
010730124033
010730112101
010730112102
010730129072
010730129083
010730121032
010730121031
010539703001
010539704003
010539705003
010539705004
010539706002
010539706003
010539707002
011250104051
011250101011
011250104062
011250117032
011250107011
011250102032
011250107032
011250123052
011250101031
011250106011
010919731003
010919730001
010919730003
010919729005
010919730004
010919730002
010919730005
010919729001
010919732002
010919733003
010919733001
010730103023
010730117042
010730022002
010730020002
010730108014
010730111093
010730144091
010730129081
010857808003
010730111072
010730128034
011250103022
011250106021
010857810001
010857808002
010857812003
010857808001
010857810003
010857812002
010857812001
011250125032
011250105002
011250106013
011250103012
011250107021
011250108032
010510309021
011250125023
011250104033
011250104061
011250114012
011250114013
011250118001
011250118002
011250118003
010510307021
010510303001
010510307022
010510306001
010510309022
010510312001
010510309012
010510301002
010510310002
010510304005
011270212002
010730005002
010730114002
010730034004
010970076001
010970075002
010150026001
010150021033
010150020005
010150022001
010150023001
010770112003
010770114003
010770115011
011130307002
010970037051
010970037052
010970037061
010970037062
010970037072
010970037082
010970037103
010970037091
011130304021
010970067013
010970067021
010970064042
010970063022
010970064072
010970065012
010970065021
010970065024
010970067023
010970070003
010970074002
010970074003
010970074004
010719509004
010950307024
010950303005
010950304023
010970008003
010970027002
010970023021
010970048001
010970013022
010970026003
010970072011
010970007023
010970012002
010719508002
010719508004
010719508003
010719509002
010719509003
010730048002
010730050003
010730050001
010730050002
010730052001
010730052004
010730120011
010730120021
010730120022
010730120023
010719505002
010719511005
010479567011
011030051011
011030052004
011030056003
011030055002
011030052002
011030053041
011030051012
011030055003
011030003001
011030053012
010730052002
010730053021
010730053022
010730053023
010730055001
010730121034
010730121035
010730121042
010950304012
010730056003
010730056004
010730056001
010730057011
010730057012
010730057022
010730057024
010730121043
010730123041
010730123051
010730124011
011130304014
011270209002
011270210001
011270211002
011270213001
011270214001
010299598001
011270214004
011270217002
011270218002
010299597002
010299595002
010299596002
010299597001
010299595001
011210115003
010030114033
010139531002
011250125031
011250101023
011250102031
011250119022
011250101012
010550110012
010550111001
010030104003
010030103002
010030114071
010030109031
010030107031
010030108003
010030107011
010030101002
010030109043
010030116013
010030107042
010030109061
010030109062
010030115011
010030116022
010030116012
010030116021
010030107053
010030109063
010030115023
010690401001
010599734003
010599735003
010599737004
010599730004
010690408002
010690409002
010690410001
010690410002
010690411001
010690411002
010690411003
010690412002
010690414002
010690414003
010690415001
010690402023
010690403021
010690403022
010690403011
010690404001
010690404002
010690405001
010690405002
010690405003
010690406003
010690406001
010690407001
010690407002
010690414001
010690401002
010690416003
010690419004
010690419003
010690420004
010690419005
010690418001
010690416001
010690401003
010690419001
010690421003
010690402022
010690408001
010690416004
010690420001
010690408004
010690409001
010690418002
010690419002
010690417002
010690421002
010690412001
010970039021
010690406002
010690420002
010690415002
010690415003
010690415004
010690416002
010690410003
010970004014
010970011003
010970071021
010970061051
010970071011
010359602002
010690404003
010550006001
010550006002
011270201002
010359605001
010359603002
010359606001
010359605002
010359603001
010359604002
010359602001
010359604003
010359604001
010479569001
010550002002
010550003002
010550004003
010479567021
010479562011
010479565002
010479562022
010479569002
011239620003
010950304022
011239627004
011239627001
011239627006
011239624003
010570203001
010090507002
010570203004
010570204002
010570204004
010570201003
010570204003
011339659003
010090502001
011339659001
011339658003
011339656005
011339657003
011339658004
011339656004
011339658002
011339656003
011339656002
011010004006
010970030001
010090505001
010090501013
011339657001
011339658005
011339656001
011339658001
011339659002
010070100012
010070100011
010070100044
010970033021
010970033022
010970034083
010970035022
010970036021
010970036061
010970037071
010970037092
010970040001
010970048002
011010059013
011010028001
010970049001
010970050002
010970051001
010970064031
010970064041
010210601011
010970064052
010970064053
010970066001
010599729003
010599736001
010599733001
010599732002
010599731002
010599736002
010599733002
010599732003
010599735001
010970069011
011290441003
010970073001
010970073002
010970011001
010970025021
010970061041
010970073003
010719508001
011010027002
011010055033
011010053022
011010059011
011010059015
011010023001
011010005002
011010021001
011010060003
011010051021
011010057001
011010055012
011010056063
011010061001
011010051011
011010056041
011010007002
011010014002
011010060004
010770104001
011010057002
011010022012
011010033011
010770118013
010770116021
010770117002
010770116032
010770115013
010770113002
010770116041
010770108003
010770114001
010770115021
010970064061
010770101002
010719507004
010719507001
010719506003
010770118011
010770108004
010770118021
010770111011
010770114002
010770112001
010770114004
010970063012
010970064043
010970065011
010970065022
010970067022
010970077003
010970075001
010630600001
010970033012
010970057003
010970058001
010970063021
010970064022
010970064023
010970066002
010970069013
010239569003
010239567001
010239570002
010239568003
010970033023
010970007013
010970025022
010970034082
010630602002
010630601001
010630601002
010630600002
010630601005
010630601003
010730117052
010630602003
010630601004
010210601023
010210601024
010550007001
010550007002
010550008001
010550008002
010550009001
010730111046
010730111111
010730112063
010730116001
010730116002
010730117041
010730143021
010730052003
010730127032
010730127012
010730140022
010330206001
010330207043
010730110011
010730108054
010730108022
010730051042
010730142044
010730111083
010730140011
010730102001
010730111075
010730103013
010730144061
010730128021
010730113023
010730113021
010730113011
010330207041
010330208011
010070100046
010070100022
010070100033
010070100032
010730142031
010730051041
010730111102
010730111092
010730127031
010730111073
010730016001
010730113012
010090507001
010330210001
010090503004
010090504002
010090505002
010090506021
010090501012
010090504001
010090504004
011056871004
010090503003
010090504003
010090501011
010090501022
010090505004
010090501014
010090506011
010090501015
010090503001
010090507004
010090503002
010090502002
010090505003
010090506025
011091892001
011091889003
011091891004
011091889001
011091887001
011091893003
011091886002
011091893002
011091893004
011091888002
011091889002
011091886001
011091890004
011091891001
011091892002
011091890001
011091888001
010690402024
010970034072
011091891003
011091890003
010970015011
010970058003
011250123042
011250123051
011250124031
011250124032
011091893001
011250124041
011250124042
011250124051
011250124052
011250124053
010059509001
011250125022
011250126001
011250101033
011250127001
011250102043
011250104041
011250127002
011250128001
011250128002
011250103013
011250104032
011250104042
011250104043
011250104052
011250104063
011250104071
011250107013
011250107024
011250107025
010810420061
010810420053
010810420052
010810421013
010890108004
010690403012
010690402012
010690403013
010890113002
010890101001
010890106223
010890013013
010890108001
010890107014
010890107011
010890005032
010890027012
010890029211
011250104072
011250120001
011250120002
011250121001
011250120003
011250101034
011250103021
010890104021
010890113003
010890104022
010890102001
010890112002
010150025011
010890103012
010890010002
011130308001
011130308002
011250121002
011250123031
011250123032
011250123041
010979900000
010970067012
010970068013
010970069022
010439646003
010439654022
010439656001
010439647001
010439654011
010439655003
010439655001
010439651002
010439654012
010439654024
010890105011
010150009003
010150010001
010150010002
010150010003
010150023003
010150023004
010150025024
010150015002
010150021012
010150022002
010150025023
010950302023
010950308011
010950306001
010950308023
010950302013
010950306003
010950302022
010950302021
010950310001
010950307011
010950307021
010950302012
010970028005
010950304021
010950302011
010950311001
010970023011
010970025023
010970026001
010970028004
010970029001
010970060001
010970004012
010970020002
010970064051
010970055001
010970027001
010970066004
010970062002
010970055002
010970022001
010970007022
010970060003
010970061032
010970063011
010970038001
010970056001
010970071032
010150018004
010330208012
010890031002
010890031001
010890002022
010890003012
010890003013
010890003014
010890003011
010890003021
010890003022
010890004034
010890004033
010890005012
010890005011
010890005022
010890005021
010890006012
010890006011
010890006021
010890006022
010890007013
010890007012
010479573002
010890009012
010299598002
010299596001
010299598003
010890009011
010890009022
011130302002
011130302003
011130303002
011130303003
010150018002
010150020001
010150025014
010150026003
010150026002
010150020003
010150020004
010150011001
010150011003
010890010004
010890010001
010890012003
010890012001
011130304012
010150012022
010150013002
010479566001
010150014004
010479566003
010890012002
010890014021
010150014003
010150015001
010150016001
010890015001
010890015004
010890015003
010890015002
010890017001
010890018013
010150023002
010150025021
010150025013
010150016003
010150007001
010150015003
010150024002
010150020002
010150016004
010150017001
010150017002
010150017003
011210101011
011210117002
011210101022
011210102011
011210111001
011210112002
011210116003
011210110001
011210114001
011210116002
011210111003
010310105002
010310107001
010150002001
010150002002
010150003001
010150003002
010150004002
010890018012
010890019011
010890019012
010890019031
010890020003
010150017004
010150018003
010890023005
010150018005
010150018006
010890020001
010890020002
010730123053
010150004003
010890021001
010150005001
010150006002
010150009001
010150021011
010150021022
010150021032
010150022003
010150022004
010890021003
010890022002
010890023003
010890023001
010890023002
010890023004
010690420003
010890024004
010890024002
010890025011
010890025012
010890026004
010890026001
010890026002
010690417001
010690419006
010690421001
010690421004
010719511003
010950304013
010479568003
010479573004
010890027011
010890027211
010890027212
010890028011
010890028012
010330207013
010330210004
010330209024
010330209011
010330208013
010890107022
010890108005
010890114002
010359606003
010359606002
010450201002
010730132001
010279592002
010310112023
010310112024
010310112022
010179540005
011010056034
011010058002
011010060002
010179547002
010179539001
010179543001
010179546001
011150402043
011150402052
010550110013
010550108002
010550105013
010550110023
010550112002
010550102001
010550103001
011070503004
010990756001
010550009003
011010061002
011010004004
011010005003
011010032001
011010004003
011010019003
010450205001
010450204001
010450200002
010450208021
010450208011
010450204002
010550012003
010550004004
010550016003
010550105023
010550110022
010550011001
010550103003
010550103002
010719504003
010719507002
010719502002
010719501005
010719504002
010719503001
010719511001
010719505001
010719501004
010719511002
010719501002
010719506001
010719502003
010719509001
011010054064
010719503004
011010056101
011010054101
010970037031
010970019011
010970065023
011010003001
010239568005
011010011001
011010056031
011010060001
011010056043
011010056042
010139535001
010139534002
010330207012
010970019021
011030004002
011170307043
011170307011
010730001001
010970019022
010970021001
010970014001
010970007012
010970015012
010970056003
010970010022
010970014003
010970061031
010970054001
010970021002
010970019012
011010051012
011010056051
011010056111
011010056081
011010059014
011010054081
011010051014
011010054063
011010055032
011010054084
011010055021
011010055041
011010054082
011010055011
011010055031
010199557011
010199558004
010199558003
010199559001
010479561004
010730115001
010479568002
010330203002
010330203003
010330204001
010330205001
010479561002
010479570001
010479561001
010479561003
010479565004
010479571001
010479569003
010479563002
010479571002
010479561005
010479563001
010479562021
010650403002
010330205003
010650401001
010650404005
010650405001
010650404003
010650404004
010650400002
010650404002
010650402001
010810420051
010059505003
010059502003
010810420023
010810420022
010399629002
011270214002
010139532001
010139533001
010139534001
010139532003
010139532004
010499609004
010499610001
010499611001
010499611002
010399618001
010399623001
010399624004
010399624002
010399618002
010399630002
010399624001
010399628001
010399616002
010399617003
010399616004
010399627001
010399623003
010399616001
010399617002
010399619002
010399630001
010399623002
010399629001
010939641001
010399616003
010399619001
010399620001
010399620002
010399620003
010399620004
010259579022
010259579024
010939643002
010939644001
010939645001
010939646001
010939646003
010939647003
010939640001
010939643003
010939645002
010939647004
010550105022
010550107001
010550104013
010550011003
010550105012
010550106011
010550106012
010550105014
010119522003
010550108001
010550106013
010179544001
010330210002
010330201002
010330207011
010330204002
010330208021
011210114002
010970077001
010970077002
010330209021
010330208022
010330210003
010970008004
010810405001
010810406043
010810421011
010810421023
010810419004
010810420031
010399621001
010399621002
010010204002
010010208011
010010208012
010179538001
010450213002
011110003003
011110005003
010039900000
010499613002
010499614003
010499603001
010539706004
010650400001
010650403001
010650405002
010650404001
010399617001
010450200001
010450208023
010450200003
010199557012
010199561004
010199557022
010199557013
010199561002
010010201001
010279589004
010279591002
010279590001
010310111001
010310110002
010939640003
010010206002
010010205002
010010206001
010010211003
010810420041
010810420043
010810420042
010810409013
010970037093
010970061042
010970002001
010970004013
010970014002
010379612001
010379611001
010970015021
010970018001
011110003002
011110004004
011110006001
011110006002
011110005004
010990757002
010990760003
010939647001
010939642001
010939646002
010939643004
010939640004
010939644002
010939643001
010939640005
010939640002
010939645003
010939644004
010939647005
010939641003
010939641002
010939647002
010970064062
010939644003
010239568004
010239568001
010239568002
010970006001
010970006002
010970007021
010970004021
010970008001
010970008002
010970008005
010450214004
010970076002
010970037081
010970057002
010810406041
010670302001
010810408002
010810406021
010810421024
011210103023
010810409011
010810411002
011210120001
011210102022
011210109001
011210101021
011210103012
011210112001
011210115002
011210119001
011210104001
011210113001
011210111002
010970010011
011210106001
011210103011
011210117001
010970009012
010970009021
010970010012
010970064054
010550003001
010970072022
010970060002
010970059002
010970063013
010970064071
011290443002
010810414004
010970011002
010810408001
010810407001
010810406031
010810406042
010810404004
011210107001
011210113005
010690402013
011290443003
011290440001
011290439002
011290441001
011290443001
011290441002
011290442002
011290440003
011290440002
011290440004
011290439003
011290442003
011290442004
011290442001
011290439001
011270203003
011270203004
010379610002
011270201004
010379610003
010379610001
010379611002
010379610004
010379612004
010379612002
010379612003
010379611003
010510301004
011270211004
011270203002
011270218001
010330201001
010330202002
010550003003
010030108002
010139528001
010139529002
010139531001
010139532002
010550004005
010550107002
010550110021
010550111003
010510306002
010510305002
010510308001
010510304002
010510304004
010510304006
010510302001
010510306003
010510303002
010510302004
010510304003
010510301003
010510305003
010510301001
010510304001
010510305001
010510302003
010419635001
010450205002
010450205003
010450207002
010450207003
010450207004
010419638001
010419636001
010419634001
010419634002
010419636003
010450203002
010450214001
010450213001
010450202001
010450201001
010450202002
010450211012
010450212001
010450203001
010450201003
010450207001
010450213004
010450212002
010450213003
010990759006
010239570001
010450208012
010450208024
010450211011
010310113001
011190113002
010310113003
010510308002
010510308003
010510308004
010450208022
010450208025
010510310001
010510311002
010510311003
010139529001
010139533002
010139530001
010139530002
010139531003
010139527001
010139527002
010450211013
010450211021
010450211022
010450211023
011190115003
011190114002
011190115002
010730132003
010730133001
010730138013
010730001002
010719503005
010719501001
010719510002
010719501003
010719510001
010719511004
010719504001
010719510004
010719510003
010670305001
010950308025
010950309032
010950312001
010950309044
010670305003
010670306002
010670302003
010670304001
010550105011
010950304015
010990759001
010990761002
010990759004
010990759003
010990757001
010990761004
010990761003
010990758002
010990758001
010990760002
010990761005
010990759005
010990760001
010990761001
010990762002
011210103021
010990759002
010990762001
010719502001
011210102021
011210117003
011210113004
011210102012
011210110002
011210116001
011210115004
010090506024
010090501023
010090507003
010090506022
010090501024
010719507003
010719502004
010719503002
010719506004
010919734002
010919729004
010919731002
010919733002
010919734004
010059504003
010919734001
010919730006
010919731001
010059505002
010059501003
010059501001
010059502002
010059509002
010059508001
010059504002
010059506002
010810421022
010810417003
010810418002
010810414003
010810409022
010810417002
010810410003
010810412001
010810418001
011030006001
010970031002
010970035013
011030001001
011030001002
011030001004
011030001003
011030002002
011030002003
010550006003
010970072023
011030051093
011030051092
011030053011
011030054051
011030053042
011030054043
011030054042
011030056002
011030057022
011030056004
011030056001
011030002001
011030004001
011030004003
011030006002
011070503001
011030007003
011030007001
011030008002
011030008001
011030009001
011030010002
011030010001
011030051013
011030051091
011030001005
010730118022
010310109002
010310110001
010890104012
010890105021
010890106241
011010016001
011010016002
011010016003
011010017001
011010017002
011010017003
011010017004
010730042003
010730042002
010730117053
010730118023
010730117033
010730117034
010730118024
010970018002
010970020001
010970021003
010970022002
010970022003
010730040003
010730040004
010730040005
010730042001
010730040002
011250107031
010150018001
010150007003
010730120024
010159819031
010150021031
010150021021
010150024001
010150025012
010150014001
010150012021
010159819021
010890110113
010890027221
010890108003
010890109012
010890110111
010890110112
010890110143
010890004031
010890004032
010890106224
010890013011
010890013012
010890017002
010890002011
010890108002
010890007022
010890110222
010890110122
010890106222
010890007021
010890010003
010890110142
011210101012
011210105001
011270215001
011270215003
011270216002
010890107012
010890107013
010890107024
010890110131
010890110132
010890110141
010890110212
010890110221
011150401042
011010009001
011091890005
011091891002
010259575002
010259576024
010259576022
010259576011
010259577002
010259579012
010259580011
010259580021
010810405002
010479568001
011010025001
011010051022
011010026003
011010056091
011010054023
011010056082
011010054102
011170301023
011170302122
011170302133
011170302162
011170302173
011170303164
011170303331
011170303342
011170303422
011170306092
011170304061
011170304051
011170302111
011170303152
011170303161
011150405023
011170302121
011170302131
011170302132
011170302161
011170302172
011170303063
011170303314
011070501001
011070501003
011070502001
011070503003
011070503002
011070502002
011070504003
011070501002
011070500002
011070504002
011070501004
011070500004
011070504005
011239621002
010550002003
010550101001
010550109001
010550009002
011239625021
011239623002
011239625023
011239624001
011239625014
011239620002
011239623004
011239625012
010730016002
010730024003
010730114003
010730021003
010730142032
010730051032
010730038021
010730141023
010730107052
010730108041
010730032002
010730142041
010730103021
010730126024
010730122001
010830202012
010030115022
011250114021
010510307012
010510311001
010730112082
010730111044
010730111112
010730111045
010730124012
010730112061
010730128023
010830201012
010830202022
010830202021
010830211001
010730110015
010730117061
010730036002
010730112051
010730051033
010730030014
010730128032
010730128033
010970040003
010730110022
010730112062
010730119013
010730121033
010730121041
010399626002
010399627002
010399630003
011130306002
010399624003
010399625001
010399625002
010399626001
010730136011
010730114001
010730100021
010730114004
010730120012
010730047011
010730119011
010730038024
010730024005
010730123022
010730143013
011250114022
011250116001
011250119011
011250119012
011250119013
011250119021
011250117012
011250123033
011250123034
010730118041
010730023031
010399628002
010730115004
010730107032
010730024001
010730115002
010730122002
010730034003
010399630004
010970036022
010970036051
010970036072
010970036081
010970037042
011130312002
011130309021
011130311001
011130312001
011130312003
011130310001
011130309023
011130310002
011130303001
011130309012
010970037102
010970039011
010970039012
010890101003
010970041001
010970064021
010970061053
010970071012
010970049002
010970049003
010970049004
010970050001
010970051002
010970052001
010970052002
010970053001
010970058002
010970068011
010970068021
010970069012
010970069021
010970070001
010970071031
010179539004
010179542002
010539699001
010539699003
010539703002
010890110121
010970031001
010970032021
010970032022
010970032032
010970032041
010970033011
010890111001
010890109013
010890113001
010890107021
010890109011
010890112004
010570204001
010890014024
011250101022
010179543002
010179543003
010570203002
010570202001
010570202004
010570200002
010570202002
010570203005
010570200001
010570202003
010570203003
010570201001
010570201002
010970034073
011056868002
011056870005
011056871002
010890014022
010179543004
010970034021
010970034041
010970034051
010970034061
010970034081
010499611003
010970035012
010970071013
010419636002
010419637001
010419637002
010419639001
010499601005
010499614002
010499612001
010499609003
010950305001
010950304014
010950309022
010950307012
010970004011
011130309013
011130309022
011130311002
010890110223
010179542003
010179540002
010179543005
010970037101
010970074001
010690402021
010179545001
010179547001
010179540001
010179540003
010179542001
010179538003
010179538002
010179539003
010179539002
010179540006
010179540004
010970019023
011239623005
010550012001
010550013003
010550013001
010550112003
010550016002
011239625022
011239625013
011239622002
011239625011
011239622001
011239619001
011239620001
011239622003
011239623003
011239619002
011239621001
010890101004
011239623001
011010027003
011010019001
011010054031
011010018001
011010026001
011010028002
011170303052
011170303062
011170303172
011170303171
011170303051
011170301022
010890018011
010890105022
010890109021
010890024003
010890114001
010890112001
