021300004001
021800001001
021800002002
021800001005
021800001003
021800001002
021800001004
021800002001
020900007003
020200002024
020200002031
020200002032
020200002034
020200002035
020200005002
021300001002
021220001001
021220011003
021220007002
021220002002
021220005001
021220012001
021220007001
021220009002
021220005003
021220005004
021220007006
021220004002
021220007004
021220003001
021220013001
021220004001
021220002001
021220008003
021220009001
021220010002
021220006005
021220006003
021220002004
021300001004
021300004002
021300002003
021300001005
020600001002
020600001001
021500001002
021500003002
021500001003
021500004001
021500002001
021500005001
021500003001
021500002003
021500001001
021220006004
021800002003
021800002004
021800001006
021220004003
021220008001
020200008017
020200003001
020200014005
020200001011
020200029001
020200023035
020200005001
020200018022
021050003002
022300001001
022750003003
021950002004
022750003002
021950002001
022750003004
022200001002
022200002003
022200001005
022200001001
021300003002
021300002002
022200002006
022200002002
022200001003
022200002001
022200002004
020900007001
020900006004
022200002005
021700009002
021880001001
021880001005
021880001002
021300003003
021300001001
021300001003
021300002001
020200001024
020200012002
021700008002
020700002002
020160002001
020160001001
021050002001
021880002001
021880002002
021880002003
021300003001
020200007033
020200007034
020200007035
020200007021
020200007022
020200007023
020200007031
021050003001
021050003003
021880001003
021880002004
021880001004
021700010032
022400001001
022400004003
021220006001
021220006002
021220006006
021220007003
021220007005
021220008002
021220008004
021220010001
021220011002
021220011004
022610003005
021220005002
021980001002
021980002003
021980002002
021980002001
021989401001
021980001003
021980003001
021989401003
021980001001
021989401002
020200016023
020200016024
020200017011
020200017012
020200017013
020200017321
020200017322
020200017323
020200025021
020200028112
020200028113
020200028114
020200028121
020200017014
020200017015
020200017022
020200017023
020200022022
020200022023
020200022024
020200025022
020200025023
020200025024
021000001001
020200028122
020200028123
020200028131
020200028133
020200028211
020200017324
020200008013
020200007032
020200006004
020200001012
020200023031
020200028222
020200028232
020200001022
020200008012
020200018021
020200009013
020200006003
020200018024
020200027111
020200022021
020200017021
020200014001
020200019002
020200025012
021700013004
021700003002
020130001002
020130001001
020130001003
020160002002
021850002001
021850001001
021850002002
021850003001
021850001002
021850002003
021220002003
020200009023
020200010001
020200010002
020200010003
021950002002
021950002003
020200008025
020200009011
020200009012
020200009021
020200009022
020900005001
020900006001
020900006003
020200027025
020200028132
020200001013
020200001021
020900001002
020900002001
020900002002
020900003001
020900003002
020900016003
020900012003
020900010001
020900019004
020900010002
020900016004
020900013001
020900013002
020900006002
020900009001
020900001001
020900017001
020900011001
020900014005
020900015001
020900018002
020900009002
020900015004
020900013003
020900004001
020900019003
020900014001
020900017002
020900019001
020900019002
020900003003
020900003004
020900004002
020900004003
020900004004
020200008021
020200008022
020200008023
021700004011
021700004022
021700006031
021700011002
021700007032
021700005011
020200008011
021000001002
021000001003
020200008024
020200012001
020200023011
020200013003
020200011002
020200027124
022900003002
020200014003
021100003002
021100003004
020500002004
020500003002
020500003001
020500001002
020500001005
020500001001
020500002001
020500001004
020500001003
020500001006
020900005002
022400004004
022400001002
022400004001
022400004002
020200023012
020200023013
020200023014
020200028212
020200028221
020200001023
020200007014
020200012003
020200017024
020200017025
020200017311
020200023021
020200023023
020200023024
020200023025
020200023033
020200023034
020200023036
020200026011
020200026012
020200026013
020200026021
020200020004
020200026022
020200021002
020200021003
020200021004
020200026023
020200026031
020200026032
020200026033
020200027021
020200027022
020200021005
020200022011
020200024001
020200024002
020200024003
020200025011
020200025013
020200025014
020200025015
020200012004
020200012005
020200013001
020200013002
020200014002
020200017312
020200017313
020200017314
020200017315
020200027023
020200018011
020200018012
020200027024
020200027112
020200027113
020200014004
021580001002
021580001004
021580001003
021580001001
020200018013
020200028223
020200014006
020200015001
020200015002
020200015003
020200015004
020200015005
020200016011
020200019001
020200019003
020200019004
020200019005
020200020001
020200020002
020200020003
020200022012
020200022013
020200022014
020200029003
020200016012
020200016013
020200016021
020200016022
020200027114
020200027121
020200027123
020200027125
020200028111
020200027122
020500002002
021700007051
021700005012
021700006042
021100005002
020680001001
020680001002
020200028231
020200002041
020200021001
020200010004
021100006002
021700012021
021700008003
021100005003
021500002002
021100005001
021640001001
021640001002
020900012001
021700007052
021700004021
022610003004
022610002001
022610003001
022610003002
022610001003
022610003003
022610002002
022610001001
022610001004
022610001002
022750003001
022900004001
022900002002
022900001001
022900003001
022900004002
022900001002
022900002001
022900003003
022200001004
021700006011
021700010031
021700003001
021700006041
021700013003
021700006012
021700007031
021700010042
021700007061
021700002001
021700002002
021700007011
020200011001
021700008001
020900013005
022820001001
020900014002
020900014003
020900008001
020900007002
020900008002
020900008003
020900008004
021700007012
021700012011
021700010041
021700007062
021700005021
021700012022
021700001021
021700001011
021700005022
021700001022
021700006032
021700010011
021700010012
021700012012
021700009001
020900015002
020900015003
020900015006
020900014004
020200008014
020200008015
020200008016
020500002003
020200028213
020200006001
020200006002
020200006005
020200006006
020200006007
020200006008
020200007011
020200007012
020200007013
020200002011
020200002012
020200002021
020200002022
020200002023
020200029004
020200004001
020200018023
020200002042
020200002033
020200023032
020200029002
020200023022
021700013001
021100001001
021100004001
021100004002
021100003003
021100001003
021100006001
021100004003
021100006003
021100001002
021100001004
021100002005
021100002001
021100003001
021100002003
021100002002
021100004004
021100002004
020700001002
020700001001
020700002001
020700002003
020700001003
020900016001
020900016002
020900012002
020900013004
020900015005
020900018001
020900019005
021220013002
021220011001
021700011001
021700013002
