040134217023
040130405312
040130923121
040190010001
040190010002
040130927211
040130931041
040131125023
040131125133
040130101021
040130304021
040130405151
040130610191
040131162053
040131166051
040136148002
040136159002
040190014001
040190014002
040190014003
040190014004
040131112014
040132168431
040132168481
040132168493
040132168494
040132168511
040132168513
040132168514
040190015002
040190014005
040190015003
040190016001
040136188001
040136192002
040136197002
040138103002
040138105003
040138108001
040138115001
040130101011
040130101023
040139413004
040130304012
040190040223
040190016002
040190023002
040190023003
040190040224
040190040251
040190040253
040190016003
040190016004
040190016005
040190017001
040190017002
040190034003
040190034004
040133191042
040190019001
040190019002
040132175012
040133200023
040134201072
040130304023
040130405132
040130405162
040130405172
040131042121
040131044013
040131047023
040131055031
040130506041
040130506042
040130506051
040190046431
040130506052
040130506053
040190047131
040134226272
040190001002
040190002001
040131043012
040190019003
040190019004
040190020001
040190020002
040190020003
040130405191
040130405202
040130405211
040130405251
040130405273
040130405285
040131067032
040131068023
040190020004
040190021003
040190021004
040190021005
040190022021
040134226211
040134201161
040134207071
040134207101
040134210022
040131091022
040190023001
040131085023
040131090022
040131105022
040131112031
040134206022
040134207103
040134213041
040134219024
040134223041
040131173002
040132172031
040132175022
040133191043
040133197062
040134225132
040131067012
040134201121
040134201151
040134202104
040134203021
040134205014
040190002002
040190002003
040190003001
040190003002
040190004003
040130506081
040131076013
040131091023
040131138012
040130608011
040130608015
040130609021
040130610112
040134207072
040130610151
040131166101
040190005001
040190005002
040190005003
040190005005
040190005007
040190006001
040190006002
040130610202
040130610231
040130610252
040130610275
040130610303
040131056012
040131057022
040130610341
040190040113
040190044111
040190044122
040190026042
040190047153
040190040382
040199409001
040190041071
040190041161
040190046391
040159531002
040190035031
040190040521
040190046201
040190021002
040190025031
040190025032
040131160002
040134215021
040134225021
040132180001
040133196003
040131051011
040131089011
040135230032
040131167024
040131157003
040133194011
040134212021
040132176001
040134224013
040131132022
040131118001
040130927052
040134222094
040131167084
040131158021
040132169011
040132176003
040134222171
040135229011
040134222162
040190025042
040190025051
040190025061
040190026041
040190026021
040190026022
040134213021
040132176002
040134223091
040131125051
040133198003
040131032081
040131153002
040131116023
040131069002
040131032104
040130926001
040131032121
040130506031
040131036122
040130612003
040130612002
040130820071
040130719094
040130716002
040159526003
040135230034
040131167192
040131167102
040131167025
040190025012
040190025013
040190045083
040190024001
040190024002
040190024003
040190024004
040190035022
040190035024
040130715132
040130716001
040130718011
040131042035
040131042042
040131042051
040131042053
040131042054
040131054001
040131054002
040131054003
040131056011
040131056022
040131056023
040131089012
040131089013
040131089021
040131089023
040131148002
040131149001
040131149002
040131167291
040132168061
040132168062
040133199054
040133199061
040133199062
040133199071
040133199072
040133199081
040133199091
040133199101
040133199102
040133200011
040133200012
040134223021
040134223023
040134223024
040134223042
040134223051
040134223052
040134223053
040134223071
040134223072
040134223073
040134223074
040190038022
040190038023
040190039011
040190039021
040190039022
040190039031
040190037072
040190043121
040190043122
040190043123
040190043124
040190043172
040190046133
040190046141
040190046142
040190046151
040190046152
040190046161
040019705012
040131140001
040131042222
040131042022
040130820092
040130715041
040132168191
040134218011
040130719105
040130715051
040130718023
040133189004
040131161001
040135230022
040134225101
040134205011
040132177002
040134221052
040131104001
040131133002
040131144022
040131072012
040131116022
040130405021
040131033022
040131032101
040134226322
040134226401
040134226402
040131125042
040131160001
040134223081
040132181001
040132170016
040131092003
040131101002
040131084003
040131036094
040131112012
040131111003
040134218022
040130719035
040139806001
040136136001
040136137002
040136143001
040136145002
040136152001
040136156002
040136165001
040136170005
040131033051
040131070004
040130923084
040131101004
040131032062
040130820102
040130927092
040131063003
040131069003
040131074003
040131099002
040131032161
040132178004
040131032072
040131088021
040210011002
040219412003
040250006061
040131167151
040131167152
040131167171
040131167181
040131167191
040131167193
040132177001
040132177003
040132178001
040132178002
040132178003
040132179001
040132179003
040132180003
040132180004
040132181002
040132182001
040132182002
040132182003
040132182004
040134211021
040134211022
040134211023
040134212011
040134212012
040134212013
040134212022
040134212023
040030008003
040030009021
040030009022
040030011001
040030011003
040190040081
040190040082
040070010001
040070001001
040070005003
040070008002
040070001003
040070009002
040070013001
040070003022
040070001002
040070003021
040079402001
040070006001
040190044151
040190044152
040190028012
040190029011
040190029012
040190029013
040190029014
040190029015
040190029061
040190029041
040190029042
040190029043
040159517001
040159517002
040159530002
040159531001
040210019002
040210004003
040210004004
040210003112
040210003132
040210023003
040159517003
040159517004
040159518001
040159518002
040190040116
040190040702
040190040312
040190040432
040190040532
040190040573
040159516021
040130610091
040130610092
040130612001
040130613001
040239664021
040239664023
040239661052
040239661053
040239664022
040131036051
040131036052
040131036053
040131036054
040131036061
040131036062
040131036063
040131127001
040131127002
040131127003
040131129001
040131129002
040131130001
040133187001
040133188003
040133188004
040133189001
040133189002
040133189003
040134218021
040134219011
040134219021
040134219022
040134220011
040134220012
040134220021
040134220022
040134221022
040134221023
040134221031
040134221032
040134221041
040134221042
040250019003
040250021001
040190046191
040190020005
040190035015
040190005004
040190013031
040130715063
040130715064
040130715091
040131039001
040131039003
040131040001
040131040003
040131041001
040131126011
040131167252
040131155002
040131106002
040133196001
040131051021
040132168291
040131139001
040131140002
040131141001
040131143011
040131167194
040131167201
040131167202
040131167212
040131167251
040131167253
040133196004
040133197031
040133197033
040133197041
040133198001
040133198002
040134222122
040134222123
040134222131
040134222132
040190040261
040190040262
040190037022
040190037023
040190040115
040190041121
040190041122
040190043071
040190045131
040190046103
040190045042
040190035011
040190035012
040190035014
040130715092
040130715093
040130715101
040130715102
040130715103
040130715111
040130715122
040130715123
040130715124
040130715131
040131041002
040131041003
040131041004
040131042023
040131042031
040131042032
040131042033
040131042034
040131051033
040131052001
040131052002
040131086024
040131143021
040131143022
040131144021
040131145002
040131145003
040131146001
040131167254
040131167271
040131167272
040131167281
040133199021
040133199022
040133199031
040133199032
040133199033
040133199034
040133199041
040133199042
040133199043
040133199051
040133199053
040134222161
040134222163
040134222172
040134222181
040134222191
040134222192
040134222201
040134222202
040134223011
040134223012
040134223013
040190037024
040190037041
040190037042
040190037051
040190037052
040190037053
040190038011
040190038012
040190038013
040190038014
040190038021
040190043072
040190043073
040190043074
040190043101
040190043111
040190043114
040190036005
040190046472
040190046473
040190046131
040190046132
040190037061
040190037062
040199408001
040131033024
040131033061
040131039004
040131042182
040131162022
040131167122
040130718012
040130718014
040130718021
040130718022
040130718024
040130719031
040130719032
040130719034
040130719036
040130719037
040131042061
040131042062
040131042063
040131042072
040131097022
040131097031
040131097041
040131097051
040131098021
040131098022
040131099001
040131099003
040131099004
040190026024
040190027041
040190026023
040190027021
040190027022
040190027023
040190028011
040190028022
040190028031
040190028032
040210003152
040159538003
040210017052
040210017053
040210017082
040210017071
040210017061
040210017031
040210002121
040210002101
040210014081
040210002082
040159515013
040159515012
040159529001
040159529002
040159529003
040159530001
040190040421
040190040422
040190044182
040190044191
040190044192
040190045041
040190045045
040030005001
040030006001
040030006002
040030008002
040079404002
040130715031
040130715032
040130715033
040130715034
040130715042
040070001004
040070011001
040079404001
040070010005
040070012001
040070010002
040070006002
040070004003
040070007001
040070002001
040079404004
040070002003
040070003023
040070003012
040130715043
040131036071
040131036072
040131036081
040131036082
040131036092
040131036113
040131131001
040131132011
040131132012
040131132021
040131132031
040131132032
040131133001
040131134001
040133190001
040133190002
040133191011
040133191012
040133193001
040133194012
040133194013
040133194014
040133194015
040134221043
040134221044
040134221051
040134221061
040134221062
040134221071
040134221072
040134222031
040134222032
040134222033
040134222041
040130715044
040130715052
040130715053
040130715054
040130715061
040130715062
040131036121
040131036141
040131036142
040131036151
040131100012
040131036152
040130718016
040135230063
040131136011
040131136022
040131137002
040131137004
040133194021
040133194022
040133194031
040133194032
040133194033
040133194041
040133194042
040133195001
040133195002
040133195003
040133195004
040133196002
040131100011
040131100021
040131101001
040131101003
040050010002
040059452002
040019442011
040019449013
040130608022
040130609011
040130609012
040130609013
040130609023
040130609031
040130609032
040130609033
040130609034
040130609041
040130609042
040130610093
040130610094
040130715171
040130820122
040130820171
040130820172
040130820182
040130820261
040131036111
040131050043
040131097042
040131125093
040131137001
040131166063
040136176002
040136183001
040131166121
040131166122
040131166123
040131166131
040131166132
040131166133
040131167172
040131167203
040132168421
040135228001
040135231043
040135229031
040135229033
040130610311
040130610432
040130719143
040136198003
040136199002
040136199003
040138100001
040138101001
040138101002
040050011024
040050010003
040138102001
040138102002
040138103001
040130405262
040130405263
040130405271
040130405272
040130405281
040134226311
040134226312
040134226321
040134226341
040134226342
040134226361
040134226362
040134226371
040134226372
040130507022
040130610152
040134226381
040138124002
040138127002
040138127003
040138128001
040138129001
040138130001
040136189002
040136195003
040137233031
040138101003
040138101004
040138112001
040135229043
040135230064
040135231034
040136100003
040130506112
040131065011
040131067021
040131108011
040131172002
040130609022
040131042223
040130610141
040131122023
040131137005
040134226462
040050011022
040130608021
040130610101
040130610102
040130610103
040130610111
040130610121
040130610123
040130715172
040130719142
040130924012
040132168192
040130715162
040132168293
040132168382
040135229032
040130923062
040138111001
040130101022
040130304011
040131047021
040131050042
040131068013
040131171002
040134216023
040132168312
040132172043
040131167282
040136148001
040136148003
040136153001
040136154001
040136154002
040136155001
040136156001
040130830001
040130924013
040130924021
040130927203
040130930023
040130932002
040130614011
040130614012
040130715143
040130923052
040130923074
040138103003
040138104001
040138104003
040138104004
040138105001
040138105002
040138106001
040138106002
040138106003
040138106004
040138107001
040130405282
040130405283
040130610183
040130610192
040130610193
040130610201
040130610203
040130610211
040130610221
040130610222
040130610223
040130610232
040130610233
040130822031
040130822032
040130822033
040130822041
040130822042
040130822051
040130822052
040130822061
040131032105
040136170003
040136174001
040136174004
040136174005
040136175001
040136175003
040136176001
040136177001
040136177003
040136178001
040132168461
040132168462
040132168463
040132168464
040132168471
040132168522
040132168531
040132168532
040132168533
040132168534
040132175013
040132175021
040133190003
040133190004
040133191044
040133192011
040133192013
040133192014
040133192021
040131115023
040131129003
040131135011
040131152001
040131167081
040131167141
040131167312
040131170001
040131173001
040136136002
040136136003
040136137001
040136137003
040136139002
040136139003
040136143002
040136144001
040138140001
040138162002
040138166001
040138118002
040136133002
040137233061
040135229041
040136100002
040136101001
040136102004
040136107003
040136109002
040136113001
040136124002
040136108001
040138145003
040138146002
040136110001
040136111002
040136112001
040136112002
040136113002
040130610182
040130610234
040130610251
040130610253
040130610261
040130610262
040130610271
040130610272
040130610273
040130610274
040131032191
040131032202
040131032203
040131036043
040131036073
040131036074
040131036112
040136178002
040136179001
040136179002
040136180001
040136180002
040136180003
040136181003
040136182001
040136185002
040136185003
040130717011
040132168472
040132168482
040132168483
040132168491
040133194034
040133198005
040133200014
040133200024
040134201042
040134201053
040134201071
040134205042
040134206023
040134207041
040134207043
040134207062
040134207063
040134207102
040134208004
040134211013
040134211025
040134213032
040134213033
040134215013
040134217011
040136144003
040136145001
040136145003
040136145004
040136146001
040136146002
040136146004
040136146005
040136146006
040138147001
040138147002
040138148001
040138148002
040138149001
040138149002
040138150001
040138150002
040138150003
040136114001
040136114002
040136114003
040136115002
040136115003
040130610291
040130610292
040130610293
040130610294
040130610301
040130610302
040130610321
040130610322
040130610323
040130610324
040130610331
040130610332
040131036123
040131036124
040131037022
040131037023
040131042151
040131042264
040131055021
040131055022
040130717022
040130717023
040130717024
040130717025
040130719121
040130719122
040130719131
040130719132
040130719133
040130719141
040132168492
040132168501
040132168502
040132168503
040132168512
040132168521
040136186001
040134201073
040134201081
040134201091
040134201092
040130405075
040134217012
040134218023
040134219012
040134220023
040134221033
040134221045
040134221063
040134222095
040134222164
040134222182
040136149001
040136149002
040136150001
040136150002
040136150003
040138146003
040138151002
040138131001
040138152001
040138152002
040138153001
040138153002
040138154001
040136116001
040136116002
040136117001
040136117003
040136119002
040190040431
040190040441
040190040442
040190040461
040190040462
040190040471
040190038024
040190045051
040190045052
040190045061
040190045062
040190045063
040199410002
040190009001
040134222042
040134222051
040134222092
040134222093
040134222101
040134222102
040134222103
040134222112
040134222121
040190040112
040190040114
040190040572
040190040581
040190041101
040190041102
040190045121
040190045123
040190045082
040130405284
040131068011
040131068012
040131068021
040131068022
040131075001
040131076011
040134226382
040134226391
040134226392
040134226403
040134226404
040134226411
040134226412
040134226413
040138133001
040138133002
040138134001
040138134002
040138135001
040138135002
040138136001
040138137001
040138137002
040136100004
040136102001
040136102003
040136104001
040136103001
040050011013
040130610131
040130610132
040134205032
040134207081
040134213042
040134226271
040131042214
040131043011
040131043022
040133197053
040134201152
040134215011
040136149003
040136170002
040138114001
040138132002
040131098023
040136166004
040130924011
040130405161
040133198004
040130820221
040130820222
040136157001
040136157002
040136158001
040136158002
040136158003
040136159001
040136159003
040136160001
040136160002
040130923093
040130931014
040131089022
040131089024
040131098011
040131098012
040131111002
040131113003
040131123011
040131127004
040131136021
040132168422
040138107002
040138107003
040138107004
040138108002
040138109003
040138109004
040138110001
040138110002
040138116001
040138116002
040131076012
040131076021
040131079003
040131080001
040131083011
040131083012
040131084001
040131085011
040131085012
040131085021
040131086023
040131090011
040131090012
040134226421
040134226422
040134226423
040134226431
040134226432
040134226441
040134226442
040134226443
040138130002
040138132001
040138138001
040138138003
040138139001
040138139002
040050013013
040138139003
040136103002
040136185001
040136105001
040136105002
040136105003
040190043251
040070003011
040050010001
040050012002
040050013023
040050023001
040050015004
040059422022
040130610124
040131048012
040130610142
040130610153
040130610171
040130610181
040130820231
040130820232
040130820233
040130820241
040130820242
040130820251
040130820262
040130820271
040130820272
040136162001
040136162002
040136164001
040136164002
040136164004
040136166001
040136166003
040136167002
040136167003
040136168001
040136168002
040136168004
040132168432
040132168433
040132168441
040132168442
040132168451
040132168452
040138116003
040130101013
040139413003
040130304013
040130304022
040131167091
040131167092
040131090032
040131091011
040131091012
040131091021
040131092002
040131105011
040131105012
040131105013
040131105021
040131106001
040131108021
040131108022
040131109011
040131110003
040131110005
040136133004
040136133005
040136134001
040136134002
040136135001
040136135002
040138140002
040138140003
040138141001
040138141002
040138144001
040138144002
040138145001
040138145004
040138155003
040136106002
040136106003
040136106004
040136107001
040136109003
040270011003
040270006003
040270116003
040270115011
040270012001
040210002122
040210006032
040210006042
040210002134
040210002111
040210002093
040134225064
040134225073
040135229012
040139412001
040139413001
040130405022
040130719101
040130719102
040130719103
040130719111
040130820021
040130820022
040130820023
040130927091
040130927101
040130927102
040130927111
040130927112
040130927121
040131042172
040131042173
040131042181
040131042183
040131042191
040131042192
040131042212
040131042221
040131042231
040131064001
040131064002
040131107012
040131107022
040131110001
040131162051
040131162052
040131163001
040131163002
040131163003
040131164001
040131164002
040131164003
040131165001
040131165002
040131165003
040132168161
040132168162
040132168163
040134201041
040134201051
040134201052
040134202022
040134225082
040134225091
040134225092
040134225102
040134225111
040134225121
040134225141
040139413002
040130718015
040131040004
040131123024
040131129004
040132171013
040210002092
040210002053
040210002054
040210002051
040210002052
040210002091
040210002102
040210002103
040210002112
040190040322
040190040323
040190040331
040190040341
040190040342
040190040351
040190040352
040190040353
040190044042
040190044043
040190046351
040190046352
040190046361
040190046362
040190047172
040210021032
040210021031
040210020033
040210006031
040210002072
040210016004
040210022004
040219412002
040210003161
040210003181
040210003172
040210003171
040210003151
040210002141
040210002142
040210002131
040210002143
040210002132
040210002133
040130405061
040130405062
040130405063
040130405064
040130405071
040130820091
040130820101
040130820121
040130927122
040130927131
040130929001
040130929002
040131042232
040131042241
040131042242
040131042243
040131042244
040131042251
040131042252
040131042253
040131042261
040131042262
040131042263
040131042271
040131069001
040131069004
040131070001
040131070002
040131070003
040131071011
040131110002
040131110004
040131111001
040131112011
040131112013
040131112021
040131166021
040131167021
040131167023
040139807001
040132168181
040132168182
040132168201
040131048011
040134202061
040134202071
040134202072
040134202081
040134202091
040134202092
040134202093
040134202111
040133184001
040239663021
040239664011
040239664012
040190044112
040190044131
040190044141
040190047181
040190047192
040190047201
040190040731
040210009011
040210008032
040210020032
040219413002
040210013052
040210013062
040210013063
040210014031
040210014033
040210017062
040210017032
040210017042
040210017102
040179606001
040179605001
040179601002
040179613001
040159515011
040159516011
040159516013
040210013031
040210003164
040210009012
040210003162
040210003082
040210003081
040210003142
040120202011
040138141003
040138145002
040138151001
040138154002
040138158002
040138164001
040131040002
040134215022
040130719033
040131032162
040131058004
040131122012
040131042213
040130719063
040130612004
040131032163
040132174002
040131045023
040131042155
040130506032
040138175001
040139801001
040138118001
040138165002
040136100001
040134214001
040134224011
040133188002
040131104002
040131086022
040131148001
040131039002
040131113002
040131058003
040130931011
040134202023
040131045012
040131052003
040131032102
040131072021
040131137003
040132173003
040130715094
040130719104
040120206022
040120202012
040136183002
040136189001
040138176001
040135230024
040137233052
040136102002
040136105004
040136106001
040136107004
040136111001
040136115001
040136119001
040136120001
040136122001
040136123001
040136130002
040131066001
040132183002
040131042152
040139410001
040131042073
040131042071
040130927132
040130718013
040129403003
040159518003
040159519001
040159519002
040190040713
040190040693
040190040694
040050005005
040190040102
040050013022
040250006071
040250021002
040250020021
040270004022
040270004023
040270006001
040270006002
040270006004
040270006005
040030003032
040030008001
040030007001
040030009013
040030009012
040030021003
040030018004
040030019001
040159539001
040159504023
040159517005
040179653004
040210003131
040210003182
040210003183
040210021021
040210021014
040210021012
040030013002
040210010001
040210020031
040210017112
040210023002
040190040383
040199407002
040199406001
040190040582
040190040583
040190040631
040190040651
040190041191
040190041131
040190041141
040190043302
040190043271
040190044301
040190046332
040190011001
040190043221
040190047162
040190043163
040190046381
040190047122
040190047112
040190040332
040190044281
040199406002
040190047212
040159516023
040159534013
040159534012
040159507042
040159507043
040159507061
040179403011
040179400082
040179613003
040179400153
040179403012
040190040293
040190044121
040190041093
040190023007
040190047111
040190028023
040190045043
040190012001
040190041151
040190041072
040190046432
040190043272
040133201001
040134201101
040130507023
040130608012
040130608013
040130608014
040136147002
040130614021
040130614022
040130715141
040130715142
040130715151
040130715152
040130715153
040131166062
040131166071
040131166081
040131166082
040131166091
040190030042
040190030021
040190030022
040190030023
040131166092
040131166102
040131166111
040131166112
040132168373
040132168383
040132168391
040132168392
040132168393
040132168401
040132168402
040132168403
040132168411
040132168412
040130405241
040130405242
040130405252
040130405253
040130405254
040130405255
040130405256
040130405261
040134213031
040134217013
040134217021
040134217022
040134222212
040134222221
040134222222
040134226061
040134226262
040134226281
040134226292
040138125001
040138126001
040138126002
040138126003
040138127001
040136126002
040136138001
040136146003
040136147003
040136163001
040136167001
040136181001
040136182002
040136184001
040136184002
040136186002
040190030024
040190031011
040190031013
040190031014
040190031015
040190031016
040190031021
040190031022
040190031023
040190031024
040190032001
040210003071
040210012002
040219412001
040210008023
040210016001
040190047102
040190032002
040210003083
040210004002
040210003191
040210003141
040210002012
040210012001
040210002011
040210024002
040210015002
040210007002
040210010002
040019705013
040190032004
040190032005
040190032003
040190032006
040159530004
040134202101
040134223082
040134225034
040134225131
040190040711
040190040721
040135230061
040190035023
040190035025
040190040681
040190043301
040190044302
040190043131
040190040513
040190043102
040190044271
040190045122
040190045133
040190045101
040190008001
040190040531
040190043113
040190012002
040190043312
040190043282
040190004001
040190044261
040190005006
040190047182
040190044041
040159539002
040159536011
040159520021
040190047191
040190015001
040190046322
040190043134
040190043223
040159529004
040159527001
040159507041
040159549001
040159526002
040159549002
040159531003
040159507053
040159527002
040190044253
040190044232
040190044242
040190044312
040190044132
040190044213
040190044222
040190044224
040190044212
040190045102
040190045111
040190045113
040190046441
040190046451
040190046364
040190046411
040190047252
040190046452
040190046102
040190046453
040190046461
040190046272
040190046312
040190046363
040190047193
040190047194
040190047213
040190047233
040190041251
040190023004
040190023005
040190023006
040190027031
040190027032
040119602001
040250006092
040250006062
040250008012
040250009001
040250009003
040250011021
040250015003
040250016022
040250018021
040250020031
040250020011
040250020022
040099611002
040099612013
040250010021
040250010012
040250011022
040131167142
040050013012
040050013011
040059452003
040059422023
040050001003
040050020002
040059451004
040050008003
040050022001
040059422011
040059422021
040190045044
040250014031
040250010023
040250006102
040250020013
040250014022
040250017021
040159532002
040179652001
040179638002
040190025011
040250020044
040250002044
040250002022
040250016033
040250020042
040250020023
040250017012
040250017031
040250004021
040250006081
040250016023
040250005002
040250017032
040190040491
040190040492
040190040501
040190040502
040190040511
040190040541
040190040542
040190040552
040190040263
040190040472
040190040473
040190040481
040190040482
040190040483
040030012003
040030020011
040030020013
040030007003
040030019003
040030003011
040030018003
040030016023
040210021013
040210017091
040210017092
040210017101
040210017111
040210017081
040210013043
040210013042
040030020022
040030020021
040030014012
040030013001
040030016013
040030017022
040210014072
040210014053
040210013011
040210015003
040210013061
040210014041
040210013054
040210014063
040030015011
040030016012
040210014062
040210014071
040210002071
040210002042
040210014042
040210014051
040210013044
040210014061
040210020012
040210013041
040131057011
040131057021
040131058001
040131059001
040131059002
040131092001
040131093001
040131093002
040131093003
040131094002
040131094003
040131094004
040131095001
040131152002
040131153001
040131154001
040131154002
040131155001
040131156001
040131157001
040131157002
040131158011
040131158022
040132168071
040132168072
040132168073
040132168091
040132168101
040133200013
040133200021
040133200022
040133200071
040133200072
040133200074
040134223083
040134223092
040134224012
040134224021
040134224022
040134224023
040134224031
040134224041
040134224042
040134225011
040134225012
040134225013
040134225022
040135230021
040135230031
040135230051
040135230052
040190039032
040190040291
040190043173
040190043311
040190043322
040190040741
040190046171
040190046172
040190046181
040190046182
040190046192
040210017022
040210017072
040210017041
040210021011
040210002061
040210002073
040190043112
040190043291
040190034002
040132169022
040132171011
040132179002
040133197032
040134202021
040134205013
040134209021
040134214002
040134221021
040134222091
040134222151
040134223022
040130719061
040130719062
040130719091
040130719092
040130719093
040131042122
040131042124
040131042142
040131042153
040131042154
040131042161
040131042162
040131042163
040131042171
040131061001
040131061002
040131061003
040131061005
040131062001
040131062002
040131063001
040131063004
040131095002
040131096013
040131096021
040131097021
040131100022
040131106003
040131107011
040131159001
040131159002
040131160003
040131161002
040131161003
040131162021
040131162023
040131162024
040131162031
040131162032
040131162041
040131162042
040131162043
040132168131
040132168132
040132168133
040132168134
040134225031
040134225032
040134225041
040134225061
040134225062
040134225063
040130405072
040130405073
040130405074
040130931012
040130931013
040131042272
040131045013
040131045021
040131045022
040131071012
040131071021
040131071023
040131072011
040131073001
040131073002
040131073004
040131074001
040131074002
040131074004
040131074005
040131074006
040131075002
040131112041
040131113001
040131113004
040131113005
040131114011
040131114021
040131115011
040131115021
040131167031
040210002055
040210002113
040219414003
040210013053
040210013015
040210017051
040210017021
040210007001
040210019001
040210023001
040210008031
040210024003
040210011004
040131167032
040131167041
040131167042
040131167043
040131167071
040131167072
040132168212
040210002041
040132168221
040134202121
040134203022
040134203031
040134203041
040134226071
040134226072
040134226091
040130610281
040131053001
040131053003
040131056021
040131057012
040131066002
040131075003
040131086012
040131088022
040131106004
040131114012
040131114022
040131071022
040131085024
040131090023
040131090031
040131090033
040131090034
040131094001
040239661054
040239661055
040239661041
040239663011
040239661056
040239661044
040239663012
040239661051
040239663013
040019705022
040019426002
040019442022
040019442021
040131094005
040131096032
040131096034
040131097023
040131097032
040131097052
040131122021
040130719151
040130820083
040130820161
040130820181
040130820191
040130820192
040130820201
040019449011
040130820202
040130820211
040130820282
040130822081
040130924023
040136186003
040136187001
040136187002
040136188002
040136188003
040136188004
040136190001
040136193001
040136194001
040136195001
040136195002
040136196001
040136197001
040136197003
040130405121
040130405131
040130405141
040130405171
040130405182
040131032192
040131032201
040131037011
040190047202
040190047211
040190047231
040131037012
040134222211
040134222213
040134223054
040134223093
040134224032
040134224033
040134225023
040134225024
040132168311
040136151001
040136151002
040136152002
040136152003
040136155002
040138154003
040138155001
040138155002
040138156001
040138156002
040138157001
040138157002
040138158001
040138159001
040136123002
040136123003
040136123004
040136124001
040136124003
040179423002
040179602001
040179401001
040179602003
040179425001
040179601001
040179604004
040179424001
040179400102
040179604001
040179424002
040179606002
040130927081
040130405286
040130405291
040130405292
040130405293
040130405294
040130405301
040130405313
040130405314
040134226223
040130610333
040130610342
040130610343
040130610344
040130610351
040130610353
040130610354
040130610361
040130610362
040130610371
040130610381
040130610382
040130610383
040130610391
040130820081
040130820082
040130822071
040130822072
040130822082
040130822091
040130822092
040130822101
040130822111
040130822112
040130927151
040130927152
040130927153
040130927161
040130927163
040130927171
040130927172
040130927181
040130927182
040130927201
040130927202
040130927204
040130927231
040131037013
040131037021
040131042021
040131042052
040131042141
040131042211
040131044011
040131044012
040131044021
040131047011
040131047012
040131047013
040132168321
040132168322
040132168341
040132168342
040132168351
040132168352
040132168361
040132168362
040130923051
040130923061
040131032052
040131032061
040131032071
040131032082
040131032083
040131032091
040131032093
040131046001
040131046003
040136155003
040136156003
040136133003
040136161001
040136161002
040136161003
040136164003
040138159002
040138160001
040138160002
040138160003
040138161001
040138161002
040138161003
040136125001
040136125003
040131077002
040131077003
040131077004
040131077005
040131078001
040131078002
040136127001
040136129001
040136129002
040136131001
040131115024
040131116011
040131116012
040131116021
040131117001
040131117002
040131117003
040131117004
040131118002
040131118003
040131119001
040131119002
040131119003
040131167082
040131167083
040132168261
040132169012
040132169013
040132169021
040132170011
040132170012
040132170013
040134205012
040134206021
040134206031
040134206032
040134206041
040134206042
040134226092
040134226101
040134226102
040179604002
040179604003
040179606003
040134226241
040134226242
040134226251
040134226252
040134226253
040134226261
040134226282
040134226291
040134226301
040134226302
040134226331
040130610393
040130610401
040130610402
040130610403
040130610411
040130610413
040130610414
040130610421
040130610422
040130610423
040130610431
040130610441
040130822113
040130830002
040130830003
040130923111
040130923112
040130923122
040130923123
040130923124
040130925004
040130927191
040130927192
040130927212
040130928011
040130927232
040131035022
040131167283
040131167292
040131167293
040131167311
040131047022
040131047024
040131049002
040131050031
040131050032
040131051023
040131052004
040131055012
040131055032
040132172032
040132172033
040132172034
040132172041
040132172042
040132175023
040132183001
040133188001
040133191031
040133191032
040133191033
040133191041
040133192012
040133192022
040136164005
040136165002
040136169001
040136169002
040136169003
040136170001
040136170004
040136171001
040136171002
040136172001
040138162001
040138163001
040138163002
040138163003
040138164002
040138164003
040138167001
040136131002
040136131003
040136132001
040136132002
040136132003
040130923063
040130923064
040130923071
040130923072
040130923073
040130923081
040130923082
040130923083
040130923091
040130923092
040130923094
040131032094
040131032103
040131032111
040131032112
040131032113
040131032122
040131032141
040131032142
040131032143
040131048021
040131048023
040131048024
040131048025
040131049001
040131049003
040134226351
040134226393
040131043021
040131055011
040131060011
040131060021
040131065012
040131065022
040131079001
040131079002
040131121001
040131121002
040131121003
040131122011
040131123012
040131123013
040131123021
040131167101
040131167103
040131065023
040134226461
040134226463
040134226464
040130610442
040130610443
040130610451
040130610452
040130610453
040131167111
040131167112
040131167121
040132170014
040132170015
040132170021
040132170022
040132170024
040132171012
040132171021
040132171022
040132172011
040132172012
040130610461
040130928012
040130928013
040130928014
040130931042
040130932001
040130932003
040131123025
040131124023
040131125034
040131125055
040131125072
040131125091
040131125101
040134207042
040134207051
040134207052
040134207061
040134226151
040134226161
040134226171
040134226181
040131125102
040131167321
040131167322
040132168092
040132168093
040132168183
040132168184
040132168185
040131055033
040131060022
040131060031
040131060032
040131065021
040131067011
040131067013
040131067031
040134201102
040134201111
040134201112
040134201113
040134201122
040133197051
040133197052
040133197061
040133197063
040133200073
040133201002
040134225042
040134225043
040134225093
040136172002
040136173001
040136173002
040136173003
040136174002
040136174003
040136175002
040136175004
040136176003
040138168001
040138168002
040138169001
040138169002
040138170001
040138170002
040138171001
040138171002
040138171003
040179648002
040179613002
040179625002
040179403021
040179425002
040179400141
040179400132
040179602002
040130506102
040130506103
040131076022
040131083013
040131083021
040131083022
040131108012
040131108013
040131109012
040131109021
040131109022
040131125092
040136133001
040136138002
040136139001
040136140002
040136140003
040136141001
040136141002
040130405142
040130405302
040130405311
040130507011
040130507012
040130507021
040130610122
040130931062
040130931063
040130405181
040130506091
040130506111
040130609043
040130610161
040131036093
040131045011
040131063002
040134205031
040134205041
040130405183
040130405184
040130405185
040130405192
040134226212
040134226213
040134226221
040134226222
040134226231
040134226232
040134201153
040134201163
040134202131
040134202141
040138104002
040138109001
040138109002
040138113001
040138113002
040138114002
040138114004
040138117001
040138117003
040138119003
040138122002
040138138002
040138142001
040138142002
040138143001
040138143002
040138146001
040270007002
040270007003
040270008001
040270008002
040270008003
040270008004
040270008005
040270009011
040270009012
040270009022
040131135012
040131135021
040131168001
040131168002
040131169001
040131170002
040131170003
040131171001
040131172001
040136141003
040136141004
040136142001
040136142002
040136142003
040136143003
040136144002
040130927051
040131033031
040131033032
040131033033
040131033041
040131033042
040131033052
040131033062
040131034001
040131034003
040131035011
040131051022
040130610241
040130715161
040131162033
040131166031
040131166032
040131166041
040131166042
040131166052
040131166061
040132168223
040131051024
040131051031
040131051032
040132168262
040132168264
040132168301
040132168302
040132168331
040132168332
040132168333
040132168371
040132168372
040130405193
040130405201
040190047151
040190047152
040190047161
040190047171
040131167022
040134225014
040132170023
040131144011
040131042224
040130405024
040131033043
040130715121
040131084002
040131084004
040130405221
040130405222
040130405223
040130405231
040134202142
040134202151
040134203011
040134204022
040190040551
040131084005
040131086011
040131086021
040134207082
040134207091
040134207092
040134207093
040134210011
040134210012
040134210021
040137233082
040138119004
040138121002
040138121003
040138122001
040138122003
040138122004
040138123001
040138123002
040138124001
040138165001
040138172003
040138174001
040138174002
040136117002
040136118003
040136125002
040019705011
040019705014
040210003091
040210003084
040210003092
040210003111
040210003121
040210003122
040190033042
040210003101
040210003102
040210003153
040190047222
040210014032
040159404001
040159550001
040159504021
040159532003
040159534011
040159524001
040159504011
040159536021
040159514011
040159518004
040159525003
040159526001
040159532001
040159533002
040159504022
040159520022
040159550003
040159514023
040159514022
040159534022
040159520011
040159520031
040210015001
040190043281
040190025033
040190025041
040190041252
040190013033
040190013042
040190013043
040190018013
040190018014
040190018015
040190018021
040190020007
040190029051
040190029052
040190029054
040190030031
040190030033
040190033031
040190029053
040190033032
040190037071
040190040671
040190040672
040190040692
040190040701
040190040703
040190041171
040190041172
040190041221
040190041153
040190043331
040190044071
040190044072
040190045081
040190045132
040190045112
040190046101
040190046471
040190047251
040190052001
040190052003
040190052004
040190053001
040190018011
040190018023
040190020006
040190022022
040190022011
040190027033
040190030032
040190030041
040190004002
040190006005
040159506004
040159506003
040159548003
040159548001
040159528001
040159525001
040159548002
040159533001
040159528002
040159501003
040190033033
040190040683
040050011012
040190035021
040250010022
040159534021
040159515021
040159538002
040159501001
040159504012
040159405012
040159550002
040159520023
040159505001
040136104002
040159533003
040250002031
040250008021
040250002042
040250004011
040250004012
040250002023
040250016021
040250018022
040250005001
040250006091
040250013001
040250014021
040250010014
040250008022
040250006082
040250006041
040250006052
040250014032
040250011023
040250002024
040159534014
040159525002
040159507052
040120206021
040129800001
040129402002
040250018011
040250015001
040250011012
040250007001
040250014023
040250009004
040250006051
040250015002
040250011011
040250003001
040250019001
040250007002
040250020041
040099612022
040120205023
040129402001
040159507032
040159507031
040250014011
040250018023
040250009002
040250006043
040250018012
040250008011
040250012001
040250011013
040250019002
040250002032
040250003002
040250020012
040250008013
040250012002
040250007003
040250010011
040190011002
040019449012
040019449014
040019451002
040019450012
040019443005
040019441003
040019449024
040019449023
040019705021
040019440001
040019440002
040190040222
040159506005
040250016012
040250017011
040250020032
040250017013
040250017022
040250002043
040250006101
040250020043
040250006072
040250017023
040250016031
040250002041
040250019004
040250004022
040250004013
040099612023
040099613001
040131167211
040131166022
040131042041
040131152003
040133187002
040131107021
040131077001
040131034002
040131046002
040131081001
040179617002
040179400131
040179400142
040179400101
040179403013
040179617003
040132168211
040131032051
040131061004
040131053002
040131032123
040131059003
040131032106
040131126012
040179400112
040179653003
040179653001
040179423001
040179400111
040179642011
040179400113
040179653002
040179401002
040179403022
040179642021
040179400121
040179400103
040179423003
040179638001
040179633003
040179400143
040179617001
040179642012
040179400152
040119601001
040119602003
040059452001
040250012003
040050013021
040050011011
040059450002
040059449001
040059422013
040050006003
040059450001
040059449002
040050022004
040050016002
040190040682
040190033041
040190036003
040190040712
040190040621
040190021001
040136130001
040019702003
040019442013
040019450014
040019441002
040019449022
040019443003
040019440003
040019427002
040019450023
040019443001
040019427001
040019702001
040019427003
040019441004
040019441001
040019443002
040019702002
040019449021
040019427004
040019441005
040019443004
040019449015
040019450011
040019451001
040019703001
040019703002
040019703003
040019450021
040159524002
040159528003
040159530003
040130405023
040099613004
040099614002
040099614003
040099614001
040099615001
040099616001
040099616002
040099616003
040099611003
040099617001
040030002024
040030002031
040030003021
040030004001
040030003022
040030014013
040030013004
040030005003
040030009014
040030003012
040030017031
040030020023
040030014023
040190043171
040190043321
040190044193
040250002021
040190035042
040190035043
040190036001
040159536023
040159501002
040159519003
040159514012
040159514021
040190040083
040190040084
040190040085
040190040101
040190040103
040190040111
040190037063
040190040732
040190040254
040190040641
040190040661
040190041201
040190041142
040190043133
040030012002
040030015021
040030015023
040030015022
040030015012
040030015013
040030016021
040190040561
040250016011
040250006053
040190022012
040190022013
040190025043
040190046252
040190046261
040190046281
040190046282
040190025052
040190025053
040190025062
040190025063
040190046243
040190046251
040190046311
040190046321
040190046331
040190046301
040030016022
040030016024
040030017013
040030017012
040030018001
040030018002
040030002023
040030019002
040030020012
040030021001
040030002021
040030017011
040030003031
040030003033
040190040571
040190046231
040190046232
040190046241
040190046242
040190025014
040190047113
040190047121
040190047123
040190047132
040099611001
040099405003
040099613003
040099617002
040099405001
040099615002
040099614004
040190047133
040190047141
040190047143
040190047144
040190047145
040190027042
040190026031
040190033043
040190036004
040050004004
040050015003
040050003003
040050003004
040050004001
040050004002
040050004003
040050004005
040050005003
040050005004
040050006004
040050007001
040050008002
040190040512
040190043261
040190043231
040190043242
040190044251
040190044272
040190044211
040190047262
040190044291
040190052002
040190047103
040190047221
040190041181
040190041211
040199408003
040190025064
040190036002
040050009003
040050023004
040050021001
040050021002
040050021003
040050011023
040050011021
040030012001
040030001002
040030011002
040030007002
040030001001
040030002012
040030021002
040030016011
040030017021
040030013003
040030010002
040030010001
040030005002
040030002011
040190043241
040190044252
040190044231
040190044241
040190044311
040190044221
040190044223
040190046462
040190046401
040059451003
040050022003
040050021006
040050015002
040050023003
040050006002
040050009002
040050016003
040050020001
040050015001
040050017002
040050006001
040050012001
040050022005
040050005002
040050007002
040059422012
040050017001
040059450003
040050017003
040050017004
040050023005
040190053002
040190013041
040190018016
040190026032
040190037064
040050009001
040050022002
040050001001
040050001002
040050002001
040050002002
040050003001
040050003002
040190043341
040190044282
040190046421
040190047261
040190047263
040190013044
040190024005
040210016002
040190043283
040190035016
040270111151
040190013021
040270009052
040270117001
040270004042
040270109142
040270109102
040279800041
040099617004
040099612021
040099612012
040120201001
040120202013
040120201003
040270005012
040279800031
040270009054
040270010031
040270109131
040270109071
040270115041
040270109141
040270010042
040270121002
040270112021
040120205011
040120202022
040120201002
040120205012
040120205022
040120205021
040120202021
040129403001
040129403004
040129403002
040050021005
040059451001
040050005001
040050016001
040190013032
040190018012
040190018022
040050021004
040050021007
040059449003
040050008001
040050023002
040059451002
040199410001
040190001001
040239661031
040239661045
040239661042
040239661043
040239662002
040239662003
040239663023
040239664024
040270114052
040270009081
040270112014
040270005022
040270004041
040270009073
040270005021
040270004031
040279800061
040270112013
040270010041
040270112012
040270011002
040270011004
040270012002
040270012003
040270012004
040270009071
040270009072
040270009053
040270111142
040270118003
040270121001
040270010011
040270111123
040270109051
040270009051
040270110002
040070004001
040070004002
040270010032
040270004044
040270111071
040270111102
040270111141
040270118002
040270111112
040270111122
040070009001
040070010003
040070005001
040070005002
040119602002
040270114031
040270118001
040270115032
040270115031
040270115043
040270117002
040190041152
040190041091
040190041092
040190035032
040190035033
040190035041
040270114051
040270109112
040270010043
040270009082
040270111061
040270111152
040070010004
040070011002
040070011004
040070011005
040270112011
040270111153
040270111103
040270114061
040270114062
040270115042
040270115012
040270115013
040270115014
040270111062
040270010012
040270010013
040270111042
040270110003
040270111121
040270114032
040270114063
040270109052
040270005023
040270005011
040270004043
040270111073
040270003013
040270116002
040270109111
040279800051
040270111111
040270111082
040270109113
040270109072
040136104003
040136104004
040270111081
040270111101
040270111113
040270111041
040270111072
040270109101
040070012002
040070013002
040070002002
040070008001
040070011003
040070012003
040079404003
040131095003
040131096011
040131096012
040131096022
040131096023
040131096031
040131096033
040131096041
040131096042
040131097011
040131097012
040131097013
040190047142
040210014082
040210013032
040210016003
040219412004
040210014052
040219414005
040219414001
040219414002
040219414004
040210017043
040210017011
040210008013
040210002151
040210022001
040210008021
040210020021
040219413001
040210003163
040210022002
040210008022
040210003143
040210022003
040210006041
040210021022
040210020022
040210020011
040210021033
040159515022
040099613002
040210008012
040210008011
040210008014
040134225065
040134225071
040134225072
040134225081
040135230053
040135230062
040135231021
040135231022
040135231031
040135231032
040135231033
040135231044
040210002081
040139411001
040190040292
040190040294
040190040301
040190040302
040190040311
040190040321
040190043201
040190043202
040190043211
040190043212
040190043222
040190040691
040190046202
040190046211
040190046221
040190046222
040190046341
040190006003
040190006004
040190007001
040190007002
040130610352
040130610372
040130610392
040130610412
040130610424
040131130002
040135229042
040136107002
040136140001
040136147001
040190007003
040190007004
040136166002
040136165003
040136168003
040136177002
040136181002
040130717021
040130719123
040130719152
040130924022
040130927162
040131167301
040131167331
040132168193
040130927241
040130928021
040130930012
040130611002
040130611003
040190008002
040130614023
040130715173
040130820281
040131032193
040131036153
040131050041
040131085022
040131090021
040131097014
040131122022
040130822102
040130506071
040190013022
040130931052
040130931061
040130101012
040130405152
040131073003
040132168263
040132168292
040132168381
040135231042
040130719153
040130820072
040270009032
040030019004
040030017014
040030002032
040030017032
040030013005
040030002022
040030003013
040030003023
040030002033
040030005004
040030014022
040139407001
040030003014
040030008004
040030014011
040030004002
040030009023
040030003024
040250006042
040159538001
040190035013
040190040252
040190040221
040190009002
040190045053
040190043162
040190017003
040190031012
040159506002
040190046271
040190037021
040199407001
040190040611
040190046262
040190047101
040190028021
040190044181
040199408002
040190040562
040190043161
040159507051
040159536012
040190043132
040159515014
040159507062
040159520032
040179637001
040179633002
040179633001
040139410002
040179625003
040179652003
040179648001
040179400133
040239663022
040030007004
040030009011
040030014021
040159536022
040159405013
040159506001
040159516012
040159520041
040159516022
040159405011
040179617004
040179400081
040179400151
040179605002
040179634001
040179625001
040179649002
040179637002
040179652002
040179649001
040136189005
040136191001
040136193003
040137233041
040137233071
040137233083
040138114003
040138121001
040138123003
040138128002
040134222111
040135230033
040131158012
040133199052
040132180002
040131118004
040131142001
040131058002
040131036091
040131048022
040134219023
040131072022
040131145001
040131124013
040130715112
040270109073
040131035012
040131035013
040131035021
040131035023
040131035024
040131035025
040131036041
040131036042
040131125053
040131125054
040131125071
040131125081
040131126021
040131126022
040131126023
040131126024
040132183003
040133184002
040133184003
040133185011
040133185012
040133185013
040134211024
040134213024
040134213022
040134213023
040134214003
040134214004
040134215012
040134216011
040134216012
040134216021
040134216022
040134218012
040190040361
040190040362
040190040371
040190040372
040190040381
040190040391
040190040392
040190047232
040190047241
040190047242
040131104003
040131104004
040190034005
040250004014
040250010013
040250016013
040250016032
040099405002
040099612011
040099617003
040270002001
040270002002
040270003011
040270003012
040270003021
040270003022
040270003023
040270004021
040130506061
040130506062
040130506063
040130506072
040130506073
040130506074
040130610462
040130610471
040130610472
040130611001
040131131002
040131133003
040132175011
040133198006
040131032092
040135231041
040131125111
040131125112
040131125113
040131125121
040131125131
040131125132
040131125134
040131125141
040132168202
040132168203
040132168213
040132168214
040132168222
040134201131
040134201132
040134201141
040134201142
040134201143
040134201162
040134202062
040134202082
040134202083
040134202102
040134202103
040134202112
040134202122
040134225103
040134225112
040134225122
040134225133
040134225142
040134226062
040134226063
040134226073
040134226152
040136189003
040136189004
040136190002
040136190003
040136191002
040136192001
040136192003
040136193002
040136194002
040136194003
040136198001
040136198002
040138171004
040138172001
040138172002
040138172004
040138173001
040138173002
040239660002
040239661012
040239660001
040239661013
040239661011
040239660003
040239662001
040130925001
040130925002
040130925003
040130926002
040130926003
040131032151
040131032152
040131032164
040131032171
040131032172
040131032173
040131032174
040131033021
040131033023
040131050021
040131050022
040131051012
040131051013
040130506075
040130506082
040130506083
040130506033
040131115022
040131042123
040134225033
040131080002
040131082001
040131082002
040131082003
040131123022
040130506084
040130506092
040130506093
040130506101
040136109001
040136112003
040136117004
040136118001
040136118002
040136118004
040131123023
040131124011
040131124012
040131124021
040131124022
040131125021
040131125022
040131125031
040131125032
040131125033
040131125041
040131125052
040131167123
040131167131
040131167132
040136126001
040136127002
040136128001
040131125142
040131136012
040131138011
040131167133
040131167134
040131167135
040132173001
040132173002
040132174001
040132174003
040132174004
040134208001
040134208002
040134208003
040134209011
040131138021
040131147031
040131147032
040130927242
040130927243
040130928022
040130928023
040130928024
040130930011
040130930013
040130930021
040130930022
040130931043
040130931044
040130931051
040134209012
040134209022
040134211011
040134211012
040130931053
040130931054
040134202143
040134202144
040134202161
040134202162
040134203023
040134203032
040134204011
040134204012
040134204013
040134204021
040134226153
040134226162
040134226172
040134226173
040134226174
040134226182
040134226201
040134226202
040136176004
040136199001
040136199004
040137233042
040137233051
040137233081
040138173003
040138175002
040139805001
040139804001
040138117002
040138119001
040138119002
040138120001
040138120002
040190033021
040190033022
040190033023
040190033024
040190034001
040210004001
040210024001
040210007003
040210009021
040210010003
040210011001
040210011003
040210013012
040210013013
040210013014
040210013051
040119603002
040119601002
040119603003
040119603001
040270110001
040270009031
040270007001
040270001002
040270116001
040270011001
040270009021
040270002003
040270001001
040019705023
040019426001
040019450013
040019442012
040019450022
040135230023
040135231023
