051430105032
051430105041
051430105045
051430105061
051354702007
051430104011
051430104012
051430104013
051430104021
051430104031
051430104032
051430105031
051354703003
051354702005
051354703001
051354701002
051354702004
051354704002
051354704006
051354701001
051354702006
051354704004
051354703002
051354702002
051430101021
051354704005
051354704001
051354702001
051354702003
051354704003
051430102001
051430103011
051430103013
051430103021
051430103023
051430101012
051430110032
051430113002
051430105083
051430110043
051430105033
051430111013
051430111032
051430101044
051139504002
051430104022
050070210011
051430101061
051430101062
051430101072
051430101073
051430101064
050070209011
050070211013
050070211011
050070209014
050070213102
050070210024
050070209023
050070214062
050070201013
050510109003
050510109004
050510110003
050510112001
050510112004
050510113001
050510113002
050510114001
050510114002
050510114003
050510115001
050510116011
050510116014
050510117001
050510117002
050219505001
050450301042
050450302002
050450303012
050450303021
050450303032
050450304031
050450306001
050450306002
050959503001
050690003011
050690005023
051039506002
051039506003
051399509003
050619502003
050619501002
050619503004
050619501001
050619503002
050619503003
050619502004
050619502001
050619503001
050619502002
050619501003
050619501004
050014805001
050039607002
050450307023
050450308002
050450308003
050450309001
050450309002
050450309003
050450311021
050510116012
050510103003
050510119001
050510105001
050510108001
050510113004
050510119003
050510116013
051430105071
051430110013
051430110033
050510107001
050510110001
050510103002
050510113003
050510108002
050510104002
050510106001
050510106003
050510106004
050510107002
051430110042
050510108003
050070208053
050070208033
050014808002
050014805003
051139502004
051139506002
051139506001
051139502001
051139501001
051139503002
051139501002
051139505001
051139503001
051139504001
051139502005
051139505002
051139501003
051139502002
051139502003
050690020003
050690023001
050690023004
050690017002
050690023003
050690003025
050690009004
050690016002
050690014022
050690009003
050690003024
050690020004
051190034024
051190002001
051190016001
051190040071
051190040063
051190043052
051190043022
051190035002
051190034022
050399701002
050399703002
050399703005
050399702002
050399701001
050399702001
051190037131
050574801001
050574802001
051190042213
051190043032
051190045003
051190043053
051190022061
051190040051
051190039001
051190024052
051190034041
051190032051
051190016005
051190048003
051190034031
051190034023
051399508001
051190036072
051190040011
051399508002
050850201021
051190013003
051190040041
051190042022
051430105084
051430105091
051190043023
051190042073
050450307021
050450306003
050014804003
050014805002
050014805004
050014807002
051310013051
050330205021
050330205024
050330205011
050330203022
050330202041
050299503002
050014804001
050850202052
050850202051
050850202011
050534704004
051310013033
051310013042
051310013043
051310013044
050450305022
050450307011
051250103011
050919800001
051250101031
051250103013
051190015022
051190049002
050719519003
050719520002
050850202012
050850202021
050450308001
050450308004
051310013031
051310013032
050014801002
050014803002
050014801001
050014806002
050014807001
050014802002
050014803003
050014804002
050014806001
051310012022
051310013011
051310013012
051310013013
051310013022
051190037123
050450304032
050450305012
051190037132
050495502004
050495501005
050495501002
050495502001
050495501003
050495501006
050495502002
050495502006
050495501004
050495501001
050495502005
050495502003
051250104045
051190042202
051190042203
051190042211
050690013002
050690014021
051330802001
051330804002
050450305011
050450307012
050450308005
050839505004
051159507003
051159509003
051159509001
051159508001
051159514001
051159512001
051159516004
051159507002
051159513003
051159510002
051159509004
051159516002
051159507001
051310012013
051174603001
051174602002
051399507001
051399509001
051399504004
051399505001
051399502001
051399506003
051399505004
051399502004
051399502003
051399501002
051399502002
051399504002
051399504003
051190024085
050850202042
050850202041
050850203013
050850203022
050850201022
050850207002
050850203011
050850201012
050850206002
050850207003
050850204001
050850201042
050850205003
050850201032
050850206001
050850203012
050850205002
050850208002
050850201043
050850201041
050850203021
050850201031
051190028001
050850202061
050850204003
050850208001
050850205001
050850201011
051190043031
051190043061
051190035001
051430105042
050774703003
050910206001
050910206003
050910207011
050910207012
050910207022
050234804003
050070206062
050070205032
050070205031
050510118003
050070206041
050070209012
051190022045
051190022034
051190022044
051190032024
051190042074
051430107013
051239601003
050899602012
051474902001
051430101042
051430101043
050070207031
050070202051
051250104044
050574802003
050574804002
050574804003
050574802002
050574803006
050574804001
050574801004
050574801002
050574801003
050574803003
050534704001
050534701003
050534703003
050534701002
050534702001
051430111023
051430105062
051430110023
051430111022
051430105081
051430101071
051430105011
051430101051
051430110022
051430105092
051430101053
051430102002
050799603002
051430101041
050799606001
050799603001
050799604002
050799603003
050799605002
051430105093
050799605001
050799604001
051430110021
051430111031
051430111033
051430105012
051430101022
051430105082
051430104014
051430105044
051430105063
051430111021
051430101011
051430104015
051430101052
051430101023
050719522001
050310008021
050310001013
050719519001
050719521003
050719517002
050719517003
050719522003
050719518002
050719518001
050719520001
050719519002
050719522002
050719520003
050554804002
050070202032
050070212011
050279504002
050754705024
050279504001
050279503002
050279501003
050279501002
050279501001
050754705023
050554803001
050554802001
050554801001
051414602002
050754705012
050554801003
050554806003
050554806001
051414602001
051414601001
051414604001
051414604004
050510119004
051114901004
050279505002
050754705013
051399510005
051190042182
050419502002
050554807002
050199537001
050199537003
050199537004
050199538005
050199537002
050199538004
050299504002
050479501002
050479502001
050479502004
050479503004
050479501001
050479502002
050479503002
050479502003
050479503001
050479503005
050479501003
051039504003
051039505002
050510120011
050510112002
050510119002
050510105003
050510104001
050510104003
050510110002
050510109001
050510107003
050510116022
050510105002
050510116021
050510111002
050510118001
050510111004
050510103001
050510118002
050510111003
050510109002
050070214082
050554808013
050554808011
050554804004
050554805003
050734701005
050310005012
050690019032
050799606002
050810301024
050070201014
050070201022
050070207032
050070202052
050070206053
050070208051
050070208052
050070209013
050070209025
050070213112
050070208011
050070214071
050070208063
050070213013
050070207011
050310001011
050070214041
050070213061
050070205013
050310005022
050310001023
050310007003
050930103003
050930110004
050930114003
050310008022
050310005021
050310007005
050310012003
050310004012
050310006022
050070209024
050310008012
050310008011
050070214091
050070214051
050070208012
050070201023
050070209021
050070208062
050070207042
050070201021
050070214061
050070214052
050070214092
050879603004
050879603001
050879601001
050879601002
050879604003
050879603002
050879604002
050879602001
050879602003
050879604001
050879602002
050350308042
050910207021
051250104053
051250105073
051250103022
051250103012
051074801002
051074802006
051239606006
050170802002
050170802001
051414603022
051239606001
050634903003
050350301023
050350305011
050350302022
050350307011
050350308052
050350308041
050350308051
050159505001
050350305021
050350308062
050350311003
050350312001
050350312002
050310003003
050310004021
050159503004
050159503003
050159504002
050159504003
050159505003
050159503002
050159504001
050159503001
050159505005
050159501002
050159501001
050159505004
050159502001
050159505002
050734701003
050310003004
050310010004
050310012001
050850204002
050450307022
050734701001
050734702002
050734702003
050734701002
050734701004
050734702001
051250104081
051250105103
051250105033
051250106001
051250105112
051250105092
051250105102
051250101023
051250105082
051250106002
051250104042
051250104062
051250104091
051250106003
051250105031
051250101012
051250104071
051250101032
050119504001
051250101013
051250101021
051250101022
050119502002
050119503003
050119503002
050119501002
050839504001
050839506002
050839501002
050839501001
050839505002
050839502001
050839505001
050839506001
050839504002
050839503001
050839501003
050119504002
050119505002
050119505001
050119501001
050119502001
050119505003
050119503001
050554803002
050839503002
050839502003
050839502002
050554808012
050554808022
050299506001
050839505003
050690009002
050299506002
050299502001
050299501003
050299503001
050299504001
050299505001
050299502003
050299505002
050659602002
050299501002
050299502002
050299501001
051190043062
051190041082
051190041081
051074803005
051114905004
051114907001
051114901005
051430105101
051430105013
050510104004
050510104005
050510112003
050510120013
050510112005
050510120021
050510120023
051074804001
051074805001
051074805003
051414603021
051414603023
050910210008
050910202001
050910209004
050910210006
050910210007
050910209002
050910209005
050910210001
050097906004
050674802003
050674801004
050399703003
050674802004
050674803004
050674802002
050674803001
050674801001
050674804003
050674803003
050674801003
050674804002
050674802001
050674804001
050674801002
050674803002
050674802005
050674805001
050754705021
051190042181
050659602003
050659604002
050659601002
050659604001
050659603001
050659601003
050659601001
050659603002
051310006002
051114907002
051114902002
050534702002
051310005011
051310005012
051310005013
051310005014
051310005021
051310005022
051310005023
051310006001
051250104061
051310006003
050479503003
051310006004
051310010021
051310010022
051310011011
051310011012
051310011013
051310011014
051310011021
051310011022
051310011023
051310012011
050574803001
050534704002
050534704005
050534701001
050097905013
050574803005
050774701002
051114907003
051219603023
050574803002
050574803004
051250105072
051250105071
051250105081
051250105063
051250104051
051250104063
051250103032
051310010011
051250105062
051250105061
051250105083
051310007002
051039501003
051039506004
051310007004
051310008001
051310008002
051310008003
051310008005
051114906002
051310010012
051310010013
050930109003
050930113002
051219603011
051219603022
051114902001
050899602013
050979530003
051430103014
051430101074
051430104023
051430107012
051430113004
051430107024
051430103024
050774701001
050774704002
050774702002
050979530001
050979532002
050979532001
050979530002
050979532003
050979531001
051279501002
050979531002
050754705011
050754704002
051474902002
051474901005
051414603011
051279503002
051279501003
051279502002
051279502001
051279501004
051279503001
050754701001
051279502003
051279501001
050754705022
050754702003
050754702002
050754703002
050754704001
050754702001
050754702004
050754703001
051219602002
050754705025
050754701002
051219601002
051219603021
051219601004
051219602004
051219601003
051219602003
051219601001
051239602004
051219602001
051219602005
051219601005
051239604002
050959501002
050959502001
050959501001
050959502002
050959503003
051239603002
051239603001
051159509002
051039505001
051039506001
051430107021
051159512002
051159511002
051159512003
051159515012
051159510001
051159511001
051159513001
050330204013
050330206003
050330201001
050330203021
050330202031
050330201002
050330201003
050330204021
050330202013
050330206001
050330204011
050330204022
050634908002
050330204012
050330204023
050330202012
050330203012
050330203011
050330203013
050330204014
050330206004
050330206006
050330202011
050330206005
050634903001
050634906001
050634903002
050634907005
050634902001
050634906002
050634901002
050634907001
051330801001
051310012012
050199538001
050199538002
050199538003
050199539002
051330803002
051330803004
051330802002
051330803001
051330804001
051330802003
051330801002
050199536011
051399504005
051399505002
050199539003
050199539004
050199539001
050234802024
050159502004
050159502002
050159502003
051250104041
050534703002
050039606002
051399501003
051399503002
050839503003
050434904002
050234802023
050234805023
051099535004
050910202002
050910208011
050399703001
051099535001
051099534002
051099533002
051099535002
051099533003
051099534001
050554805002
051099533001
050910209003
050910208021
050910205002
050554804001
050554804003
050554806002
050554806004
050554802002
051190042011
050450304041
050134801001
050134802002
050199536012
050234805012
051190041083
051190042071
051190041041
051190041042
051190036073
050450304042
050450310062
050450310011
050450310052
050450304021
050070210012
050070206051
050070206052
050070206042
050450310031
050450304011
050450304022
050450305013
050450304012
050450310051
050450310032
050097905021
051159515011
050554801002
051159515021
051159515023
050554805004
050554805001
050070211012
050554807001
050554808021
051219603012
050070211022
050899601003
050899602022
050899603003
050899603005
050899603004
050899602011
050899601002
050899603001
050899601001
050899603002
050899602021
051159516001
051159516003
051159508002
051159511003
051159513002
050070212012
050070212021
050070212022
050070204013
050070204042
050070213014
050350302023
051039504001
050310006012
050310006013
051190042121
051190042122
051190042123
051190042214
050310005011
050910201001
050910201002
050910201003
050910201004
050310003005
050310003006
050310003007
050310006024
050310006021
050310007001
050310007002
050310009002
050310006023
050310010002
050014808001
050097902001
050097904002
050097904003
050097903002
050097902004
050097903001
050097901001
050097903003
050097901002
050097902003
050097901003
050097906001
050810303002
050097904001
050097902002
050910202003
050910202004
050910204001
050910204002
050910204003
050134802003
050134802001
050134801002
050810303001
050810301012
050810302003
050810301022
050810303003
050810302001
050810301023
050810301011
050810302002
050810301021
050810301013
050310011004
050310009004
050310009001
050310009003
050310011003
050310011001
050310006011
050310010003
050310007004
050310001021
050310001022
050590207002
050310002001
050310002003
050310003001
050310003002
050590204001
050590204002
050590204003
050590201004
050590205003
051379501002
051379501003
051379502022
051379501004
051379501001
051379502021
051379502023
051190024032
051379502025
050434903001
051190020013
050310002002
050310010001
050310011002
050310012002
051190020021
051190020022
051190020023
051190021042
051190021041
051190037122
051190037031
051190037032
051190037033
051190037034
051190037035
051190037036
050690012004
050690015011
050690019011
050690024002
050690025001
051190021031
051190021044
051190021043
051190021032
051190037041
051190037042
051190037061
051190037103
051190021021
051190021022
051190021023
051190049005
051190049004
051190038001
051190038003
051190040013
051190049003
051190049006
051190022031
051190022041
051190040043
051190042154
051190042151
051190042191
051190042164
051190022091
051190022063
051190022092
051190022093
051190022082
051190040061
051190040062
051190040072
051190041031
051190041032
051190041052
051190049001
051190040052
051190034043
051190042131
051190043051
051190027003
051190039002
051190043024
051190045002
051190037101
051190042212
051190024053
051190037102
051190022081
051190024031
051190024033
051190024071
051190024072
051190041061
051190024082
051190024081
051190024084
051190024083
051190024051
051190024062
051190042052
051190042201
051190042142
051190042141
051190025001
051190025002
051190026001
051190027001
051190027002
051190027005
051190042152
051190042153
051190027007
051190027006
051190029001
051190029002
051190030021
051190030011
051190038002
051190022062
051190033054
051190042051
051190034032
051190046001
051190028003
051190030022
051190034021
051190034042
051190038004
051190040042
051190040064
051190041033
051190030013
051190042021
051190042072
051190030014
050719518003
051190030012
051190030023
051190031001
051190032081
051190032082
050719521001
050719517001
050719521002
051190033061
050379501001
050419503002
050419502004
051190043021
051190044001
051190042192
051190002002
051190046003
051190046002
051190005001
051190005002
051190032083
051190032072
051190032022
051190032023
051190015023
050014803001
050379505001
050379505003
050379505005
050379506003
051190047001
051190047005
051190047003
051190047004
051190047002
051190045001
051190044002
051190033062
051190033053
051190033052
051190033051
051190033031
051190033032
051190033033
051190012001
051190012002
051190013001
051190011002
051190013004
051190013002
051190033042
051190033043
051190033044
051190033045
051190033041
051190048005
051190048002
051190048004
051190020012
051190015012
051190015013
051190015014
051190015011
051190036041
051190036042
051190036043
051190016002
051190016003
051190016004
051190048001
051190018003
051190018004
051190018005
051190036053
051190036054
051190036061
051190036062
051190036063
051190018001
051190019002
051190019003
051190019004
051190019001
051190020011
051190036093
051190036081
051190036082
051190036083
051190036091
051190036092
051174602001
051190037121
050070202012
050070202013
051174601002
051174601003
051174603003
051174602003
051174601004
051174601001
051174603002
050690018003
050690010003
050634904003
050634904001
051450712005
051450708003
050910209001
050910210003
050930108003
050910210005
050910210002
050910208023
050910208022
050170802003
050170803001
051414604003
051414604002
051414602003
051414601002
050014802001
050959501004
050014807003
051379502024
051379502011
050690010002
050690012001
050690012002
050690012003
050690013003
050690013001
050690014011
050690014012
050690014023
051399506002
051399506004
051399507004
050690015012
050690015021
050690015022
050690015023
050690015024
050690016003
050690016004
050690017001
050690017003
050690017004
050690018001
050690018002
050690020001
050690020002
051399502005
050690021032
051399508003
051399510001
051399510004
051399505003
051399510003
050690019031
050690021033
050690021041
050690021043
051039501004
051039503005
051039503002
051039501005
051039503003
051039501002
051039501001
051039506005
051039502001
051039503006
051039506006
051039503001
051039505004
050234803003
050234803005
051399503001
051399504001
051399509002
051399508004
051399507002
051399501001
050234802022
051399510002
051399507003
050234801003
050234804004
050234804002
050234803001
050234803002
050234803004
050234804001
050279502001
050234801001
050234801002
050234805011
050659602001
050279503001
050279505001
050279502002
051239602003
051239605001
051239605004
051239604003
051239605002
051239605003
051239602001
051239602002
051239601004
051239604001
051239604004
051499526001
051499526002
051499525003
051499525004
051499526003
051499525001
051499525002
051499524012
051499524023
050170801001
050170803002
050170801002
050170803003
050170804002
050170804003
050170804001
050170801003
050219503001
050219502001
050219503002
050219503003
050219502002
050219501001
050219504001
050219506002
050219501002
050219506001
050219501003
050219502003
050930108002
050219504002
050219504003
050059506002
050059506003
051310103012
051310010014
051310103011
050930107002
050930109001
050930106004
050930108006
050930111001
051299701003
050930113001
050930106001
050930110003
050330205023
051299701001
051299703003
051299703001
051299701002
051299702003
051299702004
051299703002
051299702002
051299702001
051074802001
050219504004
050219505002
050219506003
050219506004
050070204011
051190022032
051190022033
050910206002
051074803004
051074801001
051074803001
051074802003
051074806001
051074802004
051074804002
051074802002
050059505004
051474901002
051474901001
051474901006
051474901003
051474901004
050059509004
050059502001
050059501001
050059508002
050059505003
050059507002
050059504001
050059501004
050059501002
050059501003
050059509003
050059506001
050059509001
050059502003
050059508004
050059508001
050059503002
050059505001
050059503001
050059507003
050059504002
050059503003
050059505002
050059502002
050059508003
050059507001
050059509002
051190018002
050350311001
050350310002
051074805002
051074801004
051074805004
051074801005
050070204012
050070204022
050070204023
051074803003
051190036051
050070205012
050310004024
050310004011
051190026002
051190005003
050070205042
051190011003
051190011001
051074801003
050350302015
050350301011
050350306001
050350306002
050350306004
050350311002
050350302011
050350301021
050350301012
050350311004
050350301022
051450704012
051190019005
051190028002
051190035003
050419504002
051190037072
051250103031
051250103021
051250105122
051250103033
051250101033
051250105121
051114901003
051114903003
051114903002
051190037071
051114904003
051114904002
051114905005
050350302012
050350302013
050350302014
050350302021
050350303011
051190041062
051190036071
050070203022
050070203023
050070203052
050850202053
050850202022
050479502005
051190041063
051190041051
051190041053
051190041072
051499523011
051499523012
051499523013
051499523022
051499524021
051499524022
051499524011
051499523021
051190022042
050350303012
050350303021
050419504003
050419504001
050419503001
050419505002
050419505001
050419501001
050419501003
050419501002
050419502001
050419502003
051450711004
051450711001
051450704022
051450704011
051450705001
051450701001
051450702001
051450703002
051450702003
051450704021
051450707001
051450709002
051450710002
051450710003
051450701002
051450712001
051450712003
051450702002
051450703003
051450705003
051450706002
051450705002
051450711003
051450703001
051450707003
051450705004
051450706003
051450706004
051450704023
051450707002
051450708001
051399510006
051450708002
051450709005
051450709004
051450710001
051450711002
051450711005
051450712002
051450712004
051059528001
051059528003
051059527003
051059527001
051059529001
051059528002
051059527004
051059529002
051059527002
051310001003
051310013054
051310002002
051310013053
050930101002
050930102002
050930102004
050930102005
050930103001
050930103002
050930114002
050930114001
050930107001
050930106002
050930106003
050930106005
050930106006
050930108001
050310004022
050930108004
050930108005
050574805002
050574805003
050930110001
050574805001
050930110002
050930111002
050930112002
051310103021
051310012021
051310101011
051310010015
051310103013
051310002003
051310004003
051310101021
051310013023
051310013021
051310007003
051310008004
051310012023
051310103023
051310003001
051310101012
051310001002
051310001001
051310103024
051310007001
051310101013
051310103022
051310001004
051310001005
050070213051
051310001006
051310002001
051310002004
051310002005
051310003002
051310004001
051310004002
050930102003
051450709001
051430105043
050070210021
050070214072
050070203021
050070201011
050070203011
050070203013
050070210013
050070211021
050070213011
050070204021
050070202011
050070203012
050070209022
050070202031
050070213012
050070210023
050434903002
051310013052
050434904003
050930107004
050930109002
050930102001
050930107003
050930112001
050434905004
050990902002
050930101001
050990903002
050990903001
050990901003
050990901001
050039603002
050990902001
050990902003
050990901002
050330205022
050330202042
050574804004
051450701003
051450709003
051450706001
051074804003
050039605002
050039603003
050039603004
050039604002
050039601003
050039605003
050039603001
050039606004
050039601002
050039602001
050039606001
050450302001
050039606003
050039601001
050039605001
050039607001
050450302003
051330803003
050450301021
050450303022
050450303013
050450301012
050450311011
050450301031
050450301022
050450305021
050450301041
050450303011
050450311012
050450301011
050450303031
050450311022
050450301032
050450301023
050774704001
050690024001
050039606005
050039602002
050039604001
050070201012
050070201024
050070214042
050070210022
050070211014
050070213043
050070203043
050070206061
050070213054
050070205033
050070205014
050070206032
050070213041
050070214083
050070214081
050070207041
050070213111
050070213082
050070213053
050070208031
050070214073
050070210014
050070207012
050070213052
050510106002
050070206031
051430105102
051430105103
051430106001
051430106002
051430106003
051430106004
051430107011
050070203051
050070204041
051430107014
051430107022
051430107023
051430113006
051430113003
051430113001
051430113005
051430110014
051430110041
051430111014
051430111011
051430111012
051430112001
051159513004
050070204052
050070202063
050070204051
050070213081
050070213101
050070213103
050070202062
050070206033
050330202032
050330206002
050330205012
050070205041
050070202061
050070206043
050070213062
050070208032
050070213042
050534704003
050690001021
050690003012
050690003013
050690003022
050690003031
050690003032
050690003033
050690005021
050690005022
050959501003
050959503002
050310008023
050310004023
050310004013
050850202023
050310001012
051250106006
051430101013
051430105073
051430104033
051430110031
051250106004
051250106005
051250104092
051250104043
051250104072
051250105032
051250105091
051250104052
051250104082
051250105101
051250105111
051250101011
050350306003
050350307012
050350307031
050350308071
050350310001
050350308061
050350307021
050350308031
050634901003
050634908004
050634904004
050634901001
050634908001
051219603013
051239603003
050899602023
050070213104
050070208061
050070205011
050070203041
050070203042
050510111001
050510115002
050510118004
050234802011
050234802021
050234805021
050234805022
051399506005
051310013041
051310004004
051310007005
051011802003
051011801002
051011801003
051011802001
051011802004
051011802002
051011801001
050310005023
051190032071
051190037112
051190037113
051190042161
051190042162
051190042163
050850207001
050774703005
050774703002
050774703001
050774703004
050774702001
050259701003
050634902003
050634902002
050259702002
050259702004
050259702001
050259701001
050259701004
050634907003
050259701002
050259702003
050634903004
050634904002
050634905002
050634905001
050634907002
050634908003
050634901004
050634907004
050690009001
050690010001
050690003023
050690021042
050690016001
050690003021
050690021031
050690023002
050590207003
050590206002
050590201001
050590202001
050590202003
050590202002
050590207001
050590206003
050590201003
050590206001
050590205001
050590203002
050590204005
050590204004
050590203001
050590201002
050590205002
050590202004
051114905002
051114905001
051114905003
051114901001
050379503002
051114903001
051190022043
051190041071
051190036052
051190042012
051190015021
051114901002
051114906001
051114904001
050097906003
050097906002
050910205001
050910210004
051074802005
051074803002
050379504003
050379504002
050379506001
050379505004
050379502002
050379506002
050379502001
050379503001
050434903004
050379504001
050379502003
050379505002
051239606002
051239606003
051239606005
050930101003
050434902001
050434902003
050434902002
050434903005
050434901003
050434905002
050434901002
050434904001
050434901001
051239606004
050434905001
050434905003
051099535003
050434903003
050199536013
050199539005
050199536021
050199536022
051190032021
051430103022
051159515024
051159515022
051159514002
051039503004
051430103012
051430110012
051430110011
051430101063
051430105072
050399703004
051039505003
051039504002
051039502002
051239602005
051239601002
051310013045
051239601001
051239602006
050879603003
050879601003
051399506001
050534703001
050510120012
050510120014
050510120022
050510117003
051310101023
051310101022
051310102022
051310102021
050097905023
051310102011
051310102012
050450310061
050450310012
050097905011
050097905022
051190037111
050097905012
051190024061
051190027004
051190040012
051190040073
