080010094092
080350141122
080350141141
080439788002
080310039023
080310039021
080010094012
080310040021
080690013082
080810003002
080330001001
080310036022
080310036023
080310036024
080810004003
080810004002
080810005004
080810005003
080810004001
080810004004
080439785001
080439790001
080439794001
080439781001
080439782003
080439783001
080439791001
080439785002
080439784002
080439783002
080439790002
080439792001
080439781003
080010085074
080010085075
080010085081
080010085082
080010085083
080050071062
080050825001
080050071043
080050860003
080050829002
081230022082
081230021024
081230007031
081230020061
081230019072
081230019053
081230020132
081230020161
081230022062
081230014061
081230020151
081230020171
081230020121
080010085422
080010085441
080010093252
080010093253
080010085481
080010085492
080010087091
080010087051
080010093192
080010085371
080010085432
080010087054
080010094112
080010096035
080010085053
080010085244
080010085261
080010094081
080410044031
080410046021
080410051111
080410037092
080410001011
080310010001
080050828001
080050811002
080050815002
080410001014
080410037094
080410037093
080410033081
080410033071
080410044013
080410069023
081119726001
080410069022
080410047051
080410044011
080410033031
080410037071
080410073002
080010085431
080050850001
080410080002
080410039062
080410046022
080410051112
080410065022
080410045113
080010085332
080010088022
080010093045
080010093274
080010097512
080010097522
080010085434
080259696004
080259696001
080410037091
080410069021
080410049023
080410049021
080410025022
080410051082
080410039064
080410045102
080410045034
080410051093
081230010063
081230010061
081230014151
081230014111
081230014053
080930003001
080930004002
080930002001
080930002002
080930004001
080930005002
080930005003
080930001002
080930005001
080930003002
081230022101
081230021022
080140309004
080140311003
080140308004
080140311002
080140314002
080140306001
080140304001
080639621003
080639622002
080639621001
080639623001
080639622001
080639621002
080639621004
080639623002
080050056273
080410044023
080410044022
080050865003
081230020203
081230020191
081230020192
081230019082
081230019051
081230019071
081230020141
081230020111
080130606003
080050807003
080050824001
080130613002
080130132121
080130134023
080130135082
080130122033
080130135083
080130128004
080050865001
080619601001
080619601002
080050049522
080050049511
081230020131
081230020082
081230020084
081230021032
081230022071
081230022072
081230022041
081230022052
081230021012
080410038021
080410046011
080410033051
080410038011
080410039093
080410046032
080410046031
080410047061
080410051061
080410046023
080410033052
080410072021
080410071022
080410072012
080410037073
080410038012
080410045111
080410038022
080130128002
080130121011
080130121013
080130122034
080130121012
080130122043
080130132133
080050068552
080050864001
080050837001
080050066032
080050067071
080050836001
080050151001
081230021013
081230022053
081230022042
081230022083
080459516002
080459518032
080459518033
080459520022
080459520024
080459520011
080459518043
080459520012
080219748001
080219749002
080219749003
080219748002
080219749004
080219749001
080310083911
080149803001
081219242003
080050820002
080050826001
080050835003
080050847002
080810005005
080810006001
080810006002
080810003001
080439783004
080050056141
080050056142
080050862002
080050854003
080050836003
080050846002
080050813001
080050056121
080410033053
080410051052
080410051051
080410051062
080410051094
080410051092
080410051081
080770006011
080410051083
080410025023
080410033034
080410065023
080410080003
080410044012
080050832002
080050832003
080050071042
080050071072
080990003003
080990003004
080990003006
080990003005
080679708001
080679711003
080679706002
081039511003
080679404002
080679403003
080679707011
080679403002
080679706004
080679403001
080679707042
081010018003
081010019001
081010019002
081010020001
081010020002
081010022001
081010023001
081010023002
080770017052
081010023003
080119667004
080119667003
080119667001
080119667002
081010023004
081010024001
081010024002
081010025001
081010025002
081010025003
081010026001
081010027001
081010027003
080410078002
080410039063
080839411002
080839696003
080350141142
080050068561
080050832001
080050859001
080350141363
080350140132
080010085452
080010085453
080010085262
080010085263
080010085264
080350141341
080350140103
080350140092
080350140083
080350140101
080350140012
080350140011
080859664004
080859664005
080859662011
081170003004
080010600002
080350140084
080350140061
080350140062
080350139112
080990006002
081259631002
081259631003
081259631004
081259631001
081259632001
081259632005
081259632002
080770017071
081010031042
081010028073
081010036002
080770017051
081010022002
081010036001
081010009051
080490002024
080490002011
080490002023
080490002022
080490002013
080490002021
080519638004
081010032001
081010004001
081010005003
081010008002
081010028063
081010015001
081010010001
081010021001
081010028041
081010029061
081010001002
081010003001
081010026003
081010029111
081010032003
081010020003
081010031041
080050847001
080010083532
080659617003
080050871002
080050812001
080050813002
080050826004
080050837002
080050857002
080050857003
080050868004
080050822004
080050822002
080050822001
080050814003
080050814002
080050814004
080410001013
080410001021
080410001022
080410001023
080410002021
080410002023
080839411001
080370006001
080050056353
080050056351
080439783003
080050855003
080050821002
080050821001
080050826003
080679707013
080350141332
080350141241
080010085233
080010085242
080010085241
080010085243
080010085245
081259632003
081259632004
081010001001
081010001003
081010002001
081010002002
081010004002
081010004003
081010006001
081010006002
081010006003
081010008001
081010009024
081010005002
081010009022
081010009023
081010009021
081010009031
081010009041
081010009042
081010009043
081010009052
081010010002
081010010003
081010010004
081010011001
081010011002
081010011003
080050817002
080050849002
080050849001
080350139081
080350139091
080350146031
080350141333
080350144061
080350139041
080350142021
080770011012
080770011013
080770011014
080770011015
080770011023
080770011021
080350139083
080350146021
080350143001
080350140071
080350139013
080350139073
080350139014
080350139111
080350142031
080350140072
080350141222
080350142041
080350139071
080350141331
080350141101
080350142022
080350145062
080770013011
080770013012
080770013014
080770013015
080770013016
080690017092
080690025012
080690025024
080690024011
080690028021
080050861003
080050862003
080050862001
080050071012
080050071041
080050072023
080050073022
080050074002
080050074003
080050075002
080050076002
080770013022
080770014021
080870002002
080870004002
080870005001
080870005002
080870005003
080870006003
080870006004
080870006005
080870007001
080870007002
080870007003
080310155003
080310035004
081230004023
081230010043
081230013004
081230021015
081230014172
081230014092
081230014042
080590098371
080590098382
080590098391
080590098392
080590098401
080590098402
080590098411
081230014132
081230014091
080590117251
080590117262
080590117263
080590117271
080590117272
080590117273
080590117282
080310155002
080310083902
081230015004
081230017002
080310019021
081230020043
081230025011
080590102052
080310030031
080310030032
080310030041
080310030042
080310030043
080310031022
080310032013
080310032021
080310032022
080310032023
080310032031
080310032032
080310032033
080310033001
080310032015
080310033002
080310033003
080310033004
080310034011
080310034012
080310034021
080310034022
080310034023
080079743002
080079742002
080079742001
080079404002
080079744002
080079744001
080079742003
080079404001
080310029023
080310030011
080590098464
080590098471
080590098472
080590098482
080590102051
080590103082
080590118032
080590118034
080590118041
080590118042
080590118043
080590119041
080590120221
080590120222
080310028021
080310028022
080310028023
080310028031
080310028032
080310028033
080310028034
080310029011
080310029012
080310029013
080310029021
080310029022
080310030012
080310030014
080310030015
080310030021
080310030022
080310030023
080990001002
080690005031
080690005032
080690005042
080690005061
080690005041
080690005062
080310070884
080690002011
080690004012
080690020114
080690004021
080590098481
080590099001
080590099002
080590100003
080590100001
080590120223
080590120224
080590120231
080590120233
080590120243
080350141104
080350146042
080350141292
080350139082
081010015002
080770017053
080050076003
080050077021
080050077022
080050077023
080050077032
080050077041
080050077042
080050077043
080770013021
080770014031
080590120502
080590120242
080590120472
080590098421
080590098422
080590098431
080590098432
080590098434
080590098493
080590098495
080590117291
080590117301
080590117302
080590117303
080590118061
080590118062
080930001001
080930001003
080739618002
080690004022
080690008011
080690025023
080319801001
080990003001
080990006001
080990007001
080990007002
080679707031
080679706006
080679708004
080679707034
080679707041
080679710002
080590101004
080590101001
080590101002
080590102061
080590102062
080590102063
080590102083
080590120241
080590098282
080590120301
080590120312
080590120332
080590120341
080350141342
080350139102
080410003021
080410004001
080410004002
080410006001
080410006002
080410006003
080759664001
080759662001
080759660001
080759661001
080050056301
080050067121
080050056222
080410007001
080410007003
080410008001
080410008002
080410009001
080410009002
081059767004
081059768001
081059768002
081059770002
081059767003
081059770004
081059770003
081059770001
081059767002
081059767001
080310027014
080310027012
080310031011
080140312003
080050067051
080050056361
080050056352
080050067042
080050056212
081230010051
081230014171
081230014141
081230020041
081230014081
081230014071
081230007032
081230010056
080140311001
080140309001
080140310003
080130123002
080130122031
080410015002
080410061002
080410057002
080410051103
081230010054
081230010055
081230010062
081230014051
081230014052
081230020072
081230020073
081230020133
081230020181
081230020201
081230020202
080130125052
080130126081
080130127052
080130128005
080130132132
080130132131
080010085511
080010078023
080010082003
080010085382
080010085361
080010085401
080010085433
080010085435
080010078022
080050820001
080010085381
080010085064
080010085062
080010085421
080010094111
080010093271
080010085234
080010083533
080010612001
080010083534
080010087093
080010093272
080010085503
080690025011
080590098321
080590102092
080590120321
080590120313
080590118033
080590098372
080590098451
080590117022
080590113003
080590605003
080590120591
080590105024
080590098483
080590098463
080590120352
080590098412
080590106033
080590120311
080590117014
080590102131
080590102133
080590103031
080590103032
080590103034
080590103035
080590103041
080590103042
080590103043
080590103051
080590103052
080590120411
080590120412
080590120421
080590120422
080590120431
080590120432
080590120433
080050855001
080590120571
080590120451
080590120454
080099647002
080099647001
080099646002
080739617003
080739617001
080739618001
080739617002
080590107011
080590120513
080590098152
080590605002
080590098462
080350141281
080350141243
080350141304
080350141282
080350141242
080010093165
080010093181
080010093182
080010085063
080010085071
080010085072
080010085073
080350140102
080350141163
080350141401
080350141403
080350141402
080679711001
080679708002
080679708003
080679709001
080679709003
080679707032
080679707033
080679404003
080119667005
080679710001
080679711002
080679707012
080590120483
080590117231
080590114023
080590105032
080590098501
080590116012
080590098461
080590098082
080590098452
080590120303
080590120331
080590104031
080590104032
080590104033
080590104034
080590104051
080590104061
080590104062
080590120471
080590120481
080590120491
080590120492
080590120493
080590120501
081010021002
081010035001
081010035002
081010005001
081010008003
080759663003
080759659001
080759662002
080130126031
080130126032
080130126051
080130126072
080130127011
080130127014
080770017073
080770017061
080770017033
080770015012
080770015015
080770005002
080130127051
080130127071
080130127081
080130127082
080130127083
080130127084
080770010022
080130127091
080350141231
080130127101
080130127102
080130128001
080310037011
080310037012
080310037024
080310036025
080310036031
080310036032
080350139042
080350139043
080350139051
080350139052
080310037031
080310037032
080310038001
080310038002
080310038003
080310038004
080310038005
080350139053
080350139113
080350139093
080310039011
080310039012
080310039013
080350139085
080350141232
080350144053
080350144052
080350145061
080350145032
080350140082
080350141392
080350141121
080350145041
080350145043
080350146032
080350146033
080310120012
080310120101
080310120102
080310050012
080310050021
080310050023
080310050024
080310050025
080310051021
080310051022
080310051023
080310051024
080310120103
080310120141
080310120142
080310120143
080310120144
080310045063
080310069013
080310051042
080310052001
080310052002
080310052003
080310052004
080310053001
080410061001
080410062001
080410062002
080410062003
080410063022
080310055021
080310055031
080310055032
080310156004
080310055033
080310055034
080310068041
080410063021
080410063012
080410064001
080410064002
080410064003
080050815001
080050056221
080050056231
080310068091
080310068092
080310068093
080310068094
080310068101
080050866002
080050853001
080050068154
080310013011
080310068095
080050068551
080410064004
080410065011
080410065021
080410066001
080410066002
080310040022
080310040023
080050056303
080050059513
080050865002
080310040024
080310040031
080310040032
080310040033
080410045071
080410045072
080410045073
080410045081
080410045082
080410068021
080410068012
080410068022
080410068011
080310044053
080310040034
080050851001
080050856002
080050856001
080050852002
080310040051
080310040052
080310040061
080310040062
080310040063
080310040064
080310068102
080310068103
080310068104
080050068582
080310068111
080410047011
080410047012
080410047013
080410047021
080410047032
080410070001
080010093201
080010093211
080410070002
080410071021
080010093212
080410045063
080050866001
080050067122
080050068153
080410047033
080410047034
080310041011
080310041012
080310041013
080310041021
080310041022
080310041023
080310041032
080410047035
080410047052
080410048001
080410048002
080410076022
080410077003
080310041033
080310068112
080310068113
080310068114
080310068121
080310068122
080410079002
080410080001
080010093213
080010093222
080010093231
080010093233
080490001002
080490002012
080490001001
080130609001
080410048004
080410049011
080410049022
080410050001
080410050002
080310041035
080310041036
080310041042
080310041043
080310041045
080310041046
080310042011
080310042012
080310042013
080310042014
080310068123
080310068132
080310068141
080310068142
080310068143
080410050003
080410050004
080410051091
080310042015
080310042021
080310042024
080310042022
080310043011
080310043013
080410051101
080410051102
080310043021
080310069011
080310069012
080310069015
080310070061
080310070062
080310070131
080310068144
080310070371
080310070372
080010088011
080010088012
080010088013
080010088021
080010089012
080410052011
080410052012
080410052013
080010090011
080010090012
080759664002
080079743001
080079743003
080459521001
080459516003
080459516001
080459518021
080459518041
081070006002
081070006001
081070007003
081070004001
081070001002
081070005004
080130135034
081170003002
080459516004
080459517021
080590098062
080590117323
080590098453
080590098502
080590120414
080590117311
080130121014
080150004014
080150004012
080150004013
080150004022
080459517012
080459517013
080459518022
080459519011
080459519012
080459519021
080459520023
080459520026
080459521002
081190101041
081190101033
080310011013
080310011014
080310011021
081170002003
081170001001
081170001003
081170001002
080239726002
080239726001
080239727001
080239727002
081170002004
081170002001
081170003001
080310010002
080310010003
080410067001
080410076021
080410075002
080410025013
080410037013
080410031004
080410003022
080410045084
080410037021
080410051042
080410034002
080410037012
080410045083
080410076012
080410059001
080410045033
080659617001
080659619001
080659619002
080310011023
080310039022
080410034001
080410076023
080410033061
080410039091
080410048003
080410075003
080410067002
080410037011
080410074002
080459517022
080410007002
080410008003
080410010003
080410011012
080770010024
080410002022
080410003013
080410004003
080410005001
081039512003
081039512001
081039511001
081039511002
081039512002
080410039021
080410065012
080410034003
080410047031
080410078001
080410079001
080410020004
080410067003
080410016001
080410031006
080410025012
080410047053
080410066003
080559609003
081219241002
081230020071
081230021011
081230023003
081230015001
081230014041
081230015002
080519636008
080519637005
081230017001
081230017003
081230018002
081230019022
081230016002
080690027004
080690018041
080690019033
081230019083
080710003003
080410033062
080410072011
080410039092
080410045112
080410045031
080410051071
080410046012
080410072023
080410073003
080410051063
080350141291
080350142032
080350141132
080350140124
080350141223
080310035001
080310035002
080310035003
081070007001
080410031003
081170004023
081170004011
081170004013
081170004022
081170004024
081170002005
081170004012
081170004014
081170004021
080990002001
080350144033
080350144063
080350144054
080350141221
080350141272
081230014102
080179606003
080179606002
080179606001
080350145052
080350141372
080350141381
080350141162
080350140123
080140306004
080140304003
080140301001
080140300002
080140312001
080350141313
080350142033
080350140081
080350140013
081230025012
081230016001
081230023001
081230008004
080140312002
080140301002
080140300001
080140303002
080140303001
080149802001
080150002003
080150003001
080150004011
080150003002
080150002001
080150001001
080150001002
080050868002
080150002002
080150003003
080350145033
080350141391
080350141072
080350141382
080410002032
080410002033
080410002031
080410003011
080410003012
080410010001
080410010002
080410011011
080770012002
080770015014
080770016001
080770016002
080770018002
080770014032
080770015022
080770017024
080919676004
080539731001
080970001004
080050056193
080050056194
080050056251
080050056252
080050056192
080050056261
080050056281
080050056283
080050056312
080050056332
080050057002
080050059511
080050059522
080050060001
080050062001
080050063002
080050064001
080050064002
080050064003
081230021031
080050066014
080050066033
080050066041
080050065011
080050065023
080050067041
080050067061
080050067062
081170002002
081170001004
081170003003
081170001005
080459518031
080459520021
080459521004
080459518042
080459521003
080459520025
081230007052
081230022051
081230007051
081230007033
081230010052
081230020091
080899684001
080899683001
080899685002
080899685001
080899683002
080899682002
080899683004
080899682001
080899686003
081230020193
081230019081
081230020101
081230020083
081230022081
081230022031
081230022091
081230021014
081230023005
081230001001
081230020042
080770017072
080659617002
081010029141
081010009025
081010027002
081010028071
081010031053
081010031052
080659617004
080659617005
080659617006
080370007022
080370005032
080370003022
080970004022
080970005002
080970004014
080370004011
080370003021
080370005033
080370005031
080370003011
080370003013
080370002001
080370002003
080370004032
080370004022
080370004031
080370003012
080370004021
080370007031
080370007011
080370005022
080370007021
080370007032
080370004033
080370005011
080370005034
080370001001
080370004012
080370002002
080370005021
080990002002
080590098334
080590102121
080590115504
080590120583
080590120361
080590102134
080590120395
080590098083
080590120261
080590110003
080590102081
080590099003
080590103053
080590103054
080590103061
080590103062
080590103063
080590103071
080590103072
080590103073
080590103083
080590104021
080590104022
080590104023
080590104024
080590120441
080590120442
080590120452
080590120453
080590120461
080590120462
080590120473
081010028081
081019801001
081010029142
081010029161
080759661002
080759661003
080759662003
080759663002
080759663004
081219242002
080410044021
081219242001
080410045101
080410053001
081219241001
080410060001
080410073001
080410074003
080410001012
081010029132
081010014001
081010012001
081010012002
081010016002
081010026002
080590120533
080590120232
080590120304
080590098433
080590120272
080590120581
080590102132
080590109014
080870004001
080350139072
080350141371
080350141071
080350145042
080350144041
080350145053
080350141251
081230018001
081230019061
081230025023
080970004012
080050056342
080310119031
080310119032
080310043022
080310043023
080310043031
080310043032
080310043033
080410052021
080410052022
080310043034
080310043041
080310043042
080310043043
080310070882
080310070891
080310070892
080310070893
080310070894
080410053002
080410053003
080410054001
080410054002
080310083912
080410029001
080310120011
080310043044
080310043063
080310043061
080310043065
080410054003
080410054004
080310043062
080310044032
080310083041
080310083042
080310083043
080310083051
080310083052
080310083053
080310083123
080410055012
080410055013
080310154001
080310119021
080310119022
080010087063
080310044042
080310044054
080310044051
080310045041
080310045031
080310083061
080310083062
080310083063
080310083064
080410055021
080410055022
080410055023
080410056011
080410056012
080690013083
080310083861
080310083862
080310083872
080310119023
080690016061
080690016071
080690016081
080410045013
080410045011
080310045043
080310045042
080310045053
080310045062
080310045051
080310046011
080310046012
080410056013
080410056021
080310046013
080310046014
080310083871
080310083121
080410056022
080410056023
080310046021
080310046022
080310046023
080310046024
080310046031
080310046032
080310046033
080310046034
080310046035
080310047001
080410057003
080410057004
080410057001
080410058001
080410058002
080410058003
080310036011
080310036013
080310036021
080410024001
080190148001
080190147001
080190147003
080190149002
080130128003
080310047002
080310047003
080310047004
080310047005
080310047006
080310048011
080310048012
080310048013
080410059002
080410059003
080410059004
080410059005
080410060003
080410060004
081139681031
081139682001
080310157003
080310157002
080310157001
080310153001
080310153002
080310050011
080010094101
080439785003
080439785004
080439786001
080439786002
080439786003
080010093234
080010093273
080439786004
080439788003
080439791002
080439782001
080439784001
080690005052
080690006003
080690009013
080439782002
080010093251
080010094011
080010094013
080010094062
080010094071
080010094072
080010094073
081070004002
081070005002
081070005003
081070002001
080010094091
080130130041
080130130042
080130130051
080130130052
080130130061
080130130062
080130130063
080130607002
080130607003
080439781002
080439803001
080439802001
080439788001
080439790003
080439791003
080439792002
080350144051
080350144032
080350145051
080350144031
080350139114
080350141373
080350144064
080130614001
080130132051
080130132052
080130132053
080350140091
080350139101
080350140111
080350140122
080350140052
080350146041
080350140131
080350141224
080350141351
080350144062
080350140121
080350141312
080350141161
080130132071
080130132073
080130132083
080130132123
080130132122
080130132101
080130132102
080010095021
080010087062
080010087094
080010096062
080010093202
080010084021
080010083082
080010085231
080010083531
080010088023
080010093091
080010091032
080010080002
080010092023
080130132103
080130132111
080130132113
080130133023
080130133025
080130133061
080130133062
080130133071
080130133082
080010093221
080010093081
080010083091
080010084011
080010085471
080010080001
080010085343
080010093232
080010089011
080010086062
080130134011
080130134012
080130134013
080130134021
080130133081
080130134022
080130135052
080130135061
080050871001
080050058001
080050056111
080770011011
080679404001
080679706001
080679709002
080679706005
080050056341
080859661001
080130137014
080130132112
080130137013
080130125053
080130136022
080130132022
080130132082
080130137022
080130121025
080410017001
080310017014
080310017015
080410040091
080410041001
080410041002
080410041003
080410015001
080410016002
080410041004
080410042001
080410042002
080410043002
080410043003
080410016003
080410017002
080410018001
080410018002
080410019001
080410019002
080410045012
080410045021
080410020001
080410020002
080410019003
080410021011
080410021012
080410043001
080410076011
080410045032
080410045061
080410045062
080990001001
080410045064
080099646001
080459517024
080459519022
080459519023
080459517011
080919676003
080919676001
080919676002
080590098511
080310024021
080310045052
080310037022
080310041044
080310030013
080310013015
080310156003
080310042025
081230021033
081230007041
081230014121
081230010053
080310003021
080310003022
080310003023
080310003024
080310003025
080310003014
080310003015
080310003031
080310003032
080310003033
080310003034
080310003035
080310004011
080310006002
080310007011
080310007012
080310007013
080310007021
080310007022
080310004012
080310004013
080310004014
080310004021
080310004022
080310004023
080310004024
080310004025
080310005011
080310005012
080050060002
080050068083
080310009051
080590098513
080310011011
080310017012
080310006001
080310007023
080310009031
080310009032
080590098381
080599800001
080590103033
080899686004
080899686001
080899686005
080899681001
080140308001
080140308002
080140308003
080140306003
080140313002
080140314001
080310023002
080310027011
080310032014
080310037021
080310041034
080310045033
080310153003
080310069014
080310154004
080310154002
080310001021
080310001022
080899681002
080899680002
080899681003
080590117321
080590114012
080590114022
080590117292
080590120351
080590120353
080590117324
080310005021
080310005022
080310005023
080590119512
080590098291
080590120362
080590120273
080590120593
080590118053
080590118051
080590098512
080590118063
080310043064
080310050022
080310009023
080310067011
080310036012
080310032011
080310041031
080310003016
080310023001
080310027032
080050819004
080050809002
080050823002
080050824003
080050835002
080050840002
080050072013
080310009033
080310009034
080310009035
080310009041
080310009042
080130121031
081099776002
081099777001
080899686002
080310009043
080310001023
080310119024
080310009044
080310004026
080310070373
080310068042
080310037023
080310027021
080310154003
080310007024
080310007025
080310008001
080310009021
080310009022
080310009024
080310009025
080310021001
080310028024
080310003036
080310045061
080310051041
080310032012
080310042016
080310013023
080310005024
080310070132
080310041041
080310016002
080310021003
080310021005
080310002011
080310002021
080310002022
080310002023
080310002024
080310003011
080310003012
080310003013
080519637001
080519637002
080519637004
080839693004
080839693001
080839693003
080839693005
080130121023
080130121024
080130121042
080130121052
080839694003
080839691002
080839694002
080839694001
080310043012
080310043014
080050077033
080050072012
080050840001
080050066043
080050072021
080310014021
080310083892
080310083881
080310070881
080310014023
080310014024
080310014031
080770010013
080770015023
080770019002
080770010023
080690011042
080690011043
080690011044
080690011045
080690011061
080050811003
080050831002
080050811001
080050056304
080350141261
080310156002
080399612062
080399612081
080299647002
080299652004
080299650003
080299647001
080299650001
080299652002
080299646001
080299652003
080299646003
080299648003
080299648001
080299648002
080299650004
080299649001
080299646002
080299651001
080299646004
080299650002
080299652001
080299647003
080299651002
080710005002
080010085391
080010085232
080010085411
080010093262
080010085351
080010096034
080010093193
080010093261
080010150002
080310040041
080310042023
080310045032
080310024022
080590098494
080310070883
080310017013
080310068131
080310155001
080310044031
080310083893
080310027022
080050068562
080050806001
080050068563
080050812002
080050852001
080050864002
080759661005
080759663001
080759661004
080590098492
080050861002
080690027001
080690020051
080690027002
080690027003
080870007005
080870001003
080870006002
080899683003
080899680001
080690019011
080690019012
080690019013
080690019021
080799736001
080899682003
080690018044
081139681011
081139681021
080690017072
080690017073
080690018042
080690018061
080690018062
080690018063
080690018072
080690018074
081010016001
081010017001
081010017002
081010017003
081010018001
081010018002
080690019022
080870004003
080870008001
080870002001
080870007004
080690019024
081190101034
081190101053
081190101032
081190102021
081190101061
081190101063
081190101062
080690020072
080690020073
080690020071
080690020081
080690020082
080870008002
080870006001
080870003001
080870002003
080870001001
080870001002
080519636001
080519636007
080519636006
080519639002
080519638005
080190149001
080190147002
081190101031
081190102011
081190101042
081190102012
081190101052
081190101051
080130608001
080130126073
080130126071
080130134025
080130134024
080130122013
080130126074
080310036014
080310083122
080310011012
080310083903
080310044033
080310083901
080150004021
080010092071
080010093084
080010093092
080010093101
080010093102
080010093104
080010093161
080010093162
080010093163
080010093164
080010085341
080010085342
080010086031
080010086041
080010086042
080010086051
080010086052
080010086063
080019887001
080010087095
080010087092
080010087052
080010085502
080010085331
080310002012
080310005025
080050072022
080310009052
080310009053
080310009054
080010600001
080149801001
080579556002
080579556001
080140305002
080350139011
080350139012
080140307002
080140304002
080310031021
080130129052
080130121033
080130129051
080130137012
080130136012
080310068133
080310068096
080310035005
080310044041
080310044043
080130122042
080130135053
080130135032
080140314003
080140314004
081070001001
081070007002
081070005001
081070003001
081070003002
081070002002
081070008002
081070008001
080130121021
080130133021
080130137024
080130121041
080130132011
080130132021
080130122021
080130126052
080140305001
080859661003
080859665012
080140305003
080130606002
080130121051
080859665022
080859662023
080859665013
080859665031
080859665011
080859665023
080140310001
080140310002
080350139074
080150001003
080859666014
080859666013
080859666023
080859666012
080859666011
080859666022
080859665032
080859665021
080859662021
080350141311
080350141301
080690001002
080690028011
080690028022
080690028024
080690020101
080350141303
080350141091
080350141102
080350141103
080350139084
080350139092
080690017094
080690018083
080350141081
080350141083
080350141362
080470138002
080470138004
080470138001
080470138003
080590117241
080810004005
080279701004
080279701002
080279701003
080279701001
080590604001
080590604003
080590098311
080690028012
080690028023
080690028031
080690004011
080690005033
080690008021
080690017091
080690024023
080690025022
080690018082
080690018093
080690024022
080690013071
080690017093
080590098301
081230004014
080590098312
081230004022
081230005021
081230005011
081230005022
081039511004
080690018081
080690018091
080690024012
080690024021
080690025021
080690025031
081230014161
081230014131
081230014101
081230013002
080590098491
080599804001
080590117281
080590158001
081230007011
080050838002
081230007012
081230008002
081230008003
080050851002
080130121022
080130608005
080130133052
080130125113
080130137021
080130127072
080130132072
080130121032
080130122023
080130125104
080130606001
080130133072
080130122024
080130122032
080130122041
080130122011
081230011001
081230011002
081230011003
081230011004
081230012011
081230012012
081230010031
080130122012
080130124013
080130124014
080130125011
080130125012
080130125051
080130133024
080130137027
080130127013
080130127012
080130127103
080130136011
080130608004
080130136021
080130124011
080130132081
080130133022
080130137026
080130122022
080130124012
080130137011
080130125071
080130125072
080130125073
080130125083
080130125081
080130125082
081230012021
081230012022
081230013001
080130125101
080770010021
081230001002
081230002002
081230003001
081230004011
081230004012
081230004013
080130125091
080130125092
080130125093
080130125102
080130125103
080130125111
080130125112
081230006001
081230009002
081230010041
081230010042
081230010032
080050873003
080050868001
080050869001
080050868003
080050873002
080050854001
080050870003
080050863003
080410051041
080410077001
080410055011
080410077002
080010093072
080010093082
080010093083
080410045022
080590117312
080590117313
080590158003
080590118052
080590101003
080590117331
080010091012
080010091031
080010091041
080010091042
080130121053
080130121054
080010092021
080010093041
080010093042
080010093044
080010093043
080010093061
080010093062
080010093071
080010087053
080010090021
080010090022
080010090023
080010090024
080010090025
080010091011
080330001002
080590102084
080590120342
080590120271
080590117203
080590120302
080590603002
080590103081
080590106031
080590107022
080010092022
080010092031
080010092032
080590111002
080590113004
080590105021
080590105022
080590105023
080590105031
080590105033
080590105041
080590105042
080590106032
080590120503
080590120511
080590120512
080590120521
080590120522
080590120523
080590120524
080590120525
080590120531
080590120532
080590120541
080010092033
080010092041
080010092043
080010092072
080010092061
080690016022
080690013052
080690013061
080690016011
080590119042
080710004001
080590100002
080710008001
080710008003
080559606004
080559606002
080559606003
080559609001
080559606001
080559609002
080690017071
080690017065
080590605001
080959677002
080959676004
080959677001
080959676002
080959676003
080959676001
080690010072
080690010073
080690010081
080690010091
080690010094
080690010095
080690010101
080690010102
080590114021
080590116011
080590117011
080590118031
080590120262
080590120263
080590120322
080590120323
080590120333
080590120343
080590120371
080590120373
080590120482
080590120601
080590120582
080590120584
080590098522
080590106041
080590106042
080590106043
080590107012
080590107013
080590107021
080590107023
080590108011
080590158002
080590109011
080590109012
080590120542
080590120543
080690003001
080590120551
080590120552
080590120553
080590120592
080590120572
080590120573
080690023002
080690023001
080690011063
080690013014
080690026002
080690017042
080690010093
080690010044
080690011123
080690019023
080690018071
080690011094
080690026004
080690010082
080690019032
080690011041
080690001001
080690003002
080690011122
080690016021
080690013011
080690026003
080690018043
080690010092
080690013012
080690010032
080690009023
080050071013
080050803004
080050803003
080050067091
080259696003
080299649002
080259696002
080690011062
080690011064
080690011071
080690011072
080690011073
080690011074
080690011075
080690011091
080690011092
080690011093
080690011101
080690011102
080690011103
080690011111
080690011121
080690018073
080690019031
080690020052
080690026001
080590098521
080590098061
080590098071
080590098072
080590098081
080590098084
080590098151
080590098231
080590109013
080590109015
080590109021
080410021021
080410021022
080410021023
080590109022
080590110002
080590110004
080590110005
080590110006
080590111001
080590111003
080590111004
080590111005
080590112021
080590112022
080590110001
080410022001
080410022002
080399612082
080399612061
080690013041
080690013042
080690013051
080690016012
080690016031
080690016032
080690016033
080690009022
080690010031
080690010033
080690010034
080690010035
080690010041
080690010042
080690010043
080690010071
080410022003
080410023001
080410023002
080410024002
080690011112
080690011131
080690011141
080690013013
080690017043
080690017061
080690017041
080410024003
080690017062
080690017064
080690017063
080690006001
080690006002
080690007001
080690007002
080690009011
080690009012
080690009021
080410025021
080410027001
080410027002
080410027003
080410028001
080410028002
080859663003
080859664002
080859664003
080590102102
080410011042
080410013011
080410013012
080410013013
080410028003
080410028004
080410029002
080410029003
080590098232
080590098233
080590098241
080590098242
080590604002
080590603003
080590603001
080590603004
080590112023
080590112024
080590113001
080590113002
080590114011
080590115501
080590115502
080590115503
080590115505
080590116021
080590116022
080590116023
080590117012
080590117013
080770006013
080770006021
080770006022
080770006023
080770006024
080770006025
080399612091
080399611002
080399612044
080399612041
080399612072
080399612051
080399612071
080399611001
080399612052
080399612043
080399612042
080410029004
080410029005
080410030002
080770014022
080770014041
080770018001
080770002001
080770002002
080770003001
080770004001
080770008001
080770008002
080770012001
080770011022
080770013013
080770008003
080770015021
080770019001
080770017021
080770014042
080770010011
080770010012
080410030003
080410030004
080410031002
080770013023
080770009001
080770014023
080770004004
080770004002
080770006012
080770007001
080770007002
080410031005
080410031001
080410033032
080410033033
080590117261
080770004003
080770005001
080410033072
080410037052
080590098271
080590098272
080590098273
080590098281
080590098284
080590117021
080590117023
080590117024
080590117081
080590117082
080590117083
080590117091
080590117092
080590117093
080590117101
080590117102
080410037053
080410037061
080410037062
080410037072
080410037081
080130607001
080410037082
080410039051
080410013021
080410013022
080410013023
080410014001
080410014002
080410039052
080410039053
080410039061
080590098283
080590098322
080590098331
080590098332
080590117103
080590117111
080590117112
080590117113
080590117114
080590117123
080590117121
080590117201
080590117202
080590117204
080590119511
080859666021
080859664001
080859663005
080859662022
080859662012
080859663001
080859663002
080859661002
080859663004
080010096033
080010096041
080010096042
080590105043
080590117122
080590117211
080010096061
080519636004
080519636003
080519637003
080010096071
080050074004
080050076004
080050077031
080590098333
080590098335
080590098341
080590098342
080590098343
080590098351
080590098352
080590098361
080590098362
080590117212
080590117232
080050065021
080050056202
080299649003
080299651003
080010096082
080010097521
080010097511
080710002002
080710002001
080710003001
080710001001
080010095022
080010095023
080050071052
080710001002
080710005001
080710004002
080710004003
080710001003
080710002003
080050836002
080050855002
080050873001
080050870002
080050071014
080050071031
080050068082
080050808001
080050821003
080050073021
080010095531
080010085292
080010091013
080050846003
080050055511
080050058002
080710003002
080710008002
080519638002
080050857001
080050056282
080050071011
080050870001
080050073012
080050822003
080050857004
080050802004
080050073023
080050057001
080050833002
080050823001
080050062002
080050061002
080050056232
080050068081
080050061001
080050055512
080050055532
080050055533
080050056113
080050059521
080050805001
080050824002
080050838001
080050055522
080050055531
081159683001
080010094102
080010095012
080519636005
080519639001
080519638001
080519636002
081159683003
080050861001
080050838003
080050812003
080050059514
080050067131
080050863001
080050806003
080050071061
080050831001
080519638003
081159683002
080010095532
080010096072
080010096081
080459517023
080039603001
080010096031
080010096032
080039602003
080130609002
080130127053
080130133053
080130133051
080130613001
080039602005
080039602006
080039603004
080039603003
080140305004
080039603002
080039600002
080039602004
080039601003
080039602002
080039601001
080039602001
080039601002
080039600001
080770003002
081230001003
080310015003
080310083882
080310041061
080310013014
080310036015
080310041071
080310156001
080310157004
081230019021
081230002001
081230012013
081230013003
081230025021
081230016003
081230008001
081230015003
081230023004
081230009001
081230017004
081230025022
081230010033
081230004021
080410063013
080410063011
080410071011
080010085265
080010601001
080010601002
080010602001
080410069012
080410069011
080839692001
080839692002
080839696001
080839694004
080839696002
080839693006
080839691001
080839690002
080839693007
080839690001
080839693002
080410067004
080410074001
080010095011
080010093191
080010085461
080010096073
080010080005
080010093103
080010087061
080050851003
080010092042
080010094061
080010079001
080010086061
080010150001
080010078021
080010078011
080050830001
080050860001
080130135051
080130135033
080130135031
080130135072
080130135081
080130135071
080130136013
080130133083
080130137023
080130137025
080590120574
080590098523
080590117322
080590117242
080010085052
080010085054
080010078012
080010085051
080010085055
080010085056
080010085061
080010080006
080010081001
080010082001
080010082002
080010079002
080010079003
080350141082
080010079004
080010080003
080010080004
080010083081
080010083083
080010083092
080050854002
080050820003
080050068564
080010083535
080010084022
080010083093
080410060002
080410072022
080410037022
080410047022
080410020003
080410025011
080410039022
080410037051
080410075001
080410030001
080410040081
080010084012
080410011041
080130129031
080130129041
080130129042
080130129071
080130129072
080130608002
080130608003
080130130031
080130130032
080130130033
080130130034
080130123001
080010085454
080010085455
080010085451
080010602002
080010085291
080010085293
080010085491
080010085472
080010085462
080010085501
080010085504
080350140051
080350141271
080350145031
080350141322
080050839001
080050839002
080050071071
080350141302
080350141321
080350141131
080350141151
080350141152
080350141361
080679706003
081230020211
081230019052
081230019073
081230020051
081230020081
081230021023
081230022061
080140309002
080140306002
080140313001
080140307001
080140309003
080140302001
080410002024
080410033082
080410005002
080410014003
080410049012
081010027004
081010027005
081010027006
081010028011
081010028012
081010028013
081010028014
081010028015
081010028021
081010028022
081230021021
081230023002
081010028023
081010028072
081010029011
080310044052
080050872001
080310083891
080810005002
080810005006
080810005001
080770017031
081010029031
081010029121
080770017032
081230021034
080050847004
080050847003
080050841001
080050841002
080050841003
080050842002
080050848001
080050848002
080050842003
080050842001
080050843001
080050844002
080050844001
080050858001
080319800001
080690020112
080590102082
080590102091
080590102093
080590102094
080590102101
080590102111
080590102112
080590102113
080590102122
080590102123
080590102124
080590120372
080590120381
080590120382
080590120391
080590120392
080590120393
080590120394
080590159001
080990003002
080690020111
080690020113
080590120602
081010031051
081010029131
081010028042
081010028061
081010028062
081010032002
081010029012
081010029171
081010030042
081010030011
081010031061
081010020004
081010029062
081010029032
081010029182
081010031031
081010031032
081010028043
081010029181
080970001005
080970001001
080970001002
080970004013
080970004011
080970004021
080770007003
080770017062
080770011024
080770015011
080770015013
081010030041
081010031043
081010029151
081010029162
081010028082
080970001003
080970005001
080439801001
080439781004
080310014032
080310015001
080310011022
080310013012
080310013013
080310013021
080310013022
080770017022
080770017023
080310014011
080310014012
080050803002
080050804002
080050804004
080050834001
080050810001
080050810002
080050810004
080310027013
080310027023
080310027024
080310014022
080310027025
080310027031
080310027033
080310027034
080310028011
080310028012
080310028013
080310018001
080310018002
080310019011
080310019012
080310015002
080310016001
080310016003
080310017011
080310017021
080050067114
080050068152
080050843002
080310017022
080310020001
080310021002
080310021004
080050056122
080050068572
080050073011
080050816001
080050067113
080310023003
080310024031
080310024032
080310024033
080310026011
080310026012
080310026021
080310014013
080310014014
080310014015
080050827002
080050828003
080050828004
080050848003
080050066031
080050827001
080050826002
080050817001
080050835005
080050075001
080050867002
080050867001
080050860004
080050872002
080050809001
080050806002
080050863002
081139681012
081139681032
080050819002
080050068151
080050061003
080050066011
080050056112
080050067083
080050056331
080050067082
080050056321
080050067074
080050056322
080050066042
080050060003
080050067044
080050859002
080050860002
080050056311
080050056191
080050056284
080050067092
080050067093
080050067094
080050067111
080050067112
080050151002
080050056114
080050801003
080050072011
080050073024
080050065022
080050056291
080050056292
080050055521
080050804001
080050059512
080050068541
080050802001
080050818003
080050800001
080050840003
080050063004
080050063003
080050063001
080050066012
080050056143
080050056201
080050067043
080050835004
080050833001
080050833003
080050845001
080050845002
080050066013
080050074001
080050835001
080050828002
080050818002
080050818001
080050819003
080050819001
080050056211
080050802003
080050803001
080050057003
080050076001
080050800002
080050801002
080050873004
080050846001
080050832004
080050831003
080310041024
080050808002
080050807001
080050807002
080050805002
080050049521
080050056262
080050846004
080050067063
080050067073
080050067072
080050067081
080050802002
080050801001
080050062004
080050810003
080050816004
080050816002
080050056271
080050056241
080050068583
080050831004
080050869002
080050056313
080050056302
080050056272
080050872003
080050873005
080050816003
080050825002
080050829003
080050829001
080050834002
080050834003
080050068581
080050804003
080050814001
080050062003
080050071051
080050068571
080050811004
080690013081
081230005012
080590159002
080590117293
080590120413
080690016051
080690028013
080690002012
080690002021
080690002022
080690005051
080690017081
080690018092
081099777003
081099776003
081099776001
081099777002
