090091756004
090075420001
090075420002
090075420003
090075421001
090075501001
090075421002
090034842002
090091756005
090091759004
090091760002
090075422001
090075602002
090075602003
090075602004
090075701002
090034158002
090075701003
090075702001
090075702002
090075703002
090091841001
090091841002
090091841004
090091841005
090076102001
090076102003
090093525002
090093526001
090093526002
090075703003
090075703004
090075801002
090093525001
090091801001
090091801002
090091801003
090076102004
090093527011
090093527012
090093527021
090076201001
090076201002
090091942012
090091841003
090075851002
090075801001
090075901002
090076001001
090076104001
090076401001
090076401005
090076702002
090079901000
090076201003
090091862001
090091942013
090091842003
090091503003
090091802001
090091802002
090091802004
090091803001
090091548001
090091414004
090091903011
090091712004
090091655001
090075411001
090075411002
090075412003
090075413001
090091803002
090091804001
090091805001
090075414011
090075414023
090075415001
090075415002
090091805002
090075502012
090076801003
090075901001
090076802005
090076103002
090076801002
090076802003
090076801001
090076001003
090076103003
090075901005
090076802002
090075601003
090075421003
090076103001
090076101001
090076401004
090076401003
090076301003
090075601002
090075851003
090075701001
090075414021
090076401002
090075703001
090075801004
090076802001
090075901006
090075417001
090075417002
090076802004
090076701003
090075602001
090075951012
090076201004
090075851001
090076701002
090075501003
090075501004
090076301006
090091903022
090091547007
090093481233
090093523002
090034168001
090091411002
090091551001
090093461021
090093411002
090091903033
090091942021
090076301001
090034165003
090034166001
090034167001
090034167002
090034167003
090034167004
090034167005
090034167006
090034306021
090034602021
090034603011
090034603012
090034603021
090034603023
090034661011
090034661012
090034661013
090034621011
090034621012
090034621013
090034621014
090034621021
090034621022
090034622012
090034168002
090034171001
090093528002
090010204002
090010906001
090012301001
090012303002
090010301001
090010903004
090012571003
090012402002
090012305022
090010215002
090011051002
090034154004
090034302011
090034302012
090034302022
090034302031
090034154005
090034155002
090034156002
090034156003
090034157002
090034157003
090034158001
090034158003
090034303012
090034303011
090034303021
090034304001
090034160001
090034160003
090034160002
090034161001
090034161002
090034161003
090034162001
090034162002
090034162003
090034163001
090034163003
090034304002
090034305001
090034306013
090034681013
090034306022
090091901003
090093431012
090091801005
090091844002
090135303012
090116909004
090093515003
090093515004
090093516011
090093516013
090034207001
090034207002
090034301001
090034301002
090091902002
090091846002
090091502002
090091509001
090091511002
090010504002
090091427003
090158003002
090034101023
090034602043
090034735021
090034944003
090035241005
090093527022
090093613002
090093613003
090035042004
090035014001
090035031005
090035144004
090039800001
090034002002
090091653002
090091702003
090091801004
090091941002
090091942024
090093431022
090093452012
090093502001
090093516012
090093611002
090091201001
090091202001
090091202002
090099900000
090034305003
090034602032
090034101011
090034101013
090035141021
090034155003
090091302002
090034662021
090034664002
090034771011
090034964003
090034153002
090034159002
090034166002
090035009002
090035028002
090035143004
090034841002
090034681011
090035144001
090034711001
090034641013
090035027002
090034970002
090034737005
090034157001
090034714003
090034813002
090091861001
090091673002
090091845001
090091510004
090091415002
090091549001
090091671006
090091941004
090093481221
090091760003
090091571002
090093502002
090093516023
090091419003
090052621001
090093481232
090091425004
090091602001
090091571001
090035143002
090034734002
090035029001
090035048001
090034842003
090034809002
090034810002
090034681023
090034772001
090091424002
090034962003
090034155001
090034622011
090091707002
090091547002
090091548004
090091755003
090093442001
090091672012
090091671007
090091414003
090091406005
090034945004
090091714001
090091714002
090034812002
090034681014
090034681022
090093509001
090093481112
090091703001
090091542002
090035247002
090034302021
090034622013
090035202011
090034306012
090034681015
090035018002
090034303022
090034735013
090034963003
090117024002
090116935001
090116909001
090117027002
090117026001
090091402001
090091201004
090091201002
090091201003
090091253003
090076301002
090034058002
090076701004
090076702004
090054255001
090091716002
090091716003
090091716004
090091717001
090091715001
090091715002
090091717002
090091509002
090091903031
090091755004
090091512001
090091902003
090091903014
090034159001
090034711002
090034058004
090034808004
090034812003
090035202012
090035009001
090034735011
090035144002
090034003005
090034204001
090035151022
090034661024
090034663001
090034681021
090034621015
090034661021
090034661023
090034662011
090034060022
090034602022
090034737006
090035104003
090035202021
090034967002
090034976001
090034771012
090034872012
090035243002
090034811001
090034842001
090034944001
090034962002
090035003001
090034971003
090034971004
090034977004
090035205011
090035023003
090035030002
090035040003
090035109003
090035143005
090034001001
090035026001
090034771013
090012052001
090011103022
090010701001
090075502021
090034056004
090034056005
090034056006
090034056007
090034057002
090119901000
090117161012
090118707031
090117028002
090117012003
090034975001
090034163002
090034164001
090034164002
090034164003
090034165001
090034165002
090034165004
090034165005
090034601001
090034601002
090034602041
090034602042
090010428004
090010429001
090010429002
090091903013
090091903024
090093527023
090010430001
090010430002
090010604004
090010606001
090010606002
090091941003
090010607001
090010738003
090010801002
090010801003
090010801004
090010802001
090010802002
090010802003
090116965003
090116966002
090116967002
090010430003
090010431003
090010607003
090010607005
090010608001
090010608002
090010609001
090010804003
090010805002
090010805003
090010806001
090091942014
090091942022
090091942023
090093411001
090093411003
090010431001
090010432001
090010432002
090010432003
090010902003
090010609002
090010610001
090010610002
090010611002
090010611003
090011102022
090011103011
090011104002
090011105002
090011106001
090012001001
090093411004
090093431011
090135291004
090135301001
090135301002
090135301003
090135302003
090010433001
090010433002
090010434001
090010434002
090010434003
090010612001
090010613001
090010613002
090010614001
090010614002
090010809002
090010809003
090010810001
090010810002
090010810003
090117024001
090117024003
090117025001
090010502001
090012052003
090010501002
090010506003
090010729003
090012402003
090010215004
090010353002
090010711003
090010907003
090011003003
090011103021
090010452001
090010203004
090010442003
090012454001
090012401002
090010904003
090012301003
090012303003
090012109004
090010603003
090091806011
090091806013
090091806021
090010801001
090011003002
090010551002
090010202001
090010611004
090012202002
090010722003
090012304002
090012454002
090010201003
090091806022
090135306002
090135331013
090135331023
090053601001
090135351001
090053601002
090091757002
090091759001
090091759002
090091757001
090138401005
090052931001
090052983003
090053001002
090053031002
090053061001
090053061002
090035015001
090035015002
090053601004
090035017001
090035018001
090035018003
090035021001
090035023001
090035023002
090035023004
090035150001
090035150002
090035150003
090035151011
090035151012
090053101001
090135351005
090035024002
090035024003
090035025001
090035023005
090135351006
090135352001
090135352003
090035024001
090035026002
090035028001
090035029002
090116961001
090035151021
090035030001
090035031002
090035031003
090035031004
090035029003
090138902012
090135261021
090138601003
090053101002
090053101003
090053102001
090053102002
090053103001
090035246004
090035246002
090035246003
090035246001
090035035001
090035245022
090035152001
090035202022
090035202023
090117071003
090117161021
090116952013
090117151001
090116952014
090116937002
090117012001
090116937001
090117111001
090116952021
090117161013
090116962003
090116601011
090116967001
090116962001
090117092001
090116933002
090035039002
090116965001
090117121001
090117028001
090117029001
090117029003
090117030001
090053103002
090053104001
090053104002
090053105001
090053105002
090053106021
090035037001
090035037002
090035039005
090035043002
090035039004
090035039003
090035203012
090035203021
090035040002
090035041001
090035042001
090035042003
090035043001
090035245013
090035245012
090053492001
090035204001
090135352004
090035204002
090035204003
090035204004
090135352002
090135382013
090135382014
090052632001
090053004001
090052611004
090052535001
090052532001
090053621012
090054256002
090052961002
090052534001
090052961001
090052533002
090052681001
090052536002
090035048002
090035045001
090035045002
090035045003
090117071001
090035241001
090035241002
090035241003
090035241004
090135351003
090053106022
090053106023
090053107004
090053108011
090117081001
090116952024
090116964001
090116964003
090118701001
090116904001
090117101002
090116964004
090117011003
090116601021
090116501001
090116963002
090116601013
090117001003
090117091003
090117121002
090117081002
090116933001
090117131001
090116952022
090116952011
090116952012
090117011001
090117054002
090053621013
090117030002
090117051022
090117051024
090117051013
090053491001
090053107003
090052602003
090052536001
090052535002
090052621003
090052532002
090052984002
090053001001
090053061003
090052671004
090053492003
090054253003
090053601005
090053421003
090053004002
090053421002
090052534002
090052611002
090052535004
090052661002
090053061004
090052651001
090053421001
090035048004
090035049001
090035101001
090035102001
090035102002
090035103001
090053108012
090053108033
090091842001
090091843001
090091843002
090091843003
090053201003
090035103002
090035103003
090035104001
090035104002
090035104004
090035105001
090035106002
090135382021
090135382022
090138401003
090138501002
090053107002
090053108031
090052984001
090052602002
090052983002
090052535003
090052671002
090053621021
090053621022
090053202003
090053201001
090053491002
090053005001
090052671003
090052531001
090053621011
090053602003
090053621023
090052501002
090117151002
090053201004
090035106004
090035107001
090035107002
090035107003
090035107004
090035108001
090052531002
090052532003
090052533001
090052534003
090052534004
090052602001
090052611001
090052611003
090117092002
090117001001
090117011005
090117012002
090117071002
090117141013
090117161023
090118701004
090116501003
090116601022
090052901002
090117051011
090117052002
090052621002
090054256001
090052671001
090052901003
090135281001
090035108002
090035108003
090035109001
090035109002
090035109004
090035110001
090091756003
090035110002
090035110003
090035111001
090035111002
090035111003
090035112001
090138502005
090138811004
090138813001
090138815003
090138901001
090138902023
090091406002
090035112002
090035112003
090035113001
090035113002
090035114001
090035114002
090158003003
090091409001
090091409002
090158004001
090158004002
090158004003
090093451004
090053604002
090091413003
090010451023
090012455002
090010203003
090010206001
090010206002
090012003012
090012305012
090010723003
090010102012
090011106002
090010435001
090010451021
090010451022
090091547003
090091547004
090091547005
090091547006
090091548005
090118705011
090117011004
090118705021
090117141041
090091406003
090091407003
090091407004
090091407002
090091405003
090091406001
090091408001
090091408002
090091408003
090091653001
090091408004
090091548002
090091549002
090091549003
090091549004
090091550003
090091550002
090091510002
090091511001
090091551003
090091551004
090091572001
090091572002
090091572003
090091512002
090091541001
090091713002
090091713003
090091541002
090091511003
090091573001
090091573002
090091573003
090091425005
090091426011
090091426012
090091426013
090091426014
090091426031
090034875001
090091574002
090091574003
090091574001
090034875002
090035245011
090034206001
090091426042
090091427001
090035141023
090035141022
090091427002
090117027001
090091427004
090091428001
090091428002
090091574004
090091601001
090091601002
090091601003
090091602002
090091428004
090091428005
090091501001
090091501002
090091501003
090091502001
090091428003
090053604003
090091602004
090091611001
090091611002
090034204002
090034054022
090034054012
090091503001
090091503002
090091503004
090091504001
090053106012
090053201002
090054253002
090054254001
090091611003
090091611004
090091651001
090091651003
090091413004
090091414001
090091414002
090091504002
090091504003
090091504004
090091505001
090091505002
090091505003
090091505004
090034841004
090034738002
090034207003
090035201001
090035201002
090091651002
090091652001
090091652002
090091652003
090091506003
090091654001
090091415006
090091415007
090091416001
090091415004
090091415005
090091416002
090091416003
090091418001
090091506001
090091506002
090091656001
090091506004
090091654003
090091654004
090091655002
090091655004
090091654002
090091655005
090091422002
090035141012
090035141011
090034715002
090034715001
090034771023
090091656002
090091419002
090091419004
090091418003
090091418004
090135291001
090138502002
090091419001
090091421001
090091422001
090010102022
090091506005
090091507001
090091507002
090091507003
090091508001
090035203023
090034305002
090034101012
090035243001
090035243004
090091713004
090035203022
090034942013
090035201003
090034603022
090034622021
090034057001
090033301001
090034054021
090035012001
090034001003
090034806004
090034872021
090034875003
090159011005
090159031001
090159031002
090159031003
090010805001
090010901001
090012302002
090010905002
090118702003
090116909003
090116935002
090118707011
090118707041
090118707043
090117053003
090116903002
090116903003
090116903004
090116904002
090116905001
090117111002
090117141011
090117141012
090117021001
090117161011
090117161022
090010111003
090010110005
090010224002
090010113001
090010446002
090091253002
090093461013
090091302003
090093614021
090093528003
090117052003
090117051012
090117141031
090117141042
090118705012
090116907001
090010451013
090012114002
090011002003
090010703001
090011103012
090093528001
090116908001
090116908002
090116908003
090118701002
090116501002
090116601012
090116936003
090116963001
090117001002
090117052001
090117054001
090117091002
090117131002
090117141033
090118701003
090118701005
090091508003
090091511005
090091660012
090093434004
090091658011
090075501002
090075601001
090075801003
090117029002
090117051023
090116933003
090118707042
090159011004
090159025001
090159025002
090159011003
090158150002
090159044003
090159011001
090158005004
090159072003
090159081001
090159041001
090159002001
090159001004
090158005006
090159001003
090159011002
090158150001
090158005001
090159022001
090158301005
090158005003
090159061003
090159002003
090159051001
090159071001
090159002002
090010201002
090053602004
090053602002
090053108032
090053106011
090054254003
090054254002
090053005002
090053108041
090053492002
090010506001
090010303003
090012114001
090010551001
090011002004
090011103013
090158006002
090011052002
090011106004
090011104001
090093523001
090010103002
090159061001
090159073002
090159025003
090158301002
090159041003
090159071003
090159072004
090159051002
090159041002
090158301001
090159044001
090159081002
090116962002
090010217002
090116962004
090116964002
090010615004
090116964005
090116965002
090135291002
090010427002
090010427003
090010428001
090010428002
090010428003
090010604001
090010604002
090010604003
090010734003
090010735001
090010735003
090010736002
090010737001
090010737003
090010737004
090010737005
090010738001
090010738002
090010435002
090010435003
090010436001
090010436003
090010437001
090010615001
090010615002
090010615003
090035143003
090010616001
090010812002
090010812003
090010812004
090010813001
090010813002
090116968001
090116968002
090116970001
090116970002
090117011002
090010217004
090010218011
090010218012
090010218013
090010218021
090010218022
090010437002
090010438001
090010438004
090010438005
090010438006
090010439001
090010616002
090010616003
090010701002
090010701003
090010701004
090010904002
090010302001
090010302002
090010302003
090010303004
090010304001
090010446003
090010453001
090010453002
090010719001
090010719002
090010720001
090010720002
090010721001
090010721002
090010721003
090010722001
090010722002
090010902004
090010903001
090010903002
090010903003
090010804002
090010807001
090010807002
090010304002
090010304003
090010305001
090010305002
090010454001
090010454002
090010501001
090135303021
090135304003
090010502002
090010723001
090010723002
090010724001
090010724002
090010725001
090010725003
090010725004
090135305001
090135306001
090138815001
090138901003
090010907001
090010907002
090118703002
090118703001
090118703004
090116903001
090117053001
090117091001
090117092003
090117092004
090117092005
090035142001
090035142002
090035142003
090035143001
090035144003
090035144005
090117101001
090117101003
090034974002
090034975004
090034975002
090034976002
090034976003
090035145001
090035149001
090035145002
090035145003
090035146001
090034977001
090034977002
090034977003
090035002001
090035003002
090035146002
090035146003
090035146004
090035146005
090035147001
090035147003
090035147004
090035005002
090035007001
090035244002
090035244001
090035012002
090035005001
090035013001
090035148001
090010101014
090035149002
090035149003
090053031001
090091843004
090091844001
090093505002
090034731001
090010216002
090010216003
090010216004
090010215001
090010216001
090010217001
090010217003
090010813004
090010213001
090010213002
090010213003
090010214001
090010214002
090010214003
090010214004
090010208002
090010211002
090010211003
090010212002
090010212003
090010209002
090010209003
090010210001
090010210002
090010211001
090010506002
090010612002
090010712003
090010737002
090012303001
090012304004
090012452003
090012453003
090019900000
090010813003
090010101011
090010101012
090010102013
090010102011
090093514002
090010102021
090010103001
090010110004
090010110003
090010111001
090010111002
090010104001
090010104002
090010104004
090010105001
090010105002
090010105003
090010105004
090010105006
090010106001
090010106002
090010106003
090010107001
090010107003
090010208003
090093513003
090093513004
090093513005
090093513001
090093514001
090093514003
090034806001
090093515001
090093515002
090093508002
090093508003
090093508004
090093512002
090093512003
090093509002
090093510001
090093510002
090093510003
090093511001
090093512001
090053603001
090053604001
090091202004
090158003001
090091251001
090091251002
090091252002
090091253001
090091254001
090091254002
090091301011
090091302001
090158005005
090158006001
090158006003
090091401001
090091403001
090091404001
090091405001
090091405002
090091202003
090159002004
090075901003
090076001002
090076104002
090076301005
090076702003
090091409003
090091409004
090091409005
090091410003
090091410001
090158007001
090158007002
090158007003
090158200001
090158250001
090091412001
090091412002
090091413002
090091411001
090158301003
090158301004
090138813004
090135261012
090135261022
090138901002
090138902013
090138902011
090091656004
090091657001
090091657002
090091657003
090091657004
090091658012
090091656003
090091423003
090091423004
090091423001
090091424001
090091424004
090091425001
090091425002
090091425003
090091658013
090091658021
090091658022
090091658023
090091658024
090091659001
090091508002
090091510001
090117053002
090091542003
090091542006
090091542004
090093615001
090093615003
090091541004
090091541005
090091541003
090091542001
090091659002
090159001001
090091545004
090091545003
090091545002
090091546001
090091546002
090091546003
090091546004
090093615002
090091547001
090159001002
090159031004
090159051005
090034923004
090035048003
090159031005
090159031006
090159031007
090034002003
090034055002
090034771024
090035106001
090035105002
090034962004
090159031008
090159032002
090159072002
090053202002
090053202004
090053602001
090053603002
090053621024
090093502003
090034061004
090034055001
090034602031
090035038001
090159044002
090159073001
090034053003
090034053002
090093516024
090093517001
090093517002
090093518001
090093518002
090035001001
090035025002
090035027001
090035031001
090035042002
090035033001
090035033002
090159032001
090159051004
090159073004
090093518003
090093519001
090093520001
090093520002
090093520003
090091704001
090091705001
090091705002
090091705003
090034054023
090034054011
090093516014
090093516021
090093516022
090034302032
090035014002
090035027003
090035001002
090135281002
090093521002
090093521003
090093522001
090093521001
090091705004
090091706001
090091706002
090091708001
090091708002
090091708003
090091708004
090091708005
090091712005
090091711003
090091711002
090091712002
090116601023
090116601024
090010439002
090091710001
090091711001
090012003024
090091712003
090091712001
090034302033
090091702002
090091701001
090091701002
090091702001
090091703002
090035141024
090159044004
090159045001
090159045002
090159045003
090054253001
090091715003
090091671003
090091407001
090093481231
090093461022
090091903023
090034661022
090075416001
090075951021
090075414022
090053604004
090053604005
090053604006
090010503005
090012105003
090012052002
090116905002
090117023001
090117027003
090117025002
090116967003
090010904001
090010904004
090011001001
090012104003
090012107011
090012107013
090091660023
090093441001
090091717003
090093452021
090116909002
090116934001
090116934002
090118705013
090118703003
090011001002
090010445002
090010444001
090010431002
090093481241
090093452023
090093434003
090093524002
090093524001
090116934003
090116934004
090012001002
090116936001
090054255003
090010710001
090010702002
090010714003
090010736001
090010804001
090012107023
090093526003
090093526004
090091252003
090091302004
090091403002
090091426032
090091420002
090116936002
090118705022
090138815002
090138813003
090138902021
090135382023
090138601001
090135381001
090091420003
090091410002
090091412003
090091655003
090091416004
090091419005
090091423002
090091424003
090091673003
090117030003
090117051021
090116952023
090116961002
090116961003
090116961004
090091541006
090091542005
090091660013
090091654005
090091709001
090091707001
090091711004
090138401002
090135382012
090135331015
090135304002
090138502001
090138811001
090138811003
090135331024
090135331014
090135331022
090135305002
090138502003
090138601004
090138601002
090138813002
090138902022
090138401004
090135351004
090138502006
090135351002
090135261011
090138815004
090135331011
090138501001
090138502004
090138811002
090093453002
090034701004
090035013002
090034841003
090035152002
090035147002
090034806003
090034763001
090091802005
090091759003
090091751002
090091751001
090091753003
090091806012
090093504002
090093613001
090012112001
090010102024
090012104001
090011106003
090010709002
090012305011
090093513002
090091301021
090091426041
090091301012
090091404002
090091545001
090012401001
090093471002
090093471003
090093472001
090093472002
090093501001
090093508001
090093614011
090091510003
090093615004
090091550001
090091548003
090091551002
090093452011
090093452013
090093453001
090093453005
090091415001
090093454001
090093454002
090093454003
090054255002
090093454004
090093454005
090093454006
090093471001
090034736011
090034736012
090093503001
090093503002
090093503003
090093504003
090093504001
090093505001
090034736013
090034734001
090034735012
090159041004
090159072001
090159071002
090159051003
090159073003
090159061002
090093453003
090091420001
090093453004
090091412004
090091413001
090010440004
090034736022
090034736021
090034737001
090093511002
090091802003
090034737002
090034737003
090034737004
090034738001
090034761001
090034761002
090091941005
090034058001
090034058003
090034059001
090034059002
090034059003
090034060011
090034060012
090034060021
090034061001
090034153001
090034154001
090034154002
090034154003
090034761003
090034762001
090034762002
090034763002
090034662012
090034662022
090034061002
090034061003
090034763004
090034763003
090034663002
090034946002
090034771021
090034771022
090034663003
090034663004
090035106003
090034663005
090093501002
090034306011
090117141032
090117012004
090117021002
090118702001
090116966001
090117141034
090034664001
090034681012
090034701001
090034701002
090034701003
090034711003
090053491003
090052681002
090052501001
090054256003
090052661001
090052632002
090093502004
090093501004
090034712001
090034713001
090034713002
090034713003
090034713004
090034714001
090034714002
090034731005
090034731003
090076101002
090034156001
090053202001
090053107001
090052983001
090052901001
090053601003
090010901002
090012304001
090011103014
090010705002
090010735002
090010501003
090011051001
090010442002
090010303001
090012453002
090010103004
090010351005
090010354004
090012571002
090010716001
090012305021
090011003001
090012453001
090010503004
090011105003
090011105001
090010607002
090010101023
090010101021
090012451002
090010303002
090010103003
090010602001
090010739002
090034735023
090010113003
090010201001
090010205002
090010207002
090010207004
090010209001
090010215003
090118702004
090119800001
090034735022
090075412001
090034641012
090076801005
090034921003
090075413002
090091659003
090091659004
090091659005
090091660011
090091660014
090010305003
090010351001
090010351002
090010502003
090010503001
090010503003
090010504001
090010726001
090010726002
090010726003
090010726004
090010726005
090075414013
090075413003
090075414012
090075502023
090091672013
090091672021
090091672022
090091671005
090091672011
090091672023
090091673001
090010351003
090010351004
090010353001
090010505001
090010505002
090010505003
090010505004
090010727001
090010727002
090010727003
090010728001
090010728002
090010728003
090010552001
090010739003
090010739004
090010740001
090010740002
090010743001
090034772002
090010725002
090010902002
090012051003
090010605001
090010503002
090010202002
090010203001
090010352002
090010438003
090012451001
090010101022
090010354001
090012455001
090010207003
090010354003
090010425001
090010425002
090010425003
090010551003
090010552002
090010601002
090010602002
090010203002
090010352001
090012452001
090011002001
090010436002
090012108003
090011102023
090010743002
090012003023
090012203002
090010607004
090010354002
090012402001
090010729001
090010729002
090010730001
090010731001
090010731002
090034641023
090012105002
090012456003
090010101013
090010102023
090010104003
090010104005
090012105001
090012456004
090010610003
090010301002
090010902001
090010451012
090010104006
090010601001
090034967003
090010704001
090010426001
090010426002
090010426003
090010426004
090010427001
090010602003
090010602004
090010603001
090010603002
090010731003
090010732001
090010732002
090010733001
090010733002
090010734001
090010734002
090093452022
090012002004
090012003011
090091660022
090091660024
090012003013
090012053001
090012053003
090012101001
090010105005
090010108001
090010108002
090012101002
090012101003
090010109001
090010109002
090010111004
090010113002
090091660021
090091713001
090093614022
090091671001
090091671002
090091671004
090011001003
090011105004
090012051001
090012108001
090012111001
090012113003
090012202001
090012202003
090012102001
090012102002
090012102003
090012103001
090012104002
090012104004
090012105004
090012106001
090012107021
090012108002
090012109001
090012112003
090012113001
090012113002
090012201001
090012201002
090012201004
090012202004
090012203001
090158005002
090091752002
090091753001
090012002001
090012002002
090012002003
090012003021
090012003022
090012051002
090135291003
090135302001
090012106002
090012106003
090012106004
090012106005
090012107012
090012107022
090012109002
090012109003
090012110001
090012110003
090135304001
090012203004
090012203003
090012302001
090012304003
090012456002
090091845002
090091846001
090091847001
090091861002
090091861003
090091861004
090091861005
090091861006
090091862002
090091862003
090091862004
090093611001
090093611003
090093611004
090093612001
090091901001
090091901002
090091902001
090093612002
090093612003
090091903012
090091753004
090091755005
090091756001
090091756002
090091755001
090091755002
090091754004
090091753002
090091754002
090035245021
090034945003
090034946001
090034961001
090034961002
090034961003
090034962001
090034772003
090035243003
090034803001
090034962005
090034967001
090034967004
090034968001
090034968002
090091302005
090034969001
090034969002
090034969003
090034803002
090034804001
090034804002
090034805001
090012053002
090012103003
090012103002
090034963001
090034963002
090034964001
090034964002
090034965001
090034805002
090034806002
090034807001
090034807002
090034808001
090135303013
090034965003
090034966001
090034966002
090034808002
090034808003
090034809001
090034810001
090034811002
090034812001
090034813001
090034841001
090034871002
090034871003
090034871001
090034731002
090034731004
090035152003
090034737007
090034921001
090034871004
090034872011
090034872022
090034873001
090034873002
090034874001
090034874002
090034874003
090035247001
090034101022
090034901001
090034901002
090034963004
090034965002
090034968003
090034964004
090034975003
090035004001
090035040001
090035049002
090034901003
090035242004
090035242002
090034101021
090035242003
090034903021
090034903022
090034903023
090034903024
090034903025
090034921002
090034922001
090034922002
090034922003
090035145004
090035148002
090035151023
090035203011
090034872013
090034922004
090034923001
090034923005
090034923003
090034923002
090034924001
090034924002
090034925001
090034925002
090034926001
090034926002
090034926003
090034926004
090034926005
090034205002
090035242005
090035039001
090035247003
090034205003
090034926006
090034941001
090034941002
090034941003
090034941004
090034942012
090034942011
090034942021
090034942022
090034943001
090034943002
090034943003
090034944002
090034945001
090034945002
090053001003
090034974003
090034974004
090034969004
090034969005
090034969006
090034969007
090034970001
090034970003
090034970004
090034971001
090034971002
090034972001
090034972002
090034973001
090034973002
090034973003
090034973004
090034973005
090034974001
090035021002
090035113003
090035205012
090091754001
090091760001
090091758002
090091847003
090093481252
090093481242
090075951013
090075502022
090075851004
090076702001
090075851005
090076801004
090075502011
090075901004
090075951011
090075951022
090076301004
090093614012
090091941001
090091252001
090091301022
090093461011
090093432003
090091407005
090093614013
090091406004
090093431013
090093431014
090093481111
090093481251
090091415003
090093432001
090091942011
090034662023
090034712002
090034641011
090034641021
090034641022
090035242001
090010212001
090010107004
090010107002
090010108003
090010108004
090010109003
090010109004
090010110001
090091602003
090093501003
090091903032
090091752001
090091758001
090091660025
090093461012
090010110002
090010112002
090010204001
090093519002
090091716001
090093433003
090012456001
090093481222
090091511004
090093441003
090010205001
090010206003
090010207001
090010208001
090135261023
090010112001
090010451011
090010551004
090011052001
090012305023
090034171002
090034172001
090034173001
090034174001
090034174002
090034175002
090034175003
090034175001
090034205001
090034205004
090034206004
090034206005
090034206003
090034206002
090091842002
090091847002
090091754003
090091418002
090091903021
090012452002
090011102011
090010103005
090010217005
090010552003
090010604005
090011102021
090010438002
090012301002
090010611001
090010205003
090012114003
090011104003
090010808001
090010739001
090034052003
090034052004
090034053001
090034053004
090034055003
090034055004
090034056001
090034056002
090034056003
090010905001
090010905003
090010905004
090010906002
090093434001
090093434002
090093431021
090010218023
090010219001
090010219002
090010219003
090010219004
090010220001
090010220002
090010439003
090010439004
090010440001
090010440002
090010440003
090010440005
090010702001
090010705001
090010706001
090010706002
090010709001
090010702003
090011002002
090011101001
090011101002
090011102012
090012110002
090012401003
090012571001
090093441002
090093451001
090093451002
090093451003
090135302004
090135302002
090135303011
090135303022
090135303023
090135331012
090135331021
090135382011
090138401001
090138501003
090138812001
090010221001
090010221002
090010221003
090010222001
090010222002
090010441001
090010441002
090010442001
090010442004
090010443001
090010443002
090010710002
090010711001
090010711002
090010712001
090010712002
090010712004
090010713001
090010713002
090034052002
090010808002
090010808003
090010808004
090010808005
090010809001
090093432002
090093433001
090093433002
090010743003
090010743004
090010223001
090010223002
090010223003
090010224001
090010443003
090010443004
090010444002
090010445001
090010446001
090010714001
090010714004
090010714002
090010716002
090012572002
090012572001
090012572004
090012572003
090010806002
090010811001
090010811002
090010812001
090117012005
090118702002
090117023002
090010743005
090010743006
090010744001
090010744002
090010744003
090010744004
090159045005
090159045004
090010811003
090010452002
090012112002
090012201003
090075412002
090076102002
090076701001
090034001002
090034002001
090034003001
090034003002
090034003003
090034003004
090034003006
090034051001
090034051002
090034052001
