100030148054
100030129003
100030123002
100030019021
100050506022
100030136042
100030136104
100030136043
100030140001
100030149062
100030140003
100030143001
100030148051
100030166011
100030148052
100030148053
100030101013
100030112033
100030123001
100030107022
100039801001
100030116002
100030137003
100030137002
100030136151
100030136152
100030136073
100030138002
100030140002
100030135052
100030136041
100030136071
100030136074
100030159002
100030159003
100030159001
100030160001
100030161001
100030135062
100030016002
100030119003
100030169011
100030144022
100030166012
100030166013
100030125005
100030126001
100030126003
100030127001
100030127002
100030148102
100030148072
100030136142
100030129001
100030129002
100030149034
100030149042
100030135031
100030135033
100030135034
100030135063
100030156001
100030136121
100030139011
100030147034
100030163051
100030166082
100030168041
100030169012
100030136081
100030136082
100030162002
100030162003
100030163011
100030163012
100030135051
100030130001
100030130002
100030131001
100030131002
100030131003
100030149041
100030149093
100030149081
100030149091
100030132001
100030132002
100030132003
100030133001
100030133002
100030134001
100030150001
100030150003
100030150004
100030151001
100030151002
100030025001
100030025002
100030025003
100030026001
100030112041
100030112042
100030112051
100030136131
100030136132
100030136133
100030137001
100030164011
100030164042
100030164043
100030166041
100030166043
100030105023
100030148093
100030148084
100030148073
100030112052
100030112061
100030112062
100030113001
100030113002
100030114001
100030139013
100030139041
100030139042
100030139032
100030149033
100030024002
100030026002
100030026004
100030136072
100030024004
100030003001
100030162001
100030161002
100030158021
100030138001
100030124001
100030169041
100030168042
100030104002
100030148081
100030006021
100030136101
100030147062
100030125002
100030166081
100030166042
100030135014
100030139012
100030166021
100030148082
100030144042
100030136113
100030168012
100030117003
100030125004
100030154002
100030148031
100030118002
100030135032
100030122004
100030158022
100030136153
100030156002
100030114002
100030114003
100030115001
100030115003
100030115002
100030139031
100030140004
100030141001
100030148092
100030148103
100030148083
100030152002
100010433003
100010407003
100030136141
100050513063
100050513053
100050505032
100050507054
100050510072
100050511031
100050512051
100050513013
100050512012
100050512021
100050513032
100050510053
100050517022
100050501042
100050504073
100050504082
100050510052
100050510073
100050512011
100010411001
100050505041
100050507032
100050513033
100050513012
100050507053
100050507041
100050510062
100050510032
100050511021
100050511022
100010409001
100010402011
100010402012
100010402032
100010407001
100030163023
100010414002
100030149071
100010415001
100010415002
100010417021
100010417022
100010422012
100010422013
100010432022
100010425001
100010425002
100010429001
100010430001
100010431002
100010410002
100010418013
100010421001
100010422021
100010434002
100010430003
100010431001
100050510071
100050503022
100030028001
100030002001
100030002002
100030002003
100030002005
100030002006
100030003002
100030136111
100030136112
100030136122
100030136123
100030163021
100030163052
100030163053
100030117001
100030117002
100030119001
100030141002
100030141003
100030142001
100030120001
100030120002
100030120003
100030121001
100030121002
100030144021
100030144031
100030144032
100030144033
100050510061
100050501051
100050504081
100050517012
100050501031
100050505012
100050504072
100050504051
100050517011
100050506011
100050508012
100050505043
100050506023
100030124002
100030124003
100030124004
100030125001
100030125006
100030125003
100030147053
100030147061
100030148032
100030148091
100050507031
100050507061
100050513031
100050507062
100050511032
100050510051
100050510031
100050509023
100050509011
100050507051
100050510041
100050513051
100050514001
100050513061
100050517023
100030117004
100050512052
100030101011
100030103003
100030103002
100030101041
100030155022
100030148101
100050511033
100050509021
100050509022
100050510042
100050512041
100050513052
100030148071
100030149072
100030015002
100030112032
100030149092
100030149061
100030022001
100030023003
100030143002
100030144041
100030136102
100030136103
100030138003
100030139043
100030149073
100030163022
100030169042
100030015001
100050514002
100050515003
100050518012
100050518022
100050501012
100050503011
100050505042
100050508034
100050513022
100050517021
100050518021
100050501041
100050504071
100050501032
100050505031
100050504063
100050504031
100050502002
100050504011
100050507011
100050515004
100050503021
100050513021
100050510033
100050508032
100050502001
100050503013
100050519002
100050507012
100050515002
100050519001
100050508022
100050501052
100050508011
100010412002
100050513011
100050515001
100050518011
100050501011
100050501043
100050503012
100050504012
100050504052
100050504062
100050505011
100050506012
100050506021
100050508021
100050508031
100050508033
100050507042
100050513062
100050511023
100010433002
100010407002
100010405022
100010402021
100010402022
100010402031
100010405021
100010432021
100010411002
100010405012
100010412001
100010405011
100010401001
100050512022
100030149094
100050512034
100050512033
100050512042
100050512032
100050512031
100050512044
100050512043
100050511012
100010417011
100010422022
100010434001
100010422011
100010428003
100010432024
100010419002
100010421002
100010418022
100010416001
100010413001
100010428001
100010429002
100010420001
100010417012
100010414001
100010433001
100019900000
100010430002
100010418011
100010420002
100010401002
100010418021
100010422023
100010418012
100010419001
100010428002
100010410001
100010432023
100010401003
100030022003
100030139044
100050504061
100050507052
100050511013
100050511011
100050507063
100030005003
100030119002
100030166022
100030149031
100030014002
100030145021
100030150002
100030152005
100030127003
100030127004
100030127005
100030134002
100030134003
100030135013
100030135012
100030135011
100030152001
100030152003
100030152004
100030154001
100030155021
100059900000
100030121003
100030122001
100030122002
100030122003
100030145011
100030147021
100030147031
100030147033
100030147051
100030147032
100030003003
100030003004
100030004001
100030004002
100030004003
100030005002
100030005004
100030006012
100030006013
100030006022
100030006023
100030030021
100030030022
100030030023
100030009001
100030009002
100030009003
100030028002
100030011001
100030011002
100030011003
100030012001
100030012002
100030013001
100030013002
100030013003
100030013004
100030014001
100030016001
100030016003
100030029001
100030029004
100030019022
100030029002
100030021001
100030021002
100030022002
100030023001
100030023002
100030024001
100030105024
100030024003
100030026003
100030027001
100030027002
100030101012
100030164041
100039901000
100030116001
100030135061
100030108003
100030002004
100030101042
100030102001
100030102002
100030029003
100030126002
100030143003
100030005001
100030149032
100030118001
100030168011
100030164012
100030147052
100030006011
100030103001
100030104001
100030104003
100030104004
100030105025
100030105021
100030105022
100030107024
100030107021
100030107023
100030108001
100030108002
100030109001
100030109002
100030109003
100030110001
100030110003
100030110002
100030111001
100030145022
100030111002
100030112011
100030112012
100030112021
100030112022
100030112031
