132999508001
131930004005
131930004002
131930004006
132450102043
130570910013
132450107081
132450101062
132450107091
132450107122
132450102044
132450102041
132450109051
132450108004
132450109062
130079602002
130079602001
130079601002
130079601001
131099703002
131099701002
131099701001
131099702003
131099702001
131099702002
131099703003
131099702004
131099703004
131099703001
132450109041
132450107111
132450105131
132450107062
132450109042
132450107083
132450108002
133219506002
130570910031
130570910032
133219502003
133219505001
133219501001
133219504002
133219502002
133219501002
133219506001
133219504003
133219502004
133219505003
133219505002
133219502001
131210103041
130570911012
130570911023
132799702002
132999505002
132799703001
130570911033
130890233102
130890218052
130890235042
132799702003
132799702004
131350507211
131350501051
131850115003
131911102001
131911102003
131911101002
131911103003
131911101003
131911103001
131210098022
131210096031
131210101103
131210101171
131210101192
131210105141
130730301052
130730303042
130730303041
130730301061
132379602025
132379603002
132971104001
132971101001
132971107001
132971102002
132470604071
130879706003
130879708002
130879702001
130879704002
130879708001
132470601011
130459101042
131370003001
132470603092
132379602027
132379602022
132379602023
132379602021
131414804005
131414804002
131414804003
131414804004
131414804001
131414803002
130459107023
130459107033
132470601012
132470601022
132470602022
130771707005
132971105081
132470603091
132470604061
130890215021
130890216022
130890229001
130890230001
130890231011
130890231013
130890231014
130890231021
130890231022
131270003002
132859603001
132859603002
132859603003
132859604002
132859602021
132859604001
132859607002
132859607003
132859607004
131999705003
132859608002
132859609011
132859609013
131999705006
132859609023
132859610002
132859610003
133097801001
133097802002
133097802003
133097801002
133097802001
133097801003
130459107034
130459107021
130890212091
130890212103
130890212111
130890232092
132171005012
132171002022
132171002011
132171008002
132171007001
131210082024
131210114111
131210103042
131018801001
130259602003
130259603002
130259603003
130259601001
131210115043
131210075002
131210078082
131210118001
131639602002
131210115063
131210102043
131210072001
131210108006
131210060001
131210023001
133130005023
133130005024
131639602001
131639604001
131639601002
131639601005
131639603003
131639603001
131639601003
131639601004
131639603005
131639604004
131639601001
132470603051
131171306103
131171306043
131171305032
131639603002
131639603004
131639604002
131639604003
132470604032
132470603073
132470602021
132470601023
132470601021
132470601013
132470604051
132470604053
131570106005
131131403061
131131404031
131131404033
131131404062
132450101051
132450102011
132450102013
132450106003
130719703001
131150001003
131150003002
131150002013
131150012001
131150017021
132450102032
132450102033
132450102042
132450103001
132450103002
132450103003
131451204011
131451203003
131451204022
132450016013
132450101061
132450101072
132450101071
130970806022
132731204003
132731202002
132731203003
132731204002
132731203001
132731204001
132731203002
132731202001
131171306093
131639603006
131171301011
131171302011
131171302013
131171301012
131171301033
131171303012
131171303032
131559502004
131299706003
131899505004
130859701003
131570101021
131570101032
131570101012
131570107012
131570102001
131570103001
131570104004
131570106002
130890233062
131570107023
131570101022
131570102002
131759506001
130459107031
130459101043
130459101044
130459107032
130459101012
131370002012
132171005013
130890220071
130890220072
130890220081
130890220082
132171001004
132171001003
130890233092
130890218143
130890212102
130890212112
130890212113
130890212141
130890212151
130890212162
130210136041
131530211042
131530201083
131530202004
131530210002
130351502002
131759507002
132679502012
132679504004
132299602002
130890213031
130890213032
130890223013
130890223021
130890224012
130890224013
130890217041
130890234102
131899504005
130179603001
130179605004
130179604002
130179604001
130179604003
130179604004
130179605001
130179601001
130179603004
130890214051
130890224021
131839701003
130890224022
130890224031
130890224032
130890224033
130890234111
130890234112
130890234121
130890234122
130890214052
130890225001
130890225003
130890225004
130890226002
130890226003
130890227003
130890228001
130890234132
130890234141
130890234142
130890234131
130970805093
130970805083
130970805082
130810104004
130810105002
130810105001
130890234181
130279605003
132879702002
130439502001
130439501002
131850104011
131850104021
131850106011
130890213062
130890213063
130890213083
130890214053
130890214091
130890214092
130890214102
130670302311
131850103011
131850107002
131850101022
131850114034
131850114011
131850102025
131350501071
131350501081
131350501064
131350501063
131350501061
131350506063
131350506072
131350505272
131350502141
131131404051
131131402081
131131403032
131131401012
131131403051
131131402031
131131402042
131131402062
131131404082
130890238033
130890232061
130890231141
130890232131
130890233034
130890233111
130890233112
130890233121
130890218082
130890218095
130890218142
130890218144
132999504001
130890219093
130890219112
130890223014
130890227001
130890227002
130890229002
130890231012
130890231073
130890231131
130890231132
130730302031
131131404041
131131404042
131131404032
131131402043
131131402061
131131402032
131131402041
131131404081
132999506001
132999504002
132999502003
132999506003
132999505004
131350507212
132470603074
132150106061
132150101043
131930003001
132150108012
132150106081
132150106073
131131403031
131131403033
131131403041
131131403042
131131403043
131050004001
131050004005
131050004003
131050005004
131050003001
131050005001
132450102031
132450103004
132450103005
132450104002
130970801034
130970805051
131150020001
131150014001
131150017022
132450016012
130719707021
130630405203
130530201001
132450001004
130890212132
130890212142
130890212143
130890213011
130890221001
130890221002
130890223011
130890223012
130890233093
130890233101
130890233103
130810104002
130810104003
130670313101
130670310023
130670302143
130670307004
130670310012
130890219062
131210014002
131210063002
131210076032
131210081022
130970801032
132171009013
132171007002
131850106013
131850106043
131850108001
131850111001
131451203005
131850112003
130890215022
130890215031
130890215041
130890215043
130890216021
130890216032
130890216041
131339503032
133159604002
133159603001
133159601001
133159602001
132910002052
130890217032
130890217063
130890219101
130890219121
130890222041
130890223022
130890231121
130890231122
130890216051
130890216053
130890218051
130890218053
130890218062
130890218081
132890601004
130890220092
130890220101
130890222042
130890222043
131270001021
131270004011
131270005031
131270010004
131270005033
131270001011
131270002001
131270005012
131270007008
131270009001
131270009004
131270003004
131270001023
131270006001
131270005032
131270005043
131270008001
130970801033
131150006001
131150017011
131150007001
132519705001
132070501013
131879602022
131879601022
130899800001
132519703004
132519703003
130970806021
131198902003
131198902001
131198904002
131171301042
131171301051
130630403062
131350505211
131350505213
131350505212
131350505221
131350505222
132150014002
130730301062
131350507091
131350507122
131350507141
131350507192
131350505432
131350503144
131350504182
131350507142
131350507152
131350507153
131350507251
131350507292
130510108032
130510108033
130510108034
130510108083
130510108082
130690101001
130690103001
130690101002
130690106001
130690102002
130690102001
130690103002
130690106003
130690101003
130690104003
130690104002
131350505451
131350507203
131350503102
131350503094
131350503062
131350503221
131350504221
131350501031
131350504172
131350501032
131350501033
131350503134
131350506101
131350507281
131350506082
131350504251
131350504252
131350504253
131350504264
131350504265
131350504262
131350504263
131350503092
131350503101
131350503103
131350503111
131350503191
131350503192
131350504272
131350504273
131350504282
131350504281
131350503201
131350503131
131350503132
131350503133
131350503135
131350503136
131350504291
131350504292
131350504293
131350504302
131350504303
131350503141
131350503143
131350503151
131350503153
130510110051
130510110052
130510110031
130510110032
130510110033
130510110034
130510110035
131350504301
131350505291
131350505401
131350505232
131350505382
131350506071
131350504322
131350504321
131350505111
131350506092
131350507284
132890602002
132890601002
132890602001
132890601003
132890602003
132890601001
131350507291
131350502101
131350505233
131350504212
131350504101
131350504102
131350504103
130719707014
130670301032
130670302153
132819601003
131350505241
131339503031
131850106012
131210012011
131210091013
131210095022
131210114203
132619506001
132619506003
132619503004
131530209003
131530201061
131530201081
131530201053
131530211041
131530211044
131530211074
131530211071
131530211132
131530212012
131530201091
132519702001
132519702002
132519706002
132519703002
132519704001
132519704003
131350504351
131350504151
132679502022
132679502011
132679502021
131350501052
131350501053
131350501062
131350502172
132799705001
132799704004
131350504152
131350504171
131350507124
131350505311
131350504361
131350507242
131350504173
131350505362
131350505391
131350507214
131350504191
131350504192
131350504193
131350505202
131350504211
131350505481
131350506081
131350507261
131350505461
131350507093
130510006015
131350502091
131350503042
131350503043
131350503212
130510108081
130510109011
131350504231
131350504233
131350504232
131350504241
131350503222
131350503093
131350503091
130351502001
132250403021
132250401024
132250401023
130351501001
130351503001
130351502004
130351501004
130351502003
130351501003
130510036022
130510037002
130510042111
130510106015
130510111033
130510111042
130510112002
132437902002
130510011001
130510110041
130510110042
131350505242
130510110043
130510111072
131350505201
131759503001
131759503002
130890212023
130659701004
131198901013
131198901022
131198902004
131198901012
131210123003
130259602001
132190304001
130590020001
130590012001
132437901001
131679602004
131679603001
131679601001
130237903001
130237903004
132437901002
132437902004
132437902001
132437902005
131679603002
131679602002
131679602003
131679602001
132437902003
132619507003
131899503001
131899503003
130790702011
130790702013
130790702022
130459105014
130459107022
131171306021
131171306092
132419703021
132419703012
132419701004
132419701001
132419701002
132619508002
132619503002
132619502004
132619504002
132619503005
132619508003
131210084001
131210076022
131210101082
131210103011
131210062002
131210101081
130890238011
131210028002
131210070023
131210061004
131210055011
131210112021
131210017002
131759510004
130970805072
131759501001
131350507204
131430101001
131430102004
131430103024
130510034001
130510034002
130510034005
130510035022
130510035023
130510035024
133130003021
132450001001
130131805011
130890219071
130890235041
130890229003
130890235012
130890217051
130890217052
130890217053
130890217061
130890217062
130890233123
130890214151
130890236011
130890231071
130890231072
130890231081
130890231083
131619601004
130630406133
130630405162
130879706001
130879706004
130879701003
130879707001
130879703004
130879702002
130879703002
130879701001
130879701002
130879703003
130879707002
130890214173
130890214142
130890226001
130890231082
130890234261
130890215033
130890223015
130890212152
130890223023
130890203002
130890217064
130199702002
130890218061
130890218063
130890218091
130890232042
130890232043
130890232062
130890232063
130879703001
130879704001
130879704003
130879704004
130879706002
130890214103
132171005021
130890212131
130890235073
130890225002
130890232083
130890234182
130890201001
130890202001
130890203001
130890218092
130890218093
132859605014
131850110002
130199703001
130199703003
130199706002
130199701001
130199704001
130199701002
130199702001
130199705002
132150115005
131850112002
131850112004
131850113012
132070502003
133079601001
133079602001
132150108023
132150101072
132150014001
132150009001
132150016002
133119503003
132150106072
132150112001
132150032003
130210136032
132679504002
132679503003
132679504001
133119502032
133119503001
133119502013
133119502011
133119502022
133119502021
133119502031
133119502012
130311106022
131979201002
130311103002
130311108001
130311103001
130311104031
130311109003
130311106011
130311109001
130311108002
130830401022
132950205011
132130101002
130830403001
130830401012
130259603001
132310101003
130810102022
130810102021
132399603002
132619507004
132619503001
132171003004
131979202003
132219601002
132219602022
132150032002
132150104022
132150107034
132310101002
132310101001
132310103001
132310103002
132310104001
132310104002
132310102001
132171009022
132950201002
132950202002
132950203011
132171004002
132171009011
132950203022
131979202001
132950203012
130591405001
131390005003
132950203024
131979202002
132551605002
132551608003
132551609002
132551609003
132999502004
132999509001
132999509003
132551610002
132551610003
132551612003
132551612004
132779606003
130210126002
132619505001
132619506002
132619507002
131530212022
131530204002
131530214001
131530215001
131530214004
131930004003
131930003003
131930004001
131930002002
131930001001
131930004004
132551610001
132551602002
132551601002
132551604003
132551611002
132551612002
132551606002
132551608001
132551611001
132551606001
132551609001
131390002013
131390003051
131390002011
131390003023
131390004004
131390002032
131390006001
131719702003
131899505001
131899502003
131899502004
131899502001
132819601002
130790701003
132019502002
132819603002
130670303192
130670303333
130670303373
130670303364
130670310043
131171306012
131171302042
131171304102
131171303051
131171306032
131430104003
132470604052
132470604073
131510702022
131510701062
131510702031
130670301072
130670313091
130670314081
130670313062
130670303123
130670305054
130670311064
131171304061
131171302023
130810104005
130630405151
130630404082
130630405182
130630403023
130810102011
130810102012
130810101001
130810104001
130630405143
130630405152
130630405091
130630405101
130630405122
130630406081
130630404123
130630405161
130810101002
130630405181
130810101003
130630406061
130810102023
130810102014
130630404101
130630404102
131350506104
131950203002
131950201002
131950202002
131950203001
131950205003
131350505271
131350505273
131350505281
131350505491
131350505352
131350504213
131350505261
131350505262
131350504364
131350504284
131350507312
131350502131
131350503172
131350507301
131350505462
130630405153
130810102013
130630406091
130810103002
130630406092
130630406093
130810103001
130630404114
130630404121
130630404122
130630405123
132231205023
132231205031
132231206022
132231206021
132231206052
132231206023
130630404072
130630404083
131210116141
131210116142
131210115061
131210116161
131210116241
131210077052
130859702013
130859702012
130859702011
133170103023
132551602003
132551604004
132551604005
132551607002
132551607003
132551607001
132551608002
130630402021
130630403021
130630403022
130630403024
130630403031
131350507133
131350505343
131350505351
131350505313
131350505312
131350503152
131350505392
130630403033
130630403035
130630403032
130630403082
130630403083
131110502004
131110501002
132551612001
132231201013
132231202032
132231202042
132231206012
132231203031
132231202041
132231203024
132231206041
130311104012
130311104043
130311104032
130311104042
130311109004
131339503035
131339503033
131339502001
131719703002
131719701003
131719703001
131719701001
131719702001
130311105001
130311105002
130311104041
130311107002
131370002022
131210116262
131210116201
131210116231
131210116232
131210116122
131210101143
131210114272
131210113035
131350505331
131350505341
131350505372
131350505371
131350505113
131350505411
131210098011
131210100011
131210096033
131210096023
131210099001
131210099004
131210004002
131210004001
131210091022
131210058001
131210113053
131210114201
130990905001
130570911011
131350507181
131350507191
132070503022
132070501022
130570910072
130570908033
132070503013
132070503011
132070503023
132070503021
130570907011
130570909044
130311107004
131350507231
132999503001
132999503002
132999503003
130390102003
130390103013
130390104013
130390106011
130390105002
130390101002
130390103022
130390105001
131350502142
131350502051
131350502052
131350505421
131350502151
131350502112
131350506062
131350507282
131350507302
131350507283
131210100012
131210100013
131210100014
131210102121
131210101141
131210101131
131210101102
131210116181
131210063001
131210057001
131210037001
131210025001
131210032001
131210030002
131210119002
131210036001
130570908032
130570909042
130570910084
130570910071
130570910061
132219602023
132219603001
132219602012
132219602021
132219602011
132219602013
131479601001
131479605001
131479603002
131479602003
130670303262
130670303351
130390104012
130390104011
130390106013
131510703041
131510703051
131510704022
131510701131
130670303102
130670303272
130670303352
130390102002
130670303362
131350502092
131350502181
131350502093
131350502191
131350502202
131350507221
131350507232
131350507134
131350507132
131350507151
131350507253
130670303363
130670303371
130670303105
130670303282
131210101233
131210102051
130670303111
130670303112
130670303113
131210102101
131210101232
131210101231
131210101221
131210101172
131210101182
131210052003
131210070011
130670303283
131210066012
131210114123
131210070024
131210067001
131210077043
130570907024
130570907023
130670303453
130670303442
130670303451
130570908042
130670303291
130670303391
130670301031
130670301033
133199604001
133199603004
133199602003
133199602001
133199603002
130670302352
130670302341
130670303114
130670302091
130670302321
130670302322
130670302332
130830402001
130670303121
130670303122
130670303392
130670302331
130670302272
130670303124
130670303131
130670303292
132330107002
132330103002
132330105001
130670313122
130570909021
130570909025
130570909023
130570909043
130210121021
130210124004
130210122002
130210135021
132419703011
132419701003
132419702013
130619603003
130459101031
131370003003
130210139002
133019704003
133019705001
133019704001
133019705002
133019705003
131430102003
131619602004
131230805002
131230801003
131230805003
130210119001
130210135022
130210135031
130210127003
130210117011
130210101001
130210132012
130210104001
130210134101
130919601002
131430101002
131430104001
131430103025
130570910073
130570910053
133199603001
132330105002
132330106002
132330106004
132330107004
132330107005
132450104004
132450105121
130950110001
130950110002
132019501001
132019502001
132019503002
132019503001
132171001002
132171003003
130590012002
130590017001
133130009001
130919603001
130919603002
130919601001
130919603004
130919602003
130919606001
130919605002
130919603005
130919606002
130919602001
130919604001
130919605001
130919603003
130730303024
130919602002
133130004003
130919604002
130919604003
130210104002
130210104003
133130005013
133130008001
133130011001
132419703013
132419702011
130210104004
130210105002
130210137003
130210110002
130210110003
130210110004
130210110005
130459101041
130210111001
130210111003
130210115001
130210115002
130210117012
130210117021
131390006003
131390008001
130210123001
130210117022
130210117023
130730305041
130210117024
130210117025
130210117026
130210118001
130210118002
130210118003
130771702002
130771702003
130771702004
132130104003
132130106001
132359501002
132359502001
132359502002
132359502006
132359501001
132130103002
130730302012
130730303081
130730303091
130730303082
130730302034
130730305051
130730305033
130730305042
130730303062
130730302011
130730301024
130730303022
130730304022
132299604002
130730304023
131479601003
131479602001
132299604003
132299604001
132299601002
132299603001
132299603002
132299602001
132099502001
132299603003
132299604004
132299601001
130970805071
130830401011
130830403002
130830402002
131719702005
131879602023
131879602021
131879602024
131879601021
131879601023
131879602011
131899504002
131899504004
131759505003
131759501002
132231202021
132099503001
132099502003
132099501001
132099503002
132099501002
132099502002
133170103022
133170101011
133170103011
133170103012
133170103024
133170101022
133170103021
130099708001
130210132021
130210132023
130210133021
130099702004
130099703002
130099704004
130099701002
130099701003
130099708003
130099702002
130099706002
130099702001
130099708002
130099703001
130099701001
130099706004
130099702003
130099705003
130099706001
130210133023
130237901001
130237901002
130670312111
130670312073
132219601001
131999705004
131999705005
132190303002
132190306002
132190306001
132190301004
132190304003
132190305001
132190303001
130210133022
131999707002
130210133024
130099702005
130099704001
130099704002
130099704003
132799703004
132519704002
131430103011
131430103022
131430103012
131430103023
131430103026
130210134071
130210135041
130210135042
130099704005
130099705001
130099705002
130099706003
130099707021
130099708004
131999705002
131999707005
131999708005
131999705001
131999707003
131999707001
131999708003
131999708004
131999706001
131999706003
130210136064
131999708006
131999708002
132250404002
132250401022
130690107001
131679601002
130510036021
130510036023
130510036025
130510037001
130510039001
130510039002
130510039004
130510040011
132190302001
132190301001
132190301002
132190304002
132190302002
130730303094
130730301023
130730303061
132050905003
130199704002
130199704003
130199705001
130199706001
130199706003
132150107033
132150025002
132150106022
131210114231
131210001004
132499601001
132499602001
131210001001
131210002001
131210002002
131210002003
132859605012
132859605011
132859605013
132859606002
132859606003
132859601003
132859607001
132859609012
132859608003
132859601004
130210139001
130210138002
130210121011
130210136062
130210134111
130210135043
130299203061
130210137002
130210124001
130210136042
132859608001
132859610004
130299201012
130299201011
130299203011
130299800001
130299203032
130299203051
130299203062
130299203063
130299201023
130299201022
132450105092
132450016021
132450016011
132450102012
132450109052
132450001002
132450105041
132450109053
132450101012
132231205025
131770201001
131770201002
131770201003
132819603001
132551601001
132551601003
132551602001
132470602013
132470603061
132470603043
132470603053
132551603002
132551604001
132551604002
132551605001
132171004001
132171005022
132171003001
132171002021
130719701001
130719706001
130570905023
130570906013
130570906023
132231203011
132231205021
132231205032
132231203023
132231205012
132231201041
132231202031
132231203022
132171008001
132231203021
132171001001
132171003002
132171007003
132171006001
132171002013
132910001021
132910002051
132910001011
132910002012
132910001023
130570909022
130570909024
132999506002
132999506004
132999505005
132999506005
132890602004
132171002012
132171009031
132171009012
132171009021
132171009032
133130012006
132171006002
132999508005
132999508004
132999509002
133130003012
133130003023
130179602001
133130001024
133130005011
133130005012
133130006001
133130001011
133130001022
133130001023
133130012001
133130008004
133130007003
133130012002
133130011002
133130004004
133130004005
133130015004
133130001012
133130002001
131079703001
131079703002
131079706003
131079701003
131079701002
131079701001
131079705001
131079702001
133130003022
133130012005
133130003013
133130015005
133130014002
133130001021
133130015001
133130008003
133130004001
133130002003
133130007002
133130001013
133130010003
133130003011
131079705002
131079703003
131079704002
131079701004
131079706002
132579703022
132579701001
132579703013
132579702003
130159608022
131759504001
131759510005
131759510001
131759504003
130950103021
130950103022
130950103023
130950103024
131079706004
131079702002
131079704001
131079706001
132359502003
132359502004
130159607005
130159602005
130159604013
130159609022
130950015001
130159605001
130159605002
130159605003
130950106021
130950109003
130950106012
130950001001
130950004001
130950001003
130950116001
131299709002
130950001002
130950104031
130159606004
130159607003
130159607004
130950005012
130950005023
133170103025
130591508004
130950103025
130950107001
130950107002
130950001005
130950002001
130950002002
130950002003
130950002004
130950005011
132419702021
130950009001
130950009002
130950010001
130950010002
130950011001
130950011002
130950011003
130950011004
132419702022
130950107003
130950109001
130950109002
130950004002
130950004003
130950005022
130950005024
130950005021
130950011005
130950114001
130950015002
130950015003
132779607001
132779607004
132839602001
132839602003
132839602005
132839602004
132839601001
130950104011
130950104021
130950105001
130950105002
132779603005
133059703001
133059703004
133059705003
132779607003
133059705004
132551603001
133059704003
133059704001
133059701002
133059702004
133059706002
133059702001
133059701003
133059701001
133059706003
133059704002
133059702003
133059703002
133059702002
133059706001
132450002003
132450002001
133199603003
132450003001
132450003002
132450006001
132450006002
132450006003
133199604002
132930104005
132930104003
132930105002
132930105004
132930105005
132930104002
132930105001
132779606004
132930104001
132450016023
132450016022
133199602002
132819603003
132110103004
132110103003
132110105001
132110104001
132110103001
132110102002
132419702012
132450107061
132450106004
132450007002
132450009003
132450009001
132359502005
132450010004
132450010001
132450010002
132450010003
132450011002
132450012001
131559501002
131559502005
131559501001
131559502001
131559502006
131559502003
131559502002
132450012002
132450012003
132450012004
132450012006
132450013002
132270501003
132450014001
132450014003
132450014002
132450015002
132450015001
131299703003
131299701001
131299702004
131299707002
131299702002
131299702001
131299708001
131299707003
131299708002
131299703001
131299703002
131299701002
131299704002
131299705001
133039505002
133039503003
133039505003
133039501001
133039501002
133039507001
131210115062
130311104033
132699503004
132699502002
132699503003
132699502001
132699503001
132650102001
132650102003
132650102002
131210093004
131210016001
131210017001
131850104022
131850104023
131210105131
131210105142
131210023003
131210114171
131210116113
131210119001
131210111002
131210116211
131210104003
131210123001
131210115044
131819702002
131850101023
131210024001
131210029001
131210030001
131210031001
131850114033
131850102026
131850115002
130510036011
130670303372
130670303332
130670303201
130670303361
130670302301
130670302284
130670302282
130670312113
130670311143
130670311144
130670303443
131171303031
131171305071
131210114253
131210039001
131210040001
131210040002
131171301031
131210040003
131210041001
131210041002
131210041003
131210042001
131210115042
131210115041
131210012021
131210116143
131210116203
131210116222
131210073001
131299706001
131299705002
131299708003
131210112022
131210015003
131210015004
131210076021
131210053003
131390003041
131390010032
131390011011
131390008003
131390016081
130339505003
133059703003
133059705002
131210001002
131210049001
131210052001
131210052002
131210053001
131210053002
131210061002
131210120002
131210048001
131210120001
131210061001
130670305021
130670305053
130670305052
130670304054
131210060002
131210060003
131210060004
130670309015
131210028001
131210085003
131210089043
131210102061
130670304051
130670304113
130670310044
130670314054
130670309054
131210069002
131171306071
131171306123
131171306111
131171305103
131850114031
131850103013
131850103012
131850107001
131210061003
132231202022
132231205024
130771701001
130771702001
131210064001
131210065001
131210065002
130771701002
130771701003
131210065004
131210044001
131210066011
131210066021
131210067002
131210062001
131210012012
131210116193
130670308002
130670310024
130670310022
130670311111
130670311081
130670311061
131171306052
131171306131
131171306013
131171306031
131171306022
130039601001
130039603001
130039602001
130039602003
130039602002
130039601002
131210068021
131210069001
131230802002
131210069003
131210070013
131210070012
131210113012
131210015001
131210080002
131210102091
131210080001
131210005002
131230802001
131230801001
131230803003
131230804002
131230804001
131230805001
131230804003
131230802003
131230803002
131230803001
132930105003
132930104006
132930102013
132930102021
132930103002
132930104004
132930102022
132930102012
132930101001
132930102011
130670311123
130237903003
130670311063
130670311062
131210013002
130670311122
130670311112
131850112001
131171306062
131171306061
131171306041
131171306102
130771704022
130771707004
130771707002
130771704021
130771707001
130771707003
131210070021
131210080003
131210108002
131210002004
131719703004
130670313083
130670313111
130670313094
130670313103
130670304053
130670302093
130670315034
131171306042
131171302021
131171302053
131171304103
131171304063
133039503004
130311106023
131210077042
131210077063
131210077041
131210077031
131210077061
131210078021
131210116253
131210116234
131219800001
131210108003
131210089041
131210091014
131850101032
132379603003
132299603004
132379602024
132379601012
132379601022
131171305082
132819601001
132519706001
132519705002
131911101001
131911102002
131390001021
131390016042
131171304062
131171305081
131171306101
131171306081
131171302032
131171306082
131171301041
131171305031
131171305062
131270004043
131171304031
132579701004
131350505453
131350505203
131350505231
131350505472
131350505482
131350505292
131171301043
131171302031
131171305051
131171304051
131171304052
131171303011
132799702005
131210078024
131210078062
131210078063
131210081023
131210079001
131210081024
131210081011
131210100023
131210102123
131210105163
131210116112
131210091021
131210010011
131210096011
131790101022
131790102022
130570908041
130570909012
130570910054
130570911021
130570910081
130570911034
130570901001
130570909013
130570910012
131339503012
131339501002
131270004041
131270004013
131270003003
133039503001
133039507003
133039503002
133039504001
133039505001
131390012021
131339503021
131390016031
131339503022
131390007012
131390007021
131390002031
131390010033
131390013013
131390013022
131390012013
131390001012
131210106041
131390011013
131850105002
131350505301
131350505112
131350505402
131350505403
131350505252
131350505303
130510042093
131210080005
131210082012
131210086021
131210082023
131210089042
131210001003
131210096012
131210077051
131210113051
131210102082
131210105072
131530211031
131210105123
131210113034
131210114144
131790102042
131790102051
131790102052
131790102062
131790102072
131530206002
131530211053
131530206001
131530211131
131150002021
131530211073
131250101001
131250101002
131250101003
131150003001
131150001001
131150017013
131150018001
131150014003
131150014002
131850102023
131530211133
131850101021
131850101011
131850114022
131850115001
131850101012
131850102011
131850102012
131850103022
131850103021
131850116002
131850116001
131759508004
131414803001
131150005003
131150006003
131150008002
131350505254
131350505253
131350507123
131350507213
131350507202
131759510002
131759510003
131759514003
131759514002
131759511002
131759507001
131839702003
131759504004
131510703043
131350502182
131350503171
131210092002
131210094043
131210094041
131210094031
131210095013
131210098013
131210116251
131210116192
131210101132
131210116221
131210116242
131210096022
131210096021
131210013001
131790102081
131790103003
131790104003
131150013003
131150017024
130311107003
130311102001
130311109002
130311102002
130311101002
130311103004
130311103003
130311101003
130311102005
131150007002
131150017012
131839701002
131839702002
131839702001
131839701001
131510704032
130311102006
130311102004
130311102003
131350505251
131350502122
131350502171
131210039002
130311104013
131350502161
131350502162
131350507243
131350505431
131350505413
131350506102
131350506103
131350506091
131350507233
131350507184
131350507183
132599501001
130311105003
130311106012
130311106013
130311107001
130570911032
130570911024
130570910062
130670313061
130670309022
130670309023
130670311083
130670311101
130670313071
130670309024
130670311102
130670309042
130670309043
130670304102
130670304123
130670304122
130670306022
130670309044
130670309051
130670309052
130670311121
130670304112
130670306023
130670310011
130670304052
130670304142
130670304141
130670306024
130670310021
130670310041
130670304131
132070501012
132070501011
132070502001
130670306013
130670310042
130670304132
130670307003
130670308001
130670312051
130670312063
130570910082
130570910083
130570910052
130670305072
130570911031
130670311012
130670311161
130670310052
130670305071
130670305062
130670308003
130670309011
130670311152
130670305061
130670305022
130670311183
130670311182
130670311173
130670304092
130670313123
130670305043
130670305023
130670309014
131770203001
131770204024
131770202001
131770204032
131770203003
131770203002
132971105051
132971106021
132971108004
132971107002
132971105063
132971106011
132971106032
130670313132
130670313124
130670305042
130670309021
130670311084
130670311082
130670303401
130570903002
130570907012
130570908031
130570910011
130570908043
130570907014
130570907021
130570907022
130670315081
130570909051
130670314061
130670314062
130670313072
130670315082
130670315095
130670314063
130670313073
130670315094
130670315091
130570909052
130570911013
130570910051
130570911022
130570910033
130670315093
130670313092
130670313102
130670313112
130670313113
131510701072
131510701102
131510701103
131510702023
131510702052
131510702042
131510701061
131510701041
131510702021
131510702051
131510702053
131510703061
131510702032
130570901004
131510702033
131510703092
131510703053
131510703042
131510704041
131510704043
130570901002
130570902001
130570904001
130570905012
130670305044
130570906012
130570905021
130570908023
130670314042
130670315032
130670315061
130670315031
130670315072
130670315062
130670315063
130670315053
130670315051
130670303104
130670314043
130670314044
130670314055
130890235051
130890235052
130890235062
130890235071
130890235072
130890219122
130670304124
130570908021
130890236021
130890236022
130570901003
130237902002
130237903002
130237902001
130570907013
130570909011
130570905024
130570902003
130570903001
131270004012
132999508006
131270009005
131270001022
131270010002
131270004031
131270007004
131270004032
131270003001
131270005011
131270006004
131270009003
131270005042
131270001012
131270007005
131270008003
130550104002
131299704003
132450106001
132450106002
132450105082
130619603001
130619603002
132799702001
132799706003
132799701003
132799701004
132799701001
132799705002
132799704002
130550101002
130550104001
130550102003
130550102002
130550103001
130550102004
130550106002
130550105001
130550101001
130550103003
130550105004
130550106001
130550102001
130550102005
130550103002
132330107003
132330104002
132330101002
132330106001
132330105004
132330107001
132330103001
132330101003
132330102002
132330101001
132330105006
132330102001
132330101004
132330104001
132330106003
132330103003
130470304021
130550104003
130550104004
130550105005
130550105003
132330102003
132330102005
132330102004
132330104003
132330104005
132330104004
132330105005
132330105003
131350505332
131350505342
131390009001
131390009002
130059702013
131570104003
131570103002
131570105003
131570104001
131570105001
131570107011
131350502201
131350502113
131350502111
131350503142
131350503041
131350503061
131350502102
131350506061
131350502081
131350505302
131350504311
131210015002
131210031002
131210116111
131210101183
131210101223
131210101222
131210101193
131210102083
131210102092
131210106042
131210105074
131210077033
131210081021
131210086022
130059702021
130059702023
130059702022
131210083022
131210088001
131210089031
131210094042
131390003022
131390003024
131390001011
131390001022
131390007011
131350502203
131350507092
131350506083
131350502163
131390010022
131390010023
131390011012
131390012012
131390013021
131390014031
131390008002
130470307003
130470304024
130470306004
130470304011
130470307005
130470304012
130470302012
130470301001
130470306002
130470307002
130470304022
130470305001
130399900000
131350503202
131350503173
131350503112
131350503203
131350505361
131350505441
131350505452
131350507271
131350505463
131350505381
131350507311
130470305003
130470307001
130470304013
130470305002
130470304023
131210106032
130470306001
130470306005
130470306003
131210106014
131210082013
131210105103
131210112025
131210094021
131210002005
131210011001
131210011003
130459105023
131210106043
131210105102
131210105162
131210105101
131210105121
131210094033
131210094032
131210094022
131210101142
131210101151
130719703003
130719702002
130719702001
130719705001
130719707011
131030303041
131030303043
131350505363
131350505214
131390004002
131390004003
131390005001
131350505442
131350505443
131350503223
131350502132
131350505492
131390005002
131390014042
131390014041
131390014021
131350505282
131350502192
130459102002
130459107013
130459112001
130459102003
130459112003
130459110002
130459109002
130459104002
130459110003
130459103003
130459104001
130459103002
130459103001
130459109001
130459106001
130459101011
130459108001
130459112002
130459105021
131210065003
131210005001
131210005003
131210091011
131210091023
131210042002
131210043001
131210043002
131210035002
131210105133
131210105143
131210123002
131210112023
131210112013
131210116101
131210100022
131210102054
131210101133
131210102093
131210021001
131210118003
130719704001
130530202052
130530202031
130530202061
130459104003
130459105013
130459105022
130459106002
130459106003
130719703005
130719709004
130719709002
132879702005
130719707012
130719708003
130590004011
130590004022
131030303051
131030304021
131030304022
131899504001
131899503002
131350503082
131350507131
131350507201
131350507182
131350503081
131350503182
131350503181
131350504243
131350504283
131350502082
131350504341
131350505333
131210095023
131210095024
131210089022
131210090003
131210089023
131210113061
131210113062
131210116102
131210114182
131210115051
131210114174
131210114172
131210115052
131210115033
131210105151
131210105132
131390014023
131210105122
131210006001
131210055021
131210115031
131210116163
131390015021
130459107012
130459110001
130459111005
130459111002
132879703003
132879702003
132879703002
132879703004
132879702004
130719704003
130719708004
131350504312
131350504223
131350504242
131350504331
131350504342
131350504343
131350506093
131350501082
131350507252
131350502143
131350505412
131350506052
131210113052
131210114202
131210018003
131210019002
131210012022
131210116162
131210116191
131210116172
131210118002
131210114212
131210114054
130459111001
130459112004
130459102001
130459105011
130459111003
130459107011
130459108002
130459111004
131210114193
131210114191
131210114222
131210114233
131210114162
131210114163
131210114184
131279900000
131210114271
131210116202
130690108011
130719708002
132879702001
132950209021
131350507121
131350501091
131350502121
131350501092
131350504363
132719502001
132719501004
132719501001
132719501002
132719505003
132719501005
132719501003
132719505002
131350504162
131350504365
131350504271
131350504362
131350503211
132719502002
131350504313
131350504323
131350504352
131350504153
131339502002
131339501001
131210116173
131210116171
131210014001
131210018002
131210018001
131210049002
131210114052
131210035001
131210114141
131210114121
131210114143
131210114251
131210114252
130719701002
130719703004
131210116212
131210010012
131210026001
131210091012
131210116261
131210074002
130719706003
132719505001
131339502003
130159606006
130159610004
130159609012
131350502123
131350505471
131350506053
131350506051
131350507273
131350507241
131350504181
131350504183
131350505321
131350505322
131350504161
131350507272
131350504261
131350505483
131350507262
131350505383
131210038001
131210050001
131210067003
131210076033
131210076031
131210071001
131210110004
131210076041
131210116121
131210114122
131210114273
131210114261
131210116132
131210102103
131210103012
131210116153
131210116252
131210087003
130630405102
131530204001
131210087002
133219504001
132950204001
132950204002
132950206012
132950207001
132950207002
132950207003
132950207004
132950207005
132950204003
132950205022
132950206022
132950209011
132950209022
130990902003
130990901001
130990904002
130990904003
130990902002
130990904001
130990902001
130990903002
130990902004
130990901002
130990903001
130990905002
131819701001
130630406062
130630404154
130630405163
130630406191
130630404091
130630403072
130630403071
130630404081
130630404092
131018802001
132519703001
132519704004
131510701091
131510701082
131510701081
131510701073
131131402082
131131405011
131131404071
131131402072
131131404061
131131401011
131131401022
131131401023
131131403062
132999508002
132999507001
132999507002
132999509004
131150013002
131150021001
131150020002
131150001002
131150002022
131150006002
131150002011
131850105003
131850102024
131850102021
131850101031
131850101024
131850113013
131850110001
130830401021
132950201006
132950209014
132950208002
132950208003
132950206013
132950203014
132950208001
132950209012
132950203023
132950206021
132950201004
132950206011
132950203025
132950203013
132950209013
130630404162
132950201003
132950205012
132950205021
130630404131
130630404161
131131404072
130630405092
130630405132
130630405133
132070501021
132070503012
132070502002
132779604006
132779604002
131510701092
131510702041
131510701101
131510701111
131510701043
131510703091
131510703112
131131404073
131131405022
131131402071
131131403072
131510703052
131319505002
131319505004
131319504002
131150005001
131150011001
131150005002
131150012003
131150004004
131150004001
131150011002
131150012002
131850105001
131850102022
131850113022
131850114012
131850104012
130630405244
130630405251
130630405262
130630406111
131510701042
131510703101
131510704023
131510704021
131510701142
130670301012
131510703103
131510703113
131510704042
131510705011
131131402083
131131404052
131150002012
131150008001
131150016001
131150017023
131150018003
131850113021
131850108003
131850108002
131850106042
130630406142
130630406163
130630403036
130630406201
130630403081
130630402042
132130102011
131510701071
131510701132
131510701112
131510701113
131350504222
131150021003
131150013001
131150016002
131150016003
131150020003
131150018002
131850106041
131850111002
131850109002
131850113011
131850109001
130630404132
130630404141
130630404153
130630405212
130630406151
130630406171
132450107102
132450109063
132450109032
132450009002
131510705023
131510703111
131150011003
131150004003
131150004002
131150009001
130630406162
130630402022
130630402031
130630402032
130630402041
130630403034
132450105091
132450104005
132450107071
132450105122
132450105132
131210010021
130630403061
130630404071
130630404111
130630404112
130630404113
130630404151
130630404152
132450107072
132450105111
132450107063
132450107082
130630404171
130630404172
130630404173
130630405121
130630405141
132450107092
132450105044
132450105042
131210087001
132450107112
130630405142
130630405154
130630405183
130630405192
130630405201
130630405202
132450109061
132450105043
132450101043
132450101041
132450101052
130630405211
130630405221
130630405222
130630405223
130630405231
130630405241
130630405243
132450101053
132450101063
132450105123
132450107103
130630405261
130630405263
130630406112
130630406113
130630406121
130630406123
130630406131
132450107101
132450107123
132450107121
132450108001
130630406141
130630406161
130630406211
130630406212
130630406221
130630406222
132450108003
132450011001
132450002002
132450110001
130630406223
132450007001
132450110002
132450012005
130591503003
130591504003
130591505001
132150028001
132150012002
132150030003
132150101071
132150008002
132150022003
130591504002
130591505003
130591404001
130591503002
130591506002
130591306003
130470301002
130470303011
130470303031
130119702001
130119701002
130119701001
130119702002
130591506001
130591507001
130591507002
130591507003
130591508001
130591508003
132150022004
132150024001
130470303012
130470307004
130670314092
130670314082
132150029011
132150029012
130670301063
130670303303
130690108013
130690108021
130690106002
130690108022
131171304032
131171304033
131171306033
131171302012
131171301032
131171301021
130279604003
131171302051
130119703002
130119704001
130119703001
131171305052
131171305092
131171305041
130950001004
130950008002
130950116002
130950112003
130199703002
130059701003
130950104013
130950007001
130530202011
130530202053
130530202032
130530202012
132379601011
132379602011
132379602026
130591305001
132599504003
132150105013
132150105012
132150105011
131570101031
132910001022
132910002032
132910002042
132910002041
130859701001
130859702014
131499701003
133130015003
133130004002
133130012004
133130003024
131690301011
131690301041
131690301031
132779601001
132779609001
132779609003
132779607002
132779604003
130771708011
130771703041
130771705012
130771705031
130771706023
130771703052
130771708012
130771706012
130771705032
130771706011
130771706013
130510042073
130510108062
130510042071
130510035021
130510035011
130510001001
130519800001
130510003001
130510006014
130590004021
130670313081
130670304081
130670302361
130670302393
130670302362
130670304111
130690107004
130690105002
131230803004
131230801002
131171305061
131171305042
131171303071
131171304082
130950106011
130950112002
130950006001
130950008001
130950014032
132379601021
132379603001
132379601013
132379603004
130159604022
131570104002
131570103003
131570106001
131570107022
131570101011
131570107021
131570106004
133130009003
132999508003
132999502001
132999502002
132999505001
132999504003
132999501001
132150101063
130279603001
130279604002
130279606002
130279603002
130279606001
130279602001
130279605002
130279606003
130279604001
130279605001
130279602002
132359503001
132839602002
132839601002
133219504004
130510110054
131930001002
131930002001
131930003002
133039504002
133039504003
133039504004
133039507002
131171302052
131171302041
131171306083
130131804021
132150102032
131131402073
131131403071
131131403063
131131405021
131131401021
131131401013
131131405012
132150102041
132150102051
132150102052
130771706021
130771706022
130771703042
130771703043
130510101012
130510101023
130510116001
130510006013
130510012001
130510033021
130510115001
131390016032
132779604001
130670302381
130670304121
130670303452
130670311142
130670302232
131171303053
131171303041
131171306011
132150103021
132150104011
132150104012
132150104013
132150104023
131171306073
131171306122
130950106022
130950114002
130950014031
132799703005
132799704001
132799704003
132150107011
132150107013
132150107021
132150107032
131390002012
131390005005
131390003052
131390013011
131390002041
131390012022
130970804021
131390006002
131390007022
131390002042
131390003032
132150030001
132150115006
132150115001
132150115002
132150032001
130470302023
130510042103
130970804031
130970805061
130970805111
130970804043
130470301004
130470301003
130470302022
130470302021
130470303013
130470303041
130470302011
130590022001
130590018002
130590018003
130590019001
130590019002
130590020002
130590018001
130590021001
130131804012
130590022002
130719703002
130719704002
132150034001
132150101062
132150101061
130339501001
130339504003
130339509001
130771703051
130771703053
130771703061
130771703062
130771703063
130510011002
130510110061
130510029001
130510111082
130510101021
130510111073
130970803042
130970804041
130590301001
130590301002
130590302001
130590302002
130590302003
130591304003
130591304002
132150106021
132150002002
132150003002
132150004003
130670315071
130670311141
130670302231
130670311151
130670311163
130670302233
130670311172
130670302223
130670302222
131171303052
131171306121
131171306132
131171306051
131171304091
131210087004
130591305003
130591306001
130591306002
132150008001
132150009002
132150010002
132150010001
132150011002
132971104003
132971106012
132971103001
132971103002
131759502011
131759502021
131759510006
131759502012
130591307002
131390003053
131390005004
130550102006
130591403003
130591404002
132150012003
132150020002
131390003031
131390003021
132231206051
132231204001
132231205011
132231204004
132231206031
132231204002
132231201011
132231204003
130591406002
130591406003
130591503001
132150021002
132150022001
132150022002
132499601002
130771704031
130771704041
130771704051
130771704052
130510110053
130510111061
130510111062
130510105012
130510106031
130510108061
130670302382
130670302261
130670302392
130670312071
130670311171
130670302342
130670302351
130670311181
130670302201
130670312052
131171304081
131171304041
131171304042
131171304101
132971108002
132971101003
132971105042
132971105041
132971108003
132971104002
130510038001
130510107001
130510033012
130719708001
130439502002
130439501003
130439502003
130439503001
130510108072
132532001001
130439501001
130439503002
130970805063
130970804022
130970802012
130970802021
131390004001
131390003042
131390010021
130131803032
130131802053
130131802061
130131801061
131390010041
130131801072
130131801041
130131801071
130131801051
130131803031
130131803021
130131803011
130131803022
130131805023
130131804022
130131801062
130131802042
130131801031
130131805031
130131804023
131690303023
131690303012
131690303021
131690303022
131690302002
131790102041
131690303011
131690301042
131690302001
131790103004
132619507001
132619508001
132699501001
132619505003
132699503002
132619502001
132619501001
130670312092
130510108022
130510040015
130510020002
130510023001
132250402001
130970802011
132250402002
130771704053
130771705023
130771706014
130771706024
130510110062
130510109013
130510043001
130510105022
130510108063
130670312082
130670302273
130670302292
130670302221
130670314083
130670302192
130670302193
130670312053
130670302242
132759605003
132779606002
132779609002
132779605002
131171304092
131171305101
131171305072
131171306112
131839800001
130970804023
132971105061
132971106022
132971105071
132971105072
132971105031
130970802023
130390103021
130390102001
130390101001
130390103011
133059705001
133059701004
131390010031
131390011021
131390009003
131390009004
133059702005
133159604001
131390012011
132759604002
132759608001
132759610001
132759603001
132759608003
132759611003
132759607001
132759608005
132759610002
132759601001
132759605002
132759602002
132759610003
132759602001
132759611002
132759606001
132759611001
132759606002
132759604001
132759605001
132759603002
130670314091
130210127001
130210127002
130210128002
130210128003
130210129002
130771706031
130771706032
130510108071
130510108091
130510108064
130510108092
130510108084
130510111092
130510111094
130510111081
130510114001
130670301041
130670301061
130670301062
130670301071
130670301042
130670302182
130670302241
130670312091
130670312112
130670302263
131171303042
131171303061
131171303072
131171303062
131171304034
130390106012
132971106031
132971107003
132971105082
132971105083
132971105073
132971103003
131390014022
131390015011
131390013012
131390014043
132759607006
132759608002
132759608004
132759609001
132759607005
132759609002
131390015012
130339505001
130339501002
130339507003
130339505002
130339507002
130339502001
130339504004
130339507001
130339504001
130339504002
130339502002
130510108073
130510042123
130510038002
130510112001
130510113001
130510009001
130510015001
130510028003
130510113002
130510030002
130670302142
130510034004
130510035013
130510116002
130670302271
130670302152
130670313093
130670302154
130670302092
130670302262
130670312072
130670312081
130670312083
130670302291
131171302022
131171305102
131171306091
131171306072
131979201001
131390016061
131390015022
131390016073
131390016071
131390016072
131390016041
131210070022
132190301003
132619504003
132619503003
132619502002
132619504001
132619505002
132619502003
130510036012
130510040022
130510042091
130510042104
130510042114
130510107002
130670315033
130670309053
130670309012
130670310051
130670314052
130670306011
130670306012
131210113016
132799703003
130670302312
130670302313
131171303021
131171303023
131171303022
131171305091
131210095021
131210095012
131210095011
131210096032
131210112012
131210112024
131210113011
131210113013
131210113014
131210113015
131210113032
132050901001
131590105002
131570107031
131390016051
131390016052
131390016062
131390014032
130339509002
132050904001
132050905004
132050903002
132050903003
132050902003
132050905001
132050904002
132050904003
132050901002
132050903001
132679501001
131210097001
131210098021
131210098012
131210113031
131210113033
131210114161
131210114173
131198901021
131198903002
131198901023
131198904004
132679503002
132679501002
132679503001
132679501004
132679501003
132679503004
130159602001
131570106003
131210071002
131210099002
131210099003
131210072002
131790106002
131210100021
131210114211
131210114051
130859702022
130859702021
130859702023
131790103002
131570105002
131210101061
131210101062
131210101063
131210114053
131210114232
131210114234
131210114221
131210073002
131210073003
131210074001
131210101071
131210101072
131210101211
131819701004
131819701002
131819702001
131819702003
131819701003
132050905005
131210114183
131210114192
131430104002
131430102002
131430102001
131430103021
131210075001
131210075003
131210075004
131210076023
131210011002
131210106033
131210116152
131210116213
131210116223
131210068011
131210101101
130159604011
130159602004
130159608033
130159608031
130159607001
130159606001
130159608012
130159603001
130159607002
130159610001
130159604012
130159602003
130159602002
130159609021
130159606002
130159608032
131210114181
131210114101
131210114102
131210114103
131210116233
130159608011
130159610002
130159603002
130159609023
130159605004
130159608021
130670303133
131210077032
131210101201
131210101191
130131805021
131210102041
131210102042
131210114112
131210114114
131210114115
131210114113
130210126003
130210126004
130890208022
131451201981
131451203002
131451202001
131451204021
131451201984
131451202002
131451203001
131451204023
130159601023
130159606003
130670304101
130670304071
130670303191
130670303203
130670302191
130670303202
130670302181
130670305041
132150114001
132150103022
132150002001
130670302151
130670305051
130670310013
130670313082
130670303132
130670302141
130670303134
132150104021
132150102042
132150107022
132150107012
132150107031
130670304073
130670304072
130670304082
130670302391
130670303302
130670303301
130670315092
130730302013
130730301053
130730301051
130730301031
130730303092
130730302032
130670302194
130670311011
130670313121
130670303242
130670309041
130670312121
130670307001
130670303281
130670303331
130730303093
130670303135
132971101002
132971102001
132971107004
132910002031
132910002011
132910002054
130670303142
130670303143
130670303181
130670303311
130670303312
130670302302
130670309013
130670314053
130670304133
130670303441
131319501002
130670314041
130670311013
130670311131
130970802024
130970802022
130670303182
130670303183
130670303221
130670303222
130890236032
130890212101
130890212161
131319505001
131319502001
131319501001
131319502002
131319504001
131319506001
131319503001
131319503002
131319505003
130670313131
133170101021
133170101012
130670303313
130670303321
130670312061
130670303141
130670302283
130890214101
130890215032
130890215042
130890216042
130890234101
130890234231
130890234252
130670304091
130670306021
130670307002
130670314051
130670301011
130890220043
130670302314
130890234262
130890214121
130890214122
130890219123
130890219131
130890220042
130890231123
130890220051
130890220052
130890220053
130670303422
130670303433
130670303421
130670303431
130670303432
130890220083
130890220084
130890220091
130890232132
130890231151
130890232041
130890232093
130890232104
130890232105
130771705033
130099707022
130670303322
130670303341
130670303342
130670301013
130670301014
130670303241
130670303412
130670303411
130670303402
130670303261
130670303103
131790106001
130670303101
130670303263
130670303271
132879703001
130771704061
130771705013
130771708021
130771708022
130771703031
130771704023
130771704032
130771704042
130771704043
130771705011
130771705021
130771705022
130159609024
131530202001
130159601011
130159601021
130159601022
130159606005
130159610003
130159609011
130159604021
130159604023
131790102071
132759606003
131079704003
131530202002
131530202003
131530203001
131530203002
131530203003
131530203004
131530203005
130299201021
131319504003
131319504004
131319503004
130299203052
132150111002
130510108012
133019704002
131030303042
131030302033
131030302042
131030304011
131030302031
131030302032
131030302041
131030303031
131030303052
131030304012
130510040024
131530207003
131530207001
131530209002
131530209001
131530209004
131790101011
131790101012
131790101031
131790101032
131790101021
131790102061
131790102082
131790105011
131790105012
131790105021
131790105022
130210111002
130890232141
130890233063
130890233094
130890233104
130890233141
130890233142
130550105002
130210136051
130210136031
130210108001
130210134102
130630405242
130210131012
130210110001
130210134091
130210136053
130210134092
130210129001
131790103001
131530210003
131530210004
131530211034
130630405131
130630402043
130630405191
130630406082
131110502002
132759606004
130630406143
130639800001
132759606005
132759607002
132759607003
132759607004
132950207006
132950205023
132950201001
132950205013
131319503003
132950202001
132950203021
132950201005
131530211052
131530211081
131530212024
132150114002
132150103023
132150102011
132150103011
132150102012
131719702004
130890238022
130890238031
130890238032
131530213002
130890236031
130890214111
130890214112
130890211024
130890238034
130890214131
130890214132
130890233143
130890233151
130890233152
130890233162
130890233163
131198901011
130210132011
131198904003
130210125002
130210120004
130210134112
130210134072
131150021002
130510042113
130890238021
131479605003
131499701002
131499703002
131499702002
131499703001
131499702001
131499702003
131530214003
131530215003
131530213003
130510109012
130510030001
130510040013
130510034003
130510027003
130510111034
130510106011
130510036024
130510026001
130510106051
130510035012
132759609003
132759601002
131790104001
131110503002
131110505004
131110502005
131110503001
131110502003
131110501001
131110504004
131110504002
131110505001
131110504001
131110505003
131110502001
131110504003
131659601004
130019504002
132150115004
132150105014
132150108022
132150020001
132150011001
132150021001
132150018001
131619603002
131619601005
131619603001
131619602003
131619602001
131619601002
131659602001
131659601001
131659602002
131659601002
131659601003
131659601006
130890213071
131659601005
130890214152
130890214162
130890214171
130890208023
130890208024
130890236013
130510027004
130890219102
130890234232
130890234143
130890234164
131619601001
130890234192
130890234211
130890234212
131619601003
131619602002
131790104002
130210136063
132779604004
130210136052
130210126001
130210132022
130210128001
132470603071
132470604031
132470604062
132470602011
131530211045
131530201051
131499701001
131530210001
131530211051
131530211054
131530211072
131530213001
131530212021
131370005004
131370005005
131530201092
131530212023
131530201052
131530207002
132779604005
132779602001
132779608002
132779606001
132779603003
132779603006
132779603002
132779605001
132779601002
132779603004
132779603001
132779602002
132779608001
132150010003
132150023001
132150025001
132150111001
130510042112
130510042121
132150028002
132150029021
132150034002
132150115003
132150033011
130970803012
130970803013
130970803014
130510042122
130510115002
130510042072
130510042081
130510042082
130510042084
130510042085
130970801031
130970802013
130970803031
131370006011
131370006012
131370006013
131370006025
131370006023
130519900000
130510006012
130510003002
130510111031
130510039003
130510105021
130510029003
130510006011
130510042083
130510021002
132639603002
132639602001
132639601002
132639602002
132639601001
131030301001
132639603001
130890211022
130890204002
130890212043
130890212081
130890212093
130890213052
130890213061
130890234213
130890234241
130890234242
130890234251
131370006024
130790702012
131030302022
130790702021
131030301002
131030303012
131030302021
130890235061
130890234271
131030303011
131030301003
130210132013
130210134103
130210134073
130210134082
130210136061
130210105001
131530208001
131530211082
131530211043
130459101032
131050002002
130890237002
130890237003
130890237004
132150108011
132150107023
132150033023
132150105021
132150101041
132150101042
132150106051
132150106052
131339503013
130890238012
131530215002
131530212011
130970803011
130970806043
130970803041
130970804042
130970806031
132270501002
130890213072
130890213081
130890215023
130890216033
130510044001
130510044002
130510045001
131530208002
130890216052
130890218131
130890219073
130890234272
130890234282
130890234283
130510045002
130510045003
130510045004
131530214002
131530211033
130890237001
130210101002
130210103001
130210134081
130210121022
130210136043
130210137001
132731205001
132731203004
132150106071
132150106082
132150102043
132150106023
132150029022
132150108021
132150003001
132150016001
130970805091
130970805081
130970801022
130970805101
130970805062
130490101003
130490102001
130490101001
130490101004
130490102002
130490101002
132819602001
130890219094
130890219103
130890219133
130890220012
130890220093
130890222031
130890222044
130890228002
130210138001
130759602004
130759603003
130759603005
130759603004
130759604003
130690104004
130690104001
130690105001
130510101022
130510102001
130510102002
130510102003
132470604063
132470602012
132470604043
130510105011
130510105013
132150012001
132150027001
132150102031
132150004001
132150112002
132150030002
132150033021
130659701003
130970805103
130970805102
130970801021
130379501001
130379502001
130379501002
130970804032
130379502002
130379502004
130379502003
131919900000
131919800001
131911103002
130890228003
130890231111
130890232133
130890232142
130890233122
130890233131
133130007001
133130007004
130299203031
130970805112
130970806044
130970803032
130970806032
130970805092
130259602002
131198902002
131198903001
131198904001
131770204022
131770204023
131770204031
130690105003
130690107003
130690107002
130690108023
130690108012
133130008005
133130009002
131770204021
131879602012
131879602013
131879601012
131879601011
130890233132
130890233161
130890234123
130890234284
130510106016
130890235063
130890214123
130510105014
130510105015
130510106012
130510106013
130510106014
132231203012
133130010001
133130010002
133130011004
133130013002
131018802002
130179605002
131739502004
132532001003
130590001001
130590004023
130590006002
132532002002
132532002003
132799701002
132799706001
132799706002
132799705003
132799703002
130590009001
130590009002
131370004002
133130013003
133130014001
133130014003
133130014004
133130014005
130179605003
130179605005
130179603002
130259601003
130259601002
133130015002
131799900000
130730303073
130890211011
130890214153
130890214172
130890236012
130890202002
130890206002
130890207002
130890208012
130890212092
130890212094
132231201032
132532001002
132532002001
130311101001
130311106021
130311104011
130591305002
130591307001
130510107003
132450104003
130510108011
130510108021
130510108031
130759604001
130759604002
130759601002
130759602005
130759601001
130759602003
130759603001
130759603002
130759602001
130759602002
132910002053
130210118004
130210119002
130210119003
131590101001
131590102001
131590105005
131590105003
131590105004
131590105001
131739502003
131739502005
131739501002
131739502001
131739502002
131739501001
130730303025
130730305064
130730305032
130730305063
130730303071
130210120001
130210120002
130730303023
130730303021
130210120003
130210121023
130210122001
130210123002
130210123003
130210124003
130210124002
130210125001
130210125003
132250401021
132250401011
132250403011
132231201012
132231201031
132231205022
132231201021
132231201022
132231206011
132231206032
132231206024
131050001002
130950104012
130950112001
130950113001
132532003002
132532003001
132532003003
130311105004
131210077062
131210078023
131210078051
131210078052
131210102044
131210102053
131210102063
131210102062
130890208011
130351501005
130859701002
131210078061
131210078071
131210078072
131210078081
131210079002
131210079003
131210102122
131210102111
131210102112
131210102081
131210114142
131210114241
131210114242
131210080004
132231206042
131210082011
131210082021
131210082022
131210102102
131210116151
131210116131
131050002003
131050002001
131050005003
131050003002
131050001001
131050001003
131050005005
131050003003
130390104022
131050005002
131050004002
131050004004
132399603001
130390106021
130390103012
130390104031
130390103014
130390104021
131210086014
130390103023
130730302021
131210083011
131210083012
131210083021
131210084002
131210084003
131210085001
131210085002
131210007001
131210007002
131210103031
131210103032
131210104004
131210105071
130210102001
130210102002
130210102003
131210086011
131210086012
131210086013
131210105073
131210110001
131210105081
131210105161
131210088002
131210105104
131210105111
131210105112
131210105113
131210089021
132050902001
132050905002
131210089024
131210090002
131210106013
132050902002
133130002002
133130008002
133130006003
133130006002
133130013001
131210092003
131210092001
131210106011
131210106031
131210108004
131210108005
131210093001
131210093002
131210093003
131210108001
131210110002
131210110003
130939701001
131210111001
131210111003
131210112011
130939703001
130939702001
130939703003
130939702002
130939701003
130939701002
132130105003
130939703002
130939703004
131899501001
131899505003
131899501002
131899504003
131899502002
131899505002
131210106012
131210097003
131210090001
131210055012
131950204003
131110505002
131110504005
131210019001
131210115032
131210102052
130670311162
130670312062
130670302281
130131805024
131210078022
131210101181
131210104001
131210104002
131210024002
131210025002
131210097002
131210013003
131210023002
131210112026
132450101042
132971108001
132971105062
132470602023
132470602024
132470603044
132470603041
130810103003
132470603042
132470603052
132470603093
132470604033
133130004006
133130005021
133130005022
132470603081
132470603082
132470603083
132470603072
132470604041
130719705002
130719709003
130719706002
130719709001
132470604042
132050904004
132579703011
132579701005
132579704002
132579704001
132579702001
132579701002
132579704003
132579703014
132579703021
132579701003
132579702002
132450101011
132450001005
132450013001
132450001003
132450104001
132450109031
132450105112
131451201983
131451201982
131451203004
131451204012
132130103001
132130106002
132130107002
132130107004
132130101003
132130101004
132150033022
131719702002
131719701002
132130104004
132130103003
132130102024
132130107003
132130101001
132130106003
132130102022
132130102023
132130105001
132130102021
132130104001
132130107001
132130105002
132130104002
132270505001
132150004002
132250404001
132250403012
132110102001
132270503002
132270506001
132270506003
132270506004
132270502001
132270502004
132270501001
130890214161
130890233091
130890231142
130890234191
130890234281
130890211021
130131801081
130510040012
130510040014
130510040021
130510040023
130510041001
133159601002
130179603003
130510041002
130510042101
130510042092
130510042102
130059702011
130059701002
130059701001
131719703003
131530211032
131530213004
131530201082
130131802062
130131802041
130131802052
130131802032
132999505003
130131802031
130131804011
130131801082
133130011003
130131805022
130131802051
130730302033
130019503003
130059702012
133130012003
130510033022
130019501002
130019503004
130019505002
131759511001
130890214141
130890212042
130890211023
130890213082
130630406122
132470604072
130630406132
130890234161
130890234162
130890234163
130890234184
130890216031
130890217031
130890217042
130890217043
130890218094
130890218101
130890218102
130890218103
130890220041
130890203003
130890232081
130890232082
132819602002
130890232091
130890232101
130790701002
130790701001
130730304012
130210131011
130210131013
130210131021
130890204001
130890205001
130890205002
130890206001
130890207001
130890219132
130890218141
130890219111
130890224011
130890218121
130890218122
130890208021
130890232102
130890232103
130890232111
130890232112
130890232121
130890232122
130530202051
130530201002
130890209002
130890209003
130890209004
130890209001
130890212021
130890234193
130890234221
130890234222
130890234233
130890238013
130890219061
130890219063
130890219072
130890233031
130890233032
130890233033
131759502022
130591304001
130591509002
130730301025
130730301021
130730303074
130890212163
130890212171
130890212181
130890212182
130890212183
130890213012
130890213033
130890213051
130279603004
130279603003
131850114021
131850114032
131850107003
130099707013
131299707001
130351502005
130351503003
130351501002
130351503002
130351503004
130730304021
130730305061
130730305062
130730303072
130730306031
130730301022
130730304011
130730305031
130730306032
131759504002
131759505001
131759505002
130970806042
130970806041
131759508003
131759514001
130510114002
130510026002
130510027001
130510027002
130510028001
130510028002
130510029002
130510029004
130510033011
130659701005
130510111091
130510101011
130510111071
130659701001
130659701002
130659702002
130659702001
131999708001
131759508001
131759508002
131759509001
131759509002
131759509003
131999707004
132859606001
132859611001
131999706002
131370002011
131050005006
131370004001
130459105012
131370002021
131370005001
130950006002
130210135044
130099707011
130099707012
131299702003
131299709001
131299701003
131299703004
131299709003
131299704001
131299705003
131299706002
130719707013
130670315052
131370005002
131370006021
131370001002
131370004003
131370005003
131370006022
131370003002
131370001001
131370002023
132270503001
132110101001
132110103002
132270502002
132270505002
132270502003
132270504002
132270506002
132270504001
130590006001
130591403001
130591303001
130591303002
130590009003
130591403002
132930103001
132930106001
132930101002
130591406001
130591505002
130590021002
130591508002
130591504001
131270004042
130591307003
130591509001
131790102021
131270002002
131270002003
131270010001
131479603001
130890234183
130890235011
131479605004
131479604003
131479601005
131479605005
131479604001
131479604002
131479601002
131479601004
131479605002
131479602002
130570906021
130570905022
130570905011
130570904003
131270007001
131270007003
131270007006
131270007002
131270007007
131270008004
130570906022
130570906011
130570904002
130019504001
130570909041
130570902002
130570908022
131270008002
130890235043
132579703012
132579704004
131270005013
131270005041
131270006003
132679504003
131339503014
131510705022
131510704031
131510704033
131510701141
131510703102
131510705021
131510705012
131510703071
131270006002
132599504002
132599501002
132599504001
131339503011
131339505001
131339505002
131339504001
131339503034
131950203003
131270010003
132450105061
132450105062
132450105063
132450105071
132450105072
131270009002
133119503002
133119501002
133119501001
132450105073
132450105074
132450105081
132450105101
132450105102
132450105103
132450105104
130510020001
130510021001
130510021003
130510022001
130510022002
130510022003
130510022005
130510022004
130510023002
130510111032
130510111041
130510111043
131479604004
130510111093
130970805052
130890212022
130890212041
130890212082
130210131023
130210131024
131950205001
131950201003
131950204002
131950202001
131950204001
131950205002
131950201001
131950206002
131950206001
132859609021
132859601001
132859601002
132859611002
132859606004
132859605021
132859602011
132859605022
130019502001
130019502003
130019501001
130019503001
130019505001
130019503002
130019502002
132859610001
130019505003
130890219081
130210132014
130210131022
130890219082
130890219091
130890219092
130890220011
132171005011
130890233061
132859604003
132859609022
