150070409003
150070409004
150070409006
150070404002
150070403006
150070405004
150070401033
150070407004
150070407001
150070407006
150070404003
150070402041
150070405003
150070405005
150070403003
150070401032
150090311014
150090302022
150090302023
150090302021
150090302012
150099902000
150090303011
150090320001
150090303032
150099900000
150090314051
150090315032
150010220001
150030078092
150030078102
150070401042
150070403002
150070403004
150030047001
150030048002
150030003021
150030005002
150030005003
150030048003
150030068022
150039813001
150030068041
150030005005
150030007001
150030008001
150030008002
150030105041
150030080011
150079902000
150070412001
150079903000
150079901000
150070408001
150070405001
150010201001
150010202021
150010221021
150010211061
150010211062
150010211063
150010210111
150010208011
150010203001
150010210131
150010205004
150010210103
150010210031
150010210032
150010210133
150010210102
150010211064
150010211011
150010212022
150010216013
150010216015
150010214022
150010215091
150010215071
150010217022
150010219021
150010217041
150010217042
150010217043
150010210112
150010215073
150010213003
150010218002
150090311012
150090310001
150090308002
150090311031
150090318012
150090303033
150090307102
150090315022
150090305012
150090315031
150090308001
150090301001
150090307051
150090304031
150090317002
150030086222
150030080012
150090311033
150090320002
150090307092
150090307101
150090307091
150090307062
150030102022
150030103081
150030103051
150030103062
150090307082
150090309033
150090315023
150090315011
150090315012
150090315021
150090304043
150010210051
150010210054
150010210033
150010211012
150010212023
150090316011
150090317003
150030078091
150090307061
150090307071
150030080021
150030080022
150030080032
150030087013
150030089201
150030078052
150030078111
150030078072
150030078081
150090311032
150090304042
150090309034
150090307093
150090307052
150099912000
150010216012
150010214023
150010216041
150010215092
150010215041
150010216014
150090309032
150090307074
150090304032
150090304023
150090307081
150099800001
150010210053
150010210052
150010216042
150010215072
150030080031
150090314043
150090314041
150090314042
150090314022
150090314052
150090314053
150030089132
150090317004
150070407005
150070403005
150070409005
150030087012
150030087014
150030087021
150030087034
150030087032
150030098022
150030098023
150030087033
150030088002
150030088003
150030089092
150030089131
150030089142
150030080053
150030089181
150030089231
150030080062
150030080071
150030080072
150030093002
150030093001
150030094002
150030083021
150030083022
150030083023
150030084022
150010212024
150030095031
150030095041
150030086171
150030096032
150030097012
150090304041
150010201002
150010201004
150010213002
150010214021
150010216044
150010209003
150010215093
150010202022
150010206002
150010218004
150010209001
150010208024
150010208023
150010210101
150010203002
150010218003
150010219023
150010201003
150090304021
150010203003
150010215022
150010206001
150010206003
150030080052
150010216045
150010216043
150010217044
150010215042
150019904000
150090314021
150090316012
150090309031
150019905000
150019907000
150019908000
150019909000
150090305011
150019910000
150019911000
150019912000
150019913000
150019914000
150019916000
150019917000
150090303012
150090318011
150090317001
150090301002
150090309012
150090303013
150030089233
150090304022
150090314054
150090309011
150090309013
150090309021
150090309022
150090310002
150090310003
150090310004
150090311013
150090311021
150090311022
150090311023
150090311034
150090319002
150090319004
150090319003
150030068042
150030068052
150030068061
150030068081
150030068091
150030069002
150030070001
150030070002
150030075051
150030077011
150030077012
150030078041
150030078051
150030087011
150070404005
150070404004
150070405002
150090303014
150070412002
150070407003
150090302011
150070408003
150070409002
150090302024
150090302025
150090307072
150090307073
150090319001
150090303031
150030105052
150030105071
150030106011
150030107011
150030107012
150050319001
150030109012
150030109032
150030109041
150030109042
150030109051
150030110003
150030107021
150030111042
150030111052
150070402053
150070402051
150070408002
150079400001
150079400002
150070407002
150070402054
150030053001
150010209002
150010210132
150010213001
150010217021
150010218001
150010219022
150010220002
150010221022
150010208022
150010212021
150010215021
150010217023
150070406041
150010216011
150010204001
150010204002
150010204003
150010204004
150010205001
150010205002
150010205003
150010205005
150010206004
150010207011
150010207012
150010207013
150010207021
150010207022
150010207023
150010208012
150010208021
150030113001
150030103061
150030003012
150030012021
150030086111
150030097011
150030096081
150030018032
150030034052
150030046001
150030063012
150030074001
150030084082
150030086121
150030100001
150030101001
150030097032
150030105051
150030061001
150030018041
150030035023
150039400023
150030001101
150030047004
150030049002
150030064011
150030063013
150030050003
150030062013
150030008003
150030062012
150030062021
150030004011
150030010001
150039400011
150030003011
150030097041
150030103052
150030075021
150030004021
150030088004
150030004022
150039900010
150030001121
150030006002
150030097033
150030098012
150030018033
150030103082
150030024011
150030027023
150030032001
150030034061
150030050004
150030048001
150039400021
150030068043
150030089204
150030006001
150030001103
150030107022
150030086142
150030083012
150030086143
150030001071
150030078071
150030077021
150030078082
150030075053
150030075052
150030075041
150030105082
150030105053
150030105081
150030078075
150030073031
150030062011
150030068053
150030068082
150030078103
150030077023
150030084112
150030089311
150030078101
150030089312
150039802001
150030084023
150039806001
150030089081
150030086175
150030099041
150030095071
150039807001
150030100002
150030089232
150030102011
150030101002
150030096082
150030102021
150030007003
150030069001
150030001123
150039800001
150030001141
150030089202
150030009011
150030073021
150030083013
150030073022
150030060002
150030106023
150030103063
150030089072
150030089063
150030089211
150030106012
150030086223
150030103033
150039812001
150030113004
150030112011
150030111061
150030108011
150030108021
150030019041
150030036042
150030103032
150030037003
150030024013
150030042002
150030102024
150030086147
150030111053
150030080061
150030078112
150030089241
150030095011
150030009012
150030009021
150030001082
150030001081
150030106021
150030075061
150030068023
150030068021
150030068051
150030086141
150030106013
150030105032
150030105043
150030105042
150030089073
150030002005
150030001111
150030013002
150030008004
150030096033
150030097031
150030086144
150030086146
150030086145
150030068083
150030070003
150039808001
150030106022
150030103065
150030103053
150030001061
150030002003
150030103064
150030086172
150030078076
150030086063
150030086061
150030087022
150030064023
150030064022
150030114002
150030111051
150030112013
150030113002
150030111032
150030111041
150030111043
150030115002
150030085021
150030115001
150030002004
150030003023
150030114003
150030078074
150030084051
150030084121
150030086062
150030115003
150030091002
150030094003
150030086064
150030111064
150030111063
150030113003
150030108012
150030003022
150030005004
150030089121
150030089223
150030011002
150030028001
150030086149
150030084081
150030084021
150030086173
150030083011
150030089281
150030108023
150030108022
150039810001
150030099042
150039400024
150039811001
150030112021
150030084101
150030084111
150030086091
150030086092
150030089292
150030084061
150030084122
150030062014
150030086174
150030086221
150030086131
150039803001
150030089261
150030001064
150030019042
150030096031
150030013001
150030017001
150030086101
150030007002
150030005001
150030013003
150030097013
150030001072
150030095012
150030095022
150030089251
150030086148
150030090001
150030089243
150030048004
150030037002
150030037007
150030037001
150030038003
150030037006
150030012012
150030001073
150030009031
150030012011
150030013004
150030055001
150030034033
150030089061
150030089224
150030089242
150030050001
150030049003
150030056002
150030017002
150030020062
150030024012
150030026004
150030023005
150030034064
150030041003
150030060003
150030045003
150030051002
150030052002
150030019031
150030056001
150030057002
150030028002
150030067012
150030018031
150030089291
150030089271
150030089301
150030088001
150030089141
150030089091
150030089183
150030089082
150030075042
150030095072
150030089222
150030096034
150039400012
150030020031
150030020041
150030019011
150030020052
150030037005
150030020051
150030019032
150030034034
150030023002
150030022011
150030022022
150030023003
150030089083
150030089071
150030089074
150030089171
150039814001
150030102013
150030102012
150030099045
150030023004
150030026003
150030035021
150030035022
150030027022
150030034051
150030045001
150030034032
150030041001
150030042001
150030093004
150030099021
150030089184
150030089203
150030089221
150030093003
150030036041
150030101004
150030112014
150030112015
150030103083
150030112012
150030043002
150030034041
150030034043
150030035011
150030039001
150030038001
150030036031
150030036032
150030094004
150030101003
150030114001
150030094001
150030095021
150030055002
150030099023
150030096036
150030111062
150030071001
150030077013
150030037004
150030045004
150030087031
150030001102
150030001113
150030052001
150030051001
150030043003
150030050002
150030056004
150030047002
150030096035
150030047003
150030098021
150030099024
150030098011
150030084071
150030089252
150059900000
150070403001
150070406032
150070406042
150070409001
150030009022
150030099044
150030099022
150030016001
150030009032
150030010002
150030011001
150030012022
150030089253
150030036011
150030031011
150030067011
150030002001
150030014002
150030015001
150030015002
150030015003
150030016002
150030016003
150030089151
150030089152
150030089172
150030099043
150030110001
150030020061
150030020032
150030021001
150030021002
150030091001
150030092001
150030092002
150030092003
150030022021
150030022012
150030023001
150030024021
150030024022
150030025001
150030025002
150030026001
150030026002
150030027011
150030027012
150030027013
150030027021
150030049001
150030053002
150030054001
150030029001
150030030001
150030056003
150030057001
150030058001
150030030002
150030030003
150030030004
150030031012
150030031021
150030058002
150030059001
150030001063
150030059002
150030060001
150039400022
150030001062
150030034042
150030080051
150030078073
150030014001
150030109011
150030044001
150030034071
150030031022
150030033001
150030034031
150030034062
150030061002
150030063011
150030063021
150030064021
150030102023
150030105072
150030111031
150030075031
150030065001
150030045002
150030002002
150030068092
150030018011
150030018012
150030110002
150030034063
150019906000
150030035012
150030036012
150030066001
150030067013
150030103031
150030089182
150030065002
150030075032
150030077022
150030089062
150030038002
150030040001
150030040002
150030041002
150030067021
150030105031
150030109031
150030001112
150030001122
150030043001
150030044002
150030046002
150030046003
150019901000
150019903000
150070406033
150019915000
150019900000
150070401031
150070401041
150070401034
150070404001
150070402042
150070402052
150070406031
150070406043
150090311011
150090317005
150090304024
