160199712001
160199712002
160199712003
160199712004
160199713012
160199713013
160079501001
160199708002
160199713015
160199713022
160199713023
160199713024
160199714002
160079502002
160079501002
160199703003
160199709001
160199703004
160199705031
160199715001
160199714001
160199711001
160199707001
160199701003
160199703002
160199704012
160199704011
160199710003
160199708004
160199706021
160199704031
160199704032
160199704033
160199705021
160199705022
160199705023
160199706011
160199706012
160199706013
160199706022
160199706031
160199707002
160199707003
160199707004
160199708001
160199708003
160519601001
160499602003
160499601002
160519603002
160519603003
160519602001
160519604001
160519601002
160519604002
160519601003
160519604003
160519602003
160519602002
160519604004
160179506003
160010023121
160010023131
160010024101
160010024102
160010024103
160010024104
160010024111
160010024112
160010024113
160010024131
160010024132
160010024134
160179508001
160179508003
160179505001
160179502002
160179507002
160179502001
160179504001
160179509002
160179509001
160179502004
160179502006
160179504005
160179506002
160010012022
160010014001
160010015001
160010015002
160010019003
160010020001
160010020002
160010020003
160010020004
160179501001
160179505002
160179503002
160179504004
160179509003
160179508002
160179505003
160179505004
160179506001
160179502005
160179503001
160179502003
160830015003
160179503003
160179503004
160179504003
160179504006
160179507001
160010023122
160010102212
160010103131
160270213001
160270223003
160659503014
160659503012
160659501001
160659503011
160659501003
160659501002
160659504002
160659505002
160679701002
160679703002
160199701001
160199701004
160699604002
160699607003
160699609002
160639501002
160639501003
160639501001
160639501004
160010015003
160010016001
160010017003
160010018001
160010018002
160010019001
160010019002
160010022241
160010022212
160010022213
160010023022
160010023023
160159502002
160159502001
160159502003
160159502004
160199701002
160199713014
160199706023
160199704021
160199703001
160199705011
160199713011
160199715002
160830005003
160659505003
160659504001
160659503024
160039502001
160039501001
160399605001
160830003001
160830003002
160830013001
160830003003
160830006002
160830003005
160830006001
160010105042
160010022242
160010003043
160010007011
160010014004
160010023021
160010103313
160010023103
160010102241
160010022243
160010102231
160010103341
160010024122
160010014002
160010017004
160010002024
160010103133
160010103334
160010103331
160010008052
160010007012
160010102252
160010103354
160010103353
160010103132
160010023024
160010103342
160819601002
160010103352
160010012023
160010002023
160010103312
160010023104
160010002012
160010022231
160270213002
160270224002
160079501004
160079502001
160079502003
160079501003
160259701001
160819601004
160819601003
160819601001
160570055003
160270216001
160270216002
160270216003
160270217001
160270217002
160270217003
160270222002
160270202002
160270210021
160270219011
160270221002
160270223002
160699605003
160699606001
160699606002
160270205042
160699606004
160699607005
160699608001
160270209023
160699608002
160699608003
160699609001
160699610002
160699610003
160699610004
160570056003
160570053002
160570055004
160570055002
160570057001
160570056002
160570051002
160570051005
160570056001
160570052001
160570051001
160570055001
160570052002
160570052003
160570054002
160570057002
160570052004
160570052005
160050007002
160570053006
160570053001
160570051003
160570053003
160270209012
160270209013
160270210022
160270209021
160699603001
160570053004
160570053005
160570054004
160570054001
160270210023
160270204012
160270206026
160570056004
160570057003
160570051004
160099501002
160010012011
160010002021
160099400003
160099400005
160010012021
160010105011
160319504002
160319504003
160319504004
160319505003
160859701001
160550001002
160550003023
160550010012
160830008003
160830004003
160830004002
160830013003
160830007001
160830005002
160830014001
160830015001
160830009002
160830003004
160830010004
160830004004
160830004001
160830005004
160830005005
160830006003
160830007002
160830007004
160879702003
160879702004
160879703001
160879703002
160879701002
160879701001
160879702001
160119504003
160119503005
160550006023
160550019001
160550008001
160570054003
160270211002
160319503004
160319506001
160319506002
160319503002
160479602003
160479602005
160479602007
160479602001
160479601001
160479602002
160479601003
160479601002
160479602004
160479601004
160479601005
160499602002
160499604001
160359701004
160359701001
160359400005
160359701002
160359400006
160359400003
160359400002
160359701003
160139605001
160139602002
160139602003
160139602001
160139601002
160139601001
160139601004
160139605002
160139603002
160119501002
160119503004
160119504002
160119504004
160119504005
160119505002
160119505003
160119506002
160119506003
160119506004
160299601004
160299602001
160299601005
160299601003
160299601002
160299601001
160550017003
160550019002
160550003011
160550004012
160050007003
160270211003
160270206025
160270204013
160270205043
160270201001
160270205041
160270207002
160270205011
160050003003
160050003004
160270204022
160270222001
160050004001
160050004002
160270219032
160050007001
160050008001
160050009001
160050010001
160050010002
160050010003
160050011011
160050011012
160050011013
160050011014
160050011022
160050012001
160050012002
160050013001
160050013002
160050013003
160050014001
160050014002
160050014004
160050014005
160050015001
160050015002
160050015004
160050015005
160050016011
160050016012
160050016021
160239701002
160239701003
160270204021
160270204023
160270204025
160270204014
160270204011
160270215002
160270218002
160270221003
160270212003
160270218003
160270202001
160270203004
160270218001
160270203002
160270222003
160270223001
160270211001
160270224001
160270221004
160270203003
160270221001
160270202003
160499400005
160270203001
160270207001
160270204024
160270206021
160270206022
160270206023
160270205012
160270219041
160270219033
160270206024
160499400003
160499603001
160499602001
160499400002
160499601001
160499400004
160499603002
160499602004
160499602005
160499400001
160059400002
160270219031
160270219012
160359400004
160359400007
160359400008
160199714003
160199714004
160199704022
160199713021
160059818001
160050014003
160050019003
160050002001
160050002003
160050011023
160050019002
160050005001
160059400001
160050011021
160050017001
160050006001
160050015003
160050009002
160050019004
160050002002
160010007021
160050003001
160050003002
160010017001
160010003041
160010008042
160010105031
160010024121
160010017002
160010102251
160010102232
160010008051
160010102253
160010103332
160119507003
160479602006
160139602004
160139601003
160139603001
160319504001
160119503002
160119502002
160119400001
160119502001
160119505004
160830015002
160830007003
160830007005
160830008005
160830009001
160010103333
160879702002
160879703003
160879703004
160550016001
160550016002
160550007001
160550009003
160550010021
160550010011
160550010022
160550011001
160550017002
160550018001
160550018004
160559400003
160550006011
160550012001
160550012002
160550012003
160550013001
160550014001
160550015001
160550015003
160859701003
160859702002
160859703001
160859702001
160859703002
160859701002
160010008024
160010008031
160010008033
160010008034
160010009001
160010009003
160039502002
160779602002
160779602004
160779601002
160779602001
160779602003
160779602005
160779601001
160239701001
160139603003
160119503001
160119501001
160119501004
160119507001
160119506001
160119502003
160119501003
160739501011
160739501012
160739502004
160739502003
160739502001
160739501022
160739502005
160739502002
160119505001
160119400002
160119503003
160119507002
160119504001
160179507003
160719601003
160179508004
160179501002
160179504002
160759603003
160339501001
160679704001
160439703003
160439703005
160759601003
160679704002
160759601005
160679704003
160759602001
160759602002
160679705002
160759603002
160759604003
160679701001
160010007013
160010008043
160010008021
160010008022
160010008023
160010009004
160010010001
160010010002
160010010003
160010004004
160010004005
160010005001
160010005003
160010005004
160010006001
160010006002
160010006003
160010006004
160010006005
160439703002
160439701001
160439703006
160439702001
160439703001
160439703004
160439701002
160439702002
160439702003
160439702004
160439703007
160539703004
160539704003
160759604002
160759601002
160759603004
160759601001
160759604001
160759601004
160759603001
160759602003
160539705002
160539703001
160539703002
160539702002
160539704002
160539705003
160539702001
160539705001
160539704001
160539701001
160539703003
160419701003
160539702003
160539701002
160270209011
160270210024
160359701005
160830008002
160830008001
160679703001
160830010003
160479601006
160830010005
160830010002
160830011001
160830011003
160830011002
160830012001
160830012004
160830012002
160830012003
160830013004
160830013005
160830013002
160459602001
160459603005
160399601003
160399602002
160399603001
160399601002
160399602003
160399602004
160419702002
160419701002
160419702003
160419701004
160419702004
160419701001
160419701005
160419702001
160419702005
160399601001
160399602001
160399602005
160399603004
160399604001
160459602002
160459601003
160459602003
160459601001
160459601002
160459601004
160399603003
160399603002
160399604002
160399604003
160719601001
160699603003
160699605001
160699607002
160719601002
160699400002
160699604001
160699604004
160699607004
160699607001
160699400004
160699610001
160699605002
160699602001
160699606003
160699604003
160010016002
160699400003
160619400021
160619400022
160459603001
160459603002
160459603003
160459603004
160010002011
160010002013
160010023101
160010022211
160010006006
160010102211
160010001002
160010024133
160010105041
160010022221
160010004003
160010005002
160010010004
160010104011
160010104021
160010102013
160010102012
160010002022
160010014003
160010011001
160010021001
160010008032
160010101001
160010016003
160010023102
160010103351
160010003031
160010001001
160010008041
160010023132
160010003021
160010005005
160010009002
160010102011
160010103222
160010104012
160010021002
160010104013
160010001003
160010003042
160010003022
160099501004
160010004001
160379602003
160379602004
160379602001
160379602002
160010004002
160010011002
160010011003
160099400004
160099400001
160099501003
160099400002
160099501001
160799602005
160550009002
160299602002
160659501004
160659502001
160659502002
160659502003
160659503013
160659503015
160659503021
160659503022
160659503023
160799602002
160799602006
160799603001
160799604001
160799602007
160799604004
160799603005
160799604002
160799603002
160550002002
160619400023
160619503001
160619400011
160619400012
160550020002
160550015002
160550002004
160799604003
160659504003
160659505001
160799603003
160799604006
160799602001
160199711003
160799602003
160799602004
160799603004
160799604005
160550020001
160550008002
160550002003
160550003022
160550005002
160550004021
160550006021
160550007002
160550009001
160319505001
160319501003
160319502001
160550001003
160550005003
160550004022
160550007003
160550010013
160550009004
160830002001
160830010001
160319505002
160550014002
160319503001
160319502002
160319501001
160319505004
160319503003
160319501002
160359400001
160270209022
160270219042
160270206011
160219701004
160219702003
160219702002
160219701001
160219702004
160219701003
160219702005
160219701002
160219702001
160270205031
160270210011
160199709002
160199709003
160199710001
160199710002
160199710004
160199710005
160199710006
160199711002
160199711004
160199711005
160550018003
160679703003
160679702003
160679705003
160679705001
160550005001
160550003012
160550006012
160559400002
160550018002
160550001001
160679705004
160679702002
160679702004
160679702001
160050016022
160050016023
160050016031
160050016032
160050017002
160050006002
160050019001
160739501013
160739501021
160830002002
160830002003
160830008004
160519603001
160519603004
160010103211
160010103212
160010103221
160010103223
160010103311
160010103321
160010103322
160010104014
160010104022
160010018003
160599702001
160599703001
160599702002
160599703002
160599702003
160599703003
160599701002
160699603004
160699609003
160699603002
160699400001
160699400005
160270212001
160270212002
160270215001
160270215003
160270215004
160270215005
160550017001
160550003021
160550004011
160550002005
160559400001
160550013002
160550002001
160599701001
160550006022
160010012012
160050012003
160830005001
