180973578001
180973579001
180973579004
180973579002
180973580001
180973580002
180659764002
180731011004
180816106041
180816106043
180973581002
180430702001
181670019002
181670101001
181670101004
180430702002
180430703012
180430703021
180430703022
180430703024
181790401003
181790401004
181790401005
180759630001
180759631001
180759631003
181050001002
181050001003
180759631004
181650203002
181670103001
181670103003
181670105001
181670105002
181790402001
181790402002
181790404001
181790404002
181670107011
181670107013
181670107014
181790404003
181790405001
181790406001
181790406004
181790407001
181790407002
181790407003
181790407004
181790407005
181830501003
181770002003
181770005001
181770005002
181770005003
181770006002
181770007001
181770002001
181770007002
181830502001
181830504002
181830504003
181830504005
181830505001
181770007003
181770008001
181770008002
181770009002
181199557003
181199559002
181199558001
181199556001
181199557002
181830505002
181830507003
181830502003
181830504004
181770010001
181770011001
181770101001
181770101003
181770102001
181790402003
181790405002
181790401002
181790405003
181790406002
181790401001
181790403003
181790403002
181790403001
180659764003
180659764004
180659765001
180659765002
180659766001
180659766002
180659766003
180659767002
181770103003
181770104001
181770104003
181770106001
181770106002
181770106003
181457102005
181457108005
180659767003
180659758004
180659767001
180659768004
181670016001
181457109001
181457101003
181457103003
181457102004
181457106014
181457101001
181457109003
181457102001
180973569002
180973569004
180973570001
180973570004
180973571001
180973571002
180973571003
181670016002
181670016003
181670016004
180973572001
180973572002
180973572004
180973573002
181670017003
181670018002
181670018003
181670019001
181770106004
181770108001
180390022004
180390012002
180390023002
180390010003
180390029004
180390020003
180390011001
181770105002
181770104004
181770106005
180571102011
180571102012
180571102013
180571102014
180719676002
180719677004
180719678001
180719678002
180719679021
180719683003
180719682002
180879701005
180879702001
180879702004
180571102023
180571103001
180571103003
180571103004
180571103005
180571103006
180879701004
181111006003
180950120003
180950105001
180950120001
180050115003
180879702002
181379689002
181379685002
181379686001
181379684002
181379685004
181379687003
181379686002
181379689004
181379688001
181379684004
181379684003
181379689003
181379687001
181379687002
181379684001
181379685001
181379688002
181379686003
180731004001
180731008004
180731009023
180731010001
180731010002
180731011003
180890102052
180731011001
180731012003
180731012002
180731013002
180632109004
180632110003
180632110004
180594108001
181050007001
181050009011
181050013041
181050015012
181050003013
180594109001
180594109002
180594109003
180594110001
181050002021
180594103002
180594103003
180594104002
180973223003
180973426001
180973545001
180973548001
180973548003
180973549001
180594104004
180594104005
180594105001
180973550002
180973551003
180973553002
180973554001
180890432011
180890432013
180890433001
180594105002
180594106001
180594106002
181379686004
180571108104
180879701003
180950120002
181050002011
181050002013
181270501035
180973102012
180973102042
180330204001
181111004001
180973103052
180973103061
180973103063
180973103082
180973202023
180973202021
180973202031
180973202041
181270501033
181270510023
181270505083
181270510022
181270502021
181270501036
181270509002
181270507042
181270510021
181270503003
181270501012
180973208002
180973209012
180973209013
180973209014
180973201072
180973201071
180973203041
180973203042
180973203043
180973203044
180973205001
180973205002
180973206001
180973206002
180973702011
180973702013
180973702022
180973702023
180973802001
180973811011
180973604021
180973702024
180973606012
180973606011
180973606013
180973606021
180632107001
180632108021
180632109001
180632109002
180632109003
180973214001
180973569001
180973606022
180973607001
180973607002
180973609002
180594110002
180594110003
180890434051
180890433002
180890433003
180890434011
180890434034
180890434031
180594109004
180594101004
180594104003
180594104001
180594107003
180594101001
180594101003
180594102001
180594103004
180890434033
180594101002
180594102003
180594102005
180594103001
180890434032
180594106003
180594107001
180594107002
181410033001
181410011003
181410110001
180379537004
180210404002
181410118024
180973307002
180973309001
180973309002
180973309004
180319695003
181339560002
181339562002
181339562003
181410003022
180973419021
180973425002
180973425003
180973425004
180890427033
180890431022
180890427032
180890424012
180890424013
180890424021
180890424022
180890424031
180890419001
180890422001
180890424032
180890425011
181290406002
181290406003
181290407001
181290407002
180890419002
180890420001
180890422004
180890423001
180890424011
181379685003
181019503002
181019501002
181019502003
181019502004
181019501001
181019503001
181019503003
181019502002
181019501003
181019502001
180719676001
180973557001
180973557002
180973557003
180973559004
180890429012
181339563003
181339563004
181339564003
181339565001
181339565004
181339566002
181339560004
181339563001
180890202001
181479527002
181570055002
181570101001
181570102031
181570102032
181479530003
181570102044
181570103001
181570105001
181570106003
181570108002
181570108003
181570110001
181570016004
181570109012
180973517003
180319693003
180319694002
180973555003
180973555001
180890423002
180890410011
180890410013
180973304011
180973214002
180973214003
180890404032
180890429022
180890404033
180890405011
180973208001
181270501014
181270501013
181270511021
181270511011
180890425053
180890427031
180973210023
180973211001
180973211002
180973211004
180973212002
180973212003
180973213001
181270501031
181270502022
181270502023
180973210011
180973210021
181279900000
180973210022
180973612002
180973609004
180973613002
180973613003
180973614001
180973609005
180973609001
180973610001
180973611004
180973612001
180973812042
180973901011
180973902002
180632102021
180632103001
180632103002
180973601011
180973601012
180973601021
180973602013
180973602021
180973602022
180973603011
180973614005
180973614002
180973614003
180973908002
180973904021
180973904031
180973904032
180973221003
180973551002
180973903002
180632104002
180632104005
180973603012
180973603022
180973604052
180973605022
180973605023
180973605021
181650203003
180859611003
180731009024
180731008002
180731008003
180731012004
180731011002
180731010003
180731008001
180731010004
180530005001
180530005002
180530107002
180530107004
180530108002
181399744001
181479528003
181479528002
181479530002
181479527005
180973906002
180973305001
180973305002
180973305003
180973304012
180973305004
180973306002
180973306004
181479529002
180890423003
181479530001
181479527003
181479528001
181479531002
181479529001
181479531001
181479527001
181479527004
181479529003
180973417003
180973410001
180973411001
180973411002
180973411003
180973412003
180973412001
180973907003
180973907001
180973416001
180973417001
180973417002
180973417004
180890307001
180890102033
180890401002
180890203004
180890105001
180890102011
180890411002
180890106002
180890111002
180890103023
180319692001
180890116002
180973401012
180950102001
180816104041
181670003002
180816104013
180816104014
180890422002
180890124005
180530004001
180530008004
180530102002
180973101034
180530006001
180530102004
180530102006
180530103001
181670015001
181670106001
180530001002
180530001003
180530103002
180530104002
180530105003
180530105002
180530107001
180530006002
180530007001
180530007002
180530007003
180530007004
180530008001
180530002001
180530002002
180530004002
180530004003
181270501032
180973803001
181270501034
180973803003
180973803004
180973803005
180973804031
180973804032
180890306004
180890309002
180890307002
180890308001
180890308002
180890308003
180890309001
180890306002
180890302002
180890303001
180890304002
180890305001
180890305002
180890305004
180890306001
180973809022
180890306003
181670007001
181670007002
181670007003
181670111001
181670009001
180973805011
180973805012
180973805021
180973805022
180973805023
180973806002
180973807001
180973807002
180973807003
180973808001
180973808002
180973808003
180973809011
180973809013
180973809021
180890426073
180973809023
180973810021
180973810022
180973811022
181770108002
181770104002
181339564004
181790406003
181499536002
181499538003
181499539002
181519711003
181670014001
181670014003
181670014004
181670015002
181670011002
181319591004
180890428012
180890426021
180890426022
180890426071
181095102023
181095104023
181095102021
180594108004
180594108002
180594108003
181039528001
180890414003
180890417002
180890417003
180890417004
180890418001
180890418002
180939513003
180939513004
180939512003
180890416003
180890418004
180890418005
180890418006
180890418007
180050111001
180050115002
180050109003
180050105004
181730307042
181270505072
181270504071
181270510062
181270510061
180890417001
180890424023
180890416004
180939507005
180939504002
180939505002
180939511002
180939507004
180939508001
180939504003
180939512002
180939506001
180990204001
180890426061
181410120001
181730307053
181730307054
180890429013
181239524003
180390015022
181410118011
181410111003
180939508002
180939509001
181730307052
180939509002
180939509003
180910418001
180390017025
180939509004
180939510002
180939510003
180390018012
180890421002
180890126001
181730306004
180890101001
180890113001
180419542003
180419543001
181239525001
180890117001
180419543002
180419546002
180419540002
180419546003
180419541002
180419545002
180419540003
180419546001
180419541001
180419541003
180419540001
180419542001
180419541004
180939510004
180939511001
180939513001
180939513002
181410019002
181410017001
180939507002
180939506003
180939506002
180939504001
180939505004
180939505001
180939507001
180939512001
180939505003
180939510001
180939511003
180939512004
180939506005
180973517001
180973519001
180973519002
180973519003
180973521001
180390018024
181410034002
181410117024
181410104003
181410115051
181410113011
181730307033
181730307034
181410116023
180799605002
180719680004
180719680001
180510503004
180510505013
180510503005
180719679012
180719682003
180719678003
180719675002
180719677003
180719676003
180510505023
180510504011
180510504013
181410101001
181410113024
180816102022
180816103001
180816103002
181570102041
180890427021
180890426062
180179519002
180890426072
180890426093
180890428021
180816101003
180816102011
180816102012
180816102021
181670104003
181670003001
181670107012
181670110001
181670107022
181670104004
181670101003
181670014002
181670103004
181670110002
180670102006
180859627003
181457106013
181270511012
180890425043
180890201003
180890204004
180890403003
180890426081
180139746002
180859614003
180859619001
180719681002
180719681003
180719683004
180670106003
180670105004
180939506004
180939507003
181410112021
180670104002
180390008022
180390015021
181410027001
181410029001
181410113041
181410113031
181410113023
181410114061
181410113051
181410114033
180190506033
180190505042
180190504042
180190510002
180190508032
180190504043
180190504032
180190504031
181570110003
180670002001
180670002002
180670003001
180670003002
180670003003
180670004001
180670004002
180670004003
180670005001
180670005003
180670005004
181270511022
181410112011
181410008002
180390019022
181410113061
181439670003
180390017023
181410113052
181570017002
181570051011
180670014001
180030113043
180030008004
180030102021
180030103082
181410112022
181095103003
180190509022
180190508041
180190509023
181639801001
181630010003
180731009021
180816104031
180632102024
180632106041
180632106042
180632106062
180632105011
181630020001
181630002015
181630006002
181630015001
181630021002
181410010001
181399742003
181399742002
181399743002
181399741003
181399744002
181399742001
181399745001
181399745002
181399741001
181410107005
181410007002
181410109004
181410110004
180816102013
180816104011
180816106051
180816106033
180816106042
180632105012
180632102023
180632106032
180632101021
180632102012
180632108011
180632108012
181039529001
180071001002
180071002002
180071003001
181630038044
181630101005
181630039001
181630101004
181630039002
181630019001
180759632003
180759633001
180759633002
180759633003
181650204001
181650202002
181650202001
181650202003
181650201002
181650205004
181650201003
181399741002
181399742004
181399745004
181095108001
181095108002
181095108003
181095109002
181095109003
181095106004
181095110003
181650203001
181650204003
181650205001
181650205002
181650205003
181650205006
180159593002
181139726002
180839553004
181570108001
180816108013
180816114002
180816107021
180816101002
180816107022
180816107013
180179514002
180179515001
180179515002
180179515004
180179515005
180179516001
180179516002
180179516003
180179516004
180179516005
180179518001
180179518002
180879707001
180879704022
180879703004
180879706001
180879702003
180879701002
180879701001
180879705002
180179518003
180731013003
180731012001
181319592003
181359520001
181359519005
181359519003
181359521001
181359520003
181359514002
181359521003
181359516003
181359514001
181359520004
181359515001
180670013001
181359514003
180950118003
181630104034
181410021001
181410020002
181410016001
181410011004
180973545002
180670006001
180670102003
180670102005
180390018021
180210401001
180210401005
180210403001
180390005012
181410106004
181410118022
180670007002
180670007003
180670007004
180670008001
180670008002
180670008003
180670008004
180670009002
180670009003
180670010001
181439670004
181439671003
180530108004
180530101002
180530107003
180530103003
180530001001
180530009001
180530101004
180530101003
180670010002
180670011001
180670011002
180670009004
180670012001
180670012002
180670012003
180210402005
180950118002
180530009002
180670014002
180670014003
180670015001
180670101002
180670101003
180670102001
180670102002
180699616001
180699616002
181457106021
181457107004
181039527005
181079574001
181079567001
181079575003
181079575001
181079570005
181079573001
181079573002
181079568004
181079569002
181079574002
181079569004
180210403003
180210401003
180210401004
180210406001
180210406003
180210403002
180210401006
180210402003
180210405004
180210405002
180210404001
180210402004
180699619002
180210402002
180210402001
180699616003
180699618001
180699618002
180699619001
180973579003
180659759003
180210402006
180699619003
180670104003
180670105002
180670106001
180699617002
180699621001
180699617003
180699615004
180699615003
180699613003
180699617001
180699613001
180699614001
180699614003
180699614004
180699620001
180699618004
180699621004
180699620003
180699621003
180699615002
180699615001
180699613002
180699618003
181819585003
180659757004
180659758002
180659758003
180659759001
180973521002
180973554002
180632104001
180632110002
180950106006
180950106007
180950108001
180950108002
180030107053
180030107063
180030106041
180030108071
180030108161
180030108211
180030108093
180030010001
180030012001
180030111003
180030017002
181630025002
181630026001
181630026004
181630028001
181630028002
181630029001
181630030001
181630030002
180973901021
180973422003
180973301091
180973409024
180973804043
180973421012
180973703023
180973702012
180973201082
180973811021
180973812014
180973101062
180973101102
181270504073
181270503001
181630001002
181630002011
181630002012
181630001001
180890427042
180890409003
180890409004
180890415001
180890419003
180890420003
181630035002
181630035003
181630036001
181630037011
181630037022
181630037023
181630037024
181819581001
181819585002
181819582003
181819582001
181819581002
181819586001
181819584002
181819582002
181819583001
181819584003
181819587003
181819583002
181819585001
181819584001
181819583003
181819588001
180973401122
180973302093
180973308062
180973409023
180973419041
180973804041
180973409021
180973901022
180973302021
180973301082
180973302094
180973307003
180973804034
180973103102
180030104001
181399744003
181399745003
181239524004
181270505082
181270505081
181270510051
181270507041
181270507024
180571105061
180571109081
180571109052
180571108051
180571111024
180571108052
180330204003
180330206024
180330206011
181630037025
181630038012
181630038013
181630038014
181630038031
181630038032
181630038033
181630038034
181630038035
181630038041
180973904052
180973101112
180973210012
180973103062
180973202022
180973208003
181630102035
180030034005
180030110003
180030110002
180030040002
180030117013
180030108121
180030030002
180030115021
180030118022
180030112012
180030109003
180571108081
180279543004
180279545003
180279546002
180279547001
180330204005
180279547002
180279547003
180279547004
181359518001
181359518002
181359518003
181359519002
181270510072
181270507023
181270508004
180030116043
181270508003
181270510071
180571105062
180571105081
180571105082
180571104041
181590202001
181590202003
181590201001
181590203002
181590204002
181630038042
181630038043
181630038045
181630101001
180973501001
180632101023
180973213002
180973217003
180973224003
180973222002
180973226004
180973227001
180973304013
180973308053
181359517003
181559658001
181559659002
181559658003
181559657001
181559659001
181559658002
181559657003
181559657002
180279548001
180279548002
180279548003
180279548004
180279549001
180279549002
180279549003
180279549004
180530008002
180530002003
180530105001
180530002004
181691025003
181691029004
180030108191
180030108192
180030108171
181270505091
181270506044
181270505071
181270507022
181270506021
180571108123
180571109063
180571106003
180571109072
180571108094
180571108091
180571108071
180571108073
181630102011
181630102012
181630102021
181630102022
181630102031
181630102032
180030003003
180030004001
180030004002
180030004003
180030005001
180816104042
180816104015
180816114005
180816108021
180973419022
180973409011
180973406005
180973407003
180973412002
180973409012
180973564001
180973416002
180973424001
180030005002
180030006001
180030006002
180030007011
180030007012
180030007013
180030109002
180030001001
180030034002
180030007041
180030113042
180030113022
181270502031
181270502033
180030108122
180030108213
180030023004
180030119001
180030028003
180030008002
180030106012
180030110001
180030101002
181270510073
181270510052
180571110082
180571105052
180571104012
180030040001
180571109042
180030105002
180030118013
180030104002
180030109001
180030108113
180030109005
180030032003
181759677004
180571108112
180816107011
180816109002
180816109003
180816110001
180816110002
180030038003
180030001002
180030003001
181630102033
181630102036
181630104044
180816110003
180816110004
180816111001
180816111002
180973581003
180973702021
180973564002
180973506003
180973508002
180973509002
180973533002
180973535002
180030003002
180030113041
180030007042
180039800021
180030113023
180030013001
181270511013
181270510081
180030108151
180030108083
180030108081
180571108092
180571108072
180571109043
180571104032
180973526003
180973526004
180973526001
180973102031
180973103101
180973401102
180973401111
180973218004
181691028002
181759674003
181759675004
181759677001
181759672002
181759674004
181759674001
181759676002
181759677002
181759673002
181759673001
181759675001
181759673004
181759676001
181759677003
181759675003
181759674002
181759672001
181759673003
181759672003
181759676003
181759675002
181410013001
181410011002
181410012001
181410012003
181159658002
181410013002
181410014001
181410014002
181410014003
180973402022
180973103122
180973606024
180973804022
180973419031
181159657002
181159657003
181719511002
181159657001
181159658003
181159658001
181619607003
181719510002
181719511001
181719510003
181719510001
181719511003
181719511004
181719510004
181050014012
181050010023
181050012002
181050013012
181050013011
181050008002
181050015013
180390013002
181050014011
181050014021
181050012005
180390003021
180390008024
180390003011
180390004003
180390008025
180390008012
180390016013
180390017011
180973302061
180390016011
180390005023
180390019015
180973102032
180973103112
180973216002
180973301073
180973401112
180350005003
180350012001
180350004002
180350016002
180350009031
180499531005
180350022002
180350028003
180350009043
180816106031
180390018013
180390018022
180670006002
180670015002
180973524002
180973524003
180973525003
180973525001
180390016023
180390016021
181410124002
181410123004
181410031003
181410105001
181410006001
181410122001
181270508001
181270508002
180910414003
180910416004
181339566001
181339566004
181339564001
180559553004
180759631002
180759627001
180759627004
180759629002
180759629001
180239506002
180190503041
180190503043
180190503044
180190503062
180239508003
180239502001
180239503001
180390011002
180239506003
180239507001
180239507003
180239507002
180239508001
180239508002
181111004004
181111007002
181111005001
181111006001
180499532002
180499533002
180499534002
181111005003
180499534003
180239508004
180190504011
180190504013
180190504041
180290807004
180239505004
180239501002
180239501004
180239504001
180239501003
180239503003
180239502004
180239504003
180239502003
180239504004
180239502005
180239504002
180239501001
180239502002
180290807002
180632106061
180632105023
180632106081
180632102011
180239503004
180239503002
180632106071
180890425052
180890426052
180430709021
180499535001
180499535003
180499532004
180430709022
180430710034
180430711013
180430708012
180190505011
180190506042
180190506043
180190506044
180190506045
180290806002
180290802011
180290807003
180290803004
180290806001
180290806005
180290801011
180290807001
180290803001
180290806003
180290803002
180290802024
180799603011
180799603012
180510502007
181770011004
180050111006
180190505031
180190505032
180190505041
180190505012
181359519004
181770011002
181770009004
180190506032
180190506041
180190506053
180430707001
180632106063
180632105022
180118106033
180118106054
180430705003
180430707002
180430707003
180430708011
180430708021
181770004002
181770011003
180430708023
181270503002
181270504051
180430708024
180430709011
180430709013
180430709014
181270504021
180632106052
180632106053
180632106033
180632106034
180632106072
180632106054
180632108024
180632101041
180632105013
180632105021
180816105002
180816105003
180030107052
180030107062
180030108031
180030108032
180030108033
180030108041
180030108042
181670013001
181670017002
181670102022
181670107023
181670110004
181670102011
181670112004
181670112001
180632108023
180632101042
180030108212
180030108092
181650201001
180030108112
180510502002
180510502001
180510504012
180510503001
180510502006
180510501002
180510501003
180510502004
180510504021
180510501001
180390022005
180030108132
180030109004
180030111001
180030111002
180118103001
180118106032
180118105003
180050111004
180030023001
180030023002
180030023003
180030023005
180330205003
180190507031
180190507043
180190507041
180030025001
180030025003
180030025002
180030026001
180910429001
180910414001
180910419005
181457104002
181457105001
180390019011
180390021021
180390021022
180910404002
180910415003
180910415001
180910428001
180910413001
180910418003
180910420001
180910403001
180910424005
180910415002
180910422001
180910412002
181050009033
181050009031
181050009041
181050009042
181050009043
181050010011
181039524004
181039525001
181039525002
181039522003
181039522004
181039524001
181039524002
180030026002
180030026003
180030026004
180030028001
180030028002
180030029001
180010307001
180010306002
180010306004
180190507032
180190509042
180190509021
180390022001
180390022002
180390022006
180910405003
180910403003
180910404001
180910404003
180910405001
180910405002
181570013002
180910406001
180910411001
181570004003
180910413002
180910417003
180910419004
181039521003
181039522001
181039523001
181039522002
181039527003
180030029002
180030029003
180030030001
180030030003
180030030004
180030031001
180030031002
181050011033
181570012001
181570012002
181570012003
181570013001
181691027001
180030032001
181457105002
180010307003
180010307004
180010306003
181570013003
180910406002
180910406003
180910407001
180390023001
180390023003
180390024001
180390024002
180390024003
180910407002
180910408001
180910420002
180910421001
180030032002
180030032004
180030032005
180030033011
180030033041
180030033042
180890403005
180890403006
180890404011
180890404012
180890403004
181457107001
180030034003
180030034004
180030035001
180030035002
180030035003
180890404013
180890404014
180890404021
180890404022
180890404031
180890405012
181570109021
181570001001
181570001002
181570002001
181570002002
181570003001
181570003002
181570004001
181570004002
181691024004
181691026003
181691026001
181691027003
181691027004
181691027002
181691027005
180030044003
181457107002
181457108001
181457108002
181457108003
181050012003
181050013013
181050013033
180510505012
180510504022
180510504023
181630102014
181630006001
181730302002
181730306005
181730301004
181730305004
181730301001
181730308005
181730305002
181730303002
181730305001
181730307031
181730301003
181457108004
181457107003
181050009012
180890406001
180890406002
181410115011
180879703003
180879705001
180879706002
180879707002
180890102051
180890102031
180890102032
180890103041
180890103043
180890103042
180890209002
180890209003
181050010013
181050010022
181050011011
181050011012
181050011021
180890406003
180890406004
180890210001
180890210004
180890210003
180890211001
180890211002
181630105003
181630105006
181630106002
181630107002
180879707003
181730308002
181050005022
181050005023
180973201083
180973201051
180973201091
180973812011
180973904023
180973901013
180973812041
180973812051
180973810011
180973512002
180973904042
180973703021
180890434012
180890115003
180973806003
180973542002
180973804021
180973810013
180973904041
180973419032
180973536004
180973703022
180973550003
180973549002
180973554003
180973555002
180973612003
180973556001
180973559003
180890407001
180890407002
180890407003
180890407004
180890408011
180890408013
180910427004
181050013042
181050016001
181050016002
181050016003
181570008002
181570014001
180890103021
180890103022
180890104002
181819588003
181819587002
180030116083
180030116094
181039520001
180030116093
180030116051
180030044002
180816106044
181139722002
180890432012
180859621002
180890426091
181819587001
181819588002
181239522001
181239526001
181239522002
181239523002
180890304001
180890434013
180890408022
181239525002
181239524001
181239522003
181239525003
181239523003
181239523001
181239524002
180890217004
180890124004
181630107003
181630107004
181239525004
180390009002
180390009004
180973401142
180973703012
180973904043
181290402002
181290404003
181290401005
181290403002
181290404001
181290405002
181290404004
181290402001
181111007001
180071001003
180071001004
180071003002
180071003003
181039521004
181039521001
181039520005
181039524003
181290401001
180699619004
180699621002
180699617004
180699620002
181239526002
181239522004
181290401006
181290401004
181290405003
181290402003
181290403001
181290405001
181290404002
181095107011
180879704011
181095102024
181095107021
181095107012
181095102022
181095107013
181095104013
181095107024
181095107023
181095104012
181095106001
180950115012
181095106002
181095104022
180950115011
180950013003
181570109013
180950104002
180950115023
181079573003
181079572001
181079570003
180659756004
180430710051
180430706002
180430711032
180973408001
180973410002
180973504003
180973525002
181670010003
181670111003
181670011001
180731009022
180731009011
180731013001
180099751002
180419542002
180099754001
180099752003
180973801001
180816106061
180632101032
180632101031
180632107002
180632101022
180816102023
180816106052
180816108011
180816108014
181670004001
181570102011
181570011002
181570052002
181570109022
181570110002
181570101004
181570109011
181570101006
180950109002
180950110002
180950111002
180950111003
180950111004
180950109001
180950112001
180950112002
181079568001
180839553003
180839552002
181570101002
181570019001
181570106004
181570008001
181570106001
181570018003
181570106005
181570102013
181570102012
181570102033
181570104001
181570101003
181570014002
181050005013
180799606003
180430710031
180430711011
181630104032
181630102013
181139722003
181139722004
181139724003
180719676004
180719680002
180719675003
180950112003
180950113002
180950114001
180950115013
181139724004
181139725001
181079567002
180719677002
180719682004
180719680003
180719681001
180719675001
180719682001
180719683001
181670112002
181630101003
181630101002
180719683002
180719677001
180719675004
181139725002
180950115022
180950116001
180950117001
180950117002
180950101003
180950009001
180950012003
180950110001
180950111001
180118104004
180118101003
180118102001
180118107001
180118101002
180118106012
180118107005
180799604001
180799602001
180799606001
180910418004
180799602002
180159593001
180159597001
180159597002
180159594002
180159594001
180159593003
180159597003
180118104001
180910427001
180910427002
180910429002
180910417002
180910427003
180910416002
180910421005
180910417001
180910408002
181095110004
180799604004
180799606004
180910419002
180910418002
180910419001
180910425002
180910416001
180159595001
180159595002
180159595003
180159596001
180159596003
180159598001
180159598002
180779666001
180632103003
181270502024
180118101001
180118107004
180118102003
180118107002
180118107003
180118106051
180118106011
180118103003
180159598003
180159599001
180118104003
181095106005
181095109001
181095110002
180950009002
180950118001
180950104001
180950115021
180950016002
180950109003
180950102002
180950119001
181095104021
181095105003
181519711001
181210302002
181210303002
181210303003
181095105002
181095101003
181095110005
181095110001
181095105001
181095107022
181095106003
180950017001
181095101002
181095101001
180950014001
180950014002
180950014003
180950014004
180950015002
180950016001
180950016003
180910409001
180030116042
181670010002
181670012002
181670017001
180950017002
180950018001
180950018002
180950018003
180950019001
180950019002
180950019003
180950020001
180950020002
181630021003
181630021001
181630023001
181630023002
181630024001
181630024002
181630024003
181630024004
180910426004
180910416003
180910411002
180910430002
180910429003
181619608003
181630025001
180950101001
180950102003
180950102004
180950102005
180950102006
180950103001
180950103003
180950103004
180973101082
180973403003
180973419033
180973904051
180973103053
180973604013
180973604043
180973616001
180973606023
180973103092
180973102033
180973216003
180099753001
180950104003
180950105002
180950105003
180950106001
180950106002
180950106003
180879703002
181619607001
181619607002
181619608002
180990202011
181619607004
180950106004
180950106005
181279800011
181279800021
181270504072
181270504022
180030037002
180030102023
180030108162
180030034001
180910426001
180910412001
180910428002
180919900000
180910401001
180973904022
180973401103
181730305003
181730302003
181730303001
181730302001
180973102043
180973103123
180973301093
180990202012
180990201013
180990208001
180990201022
180990203023
180990203021
180990204002
180990208002
181630104043
180990208004
180990201011
180990201021
180990201014
180990201023
180990202013
181270507032
181270503004
181270505092
181270505061
181270504024
180571109071
180571106001
180571108093
180571108101
180571108053
180571104042
180430708022
181630107001
180571105121
181819586002
180050113003
181819586003
181819586004
181819586005
181819586006
181630105001
180973517002
180973523002
180973526002
180973527002
180973544001
180973528001
180632111003
180632102022
180816113001
180030108114
180030108111
180030112042
180030112053
180030116082
180030116081
180030108091
180030112041
180030112052
180030112043
180030115012
180030115014
180030116062
180571109051
180571109061
180571108061
180571104011
180571109073
180571108103
181570055001
180430710033
180430712002
180430710032
180430706001
180430703011
180430710041
180430704001
180430711012
180816113002
180816113003
180816113004
180816112001
180816114004
180190501001
180190503052
180190505043
180190505033
180559554003
180379533002
180190506051
180571104031
180571109031
180190504012
180190503061
180390007006
180190502002
180816105001
180816106032
180190506052
180050104002
180050112002
180050101004
180050101002
180050110003
180050103001
180050113002
180050112001
180050114004
180050109002
180050109001
180050115004
180050104001
180050113004
180050110002
180050108004
180050112003
180050112004
180050113001
180050114003
180050114001
180050101001
180050101003
180050107003
180050113005
180050110001
181319590002
180050111003
180050102001
180050102004
180050102002
180050102003
180050103002
180050104003
180050105001
180050105002
180030038001
180030038002
180050106001
181079571004
181359519001
180430710053
180430711043
180430711031
180430710071
181519716002
180632107003
180632106051
180799603022
180632106043
181290407003
181259540001
181259542003
181259539001
181259540002
181259539002
181259541003
181259542001
181259539003
181259542004
181259541002
181259541001
181050015021
181319590003
180890420004
180890421001
180890421003
180890421004
180890427041
180890427022
180890427023
180890428011
181179513001
181179515003
181179517002
181179517003
181179517004
181179514002
181050014024
181050013051
181050007003
181050014023
181050003012
181050007002
181050015011
180210401002
180530106001
180530106002
180530008003
180890428014
180890428013
180890428022
180890429011
180890430021
181179515004
181179516002
181290401002
181290401003
181290406001
180890430023
180890431011
180890431023
180890430022
181730306003
181730307051
181730307041
181730307021
181530503005
181530503006
181730307022
181730307024
180279545001
180279543005
180279544001
180890425012
180890425013
180890425051
180890425042
181530503007
181730307032
180279544003
180279545004
180279543002
180279546003
180279543003
180279543001
180279545005
180279545002
180279546001
180279546004
180279544002
180890425031
180210402007
180210405001
180210405003
180210406002
181210304002
181730308001
181730308003
181730308004
180571102021
180571111025
180210404003
181530504002
181519713001
181519716004
181519709002
181730301002
181730304001
181730307023
181519714002
181519714003
181111007003
181730302004
181730304002
181730304003
181530501003
181530503001
181530501005
181530505001
181530502001
181530501002
181530501001
181530502003
181530504001
181050004013
181050004021
181730306001
181730306002
181730306006
181730306007
181530501004
181530502002
181530503002
181530503003
181530503004
181630107005
181630104041
181630012001
181630105005
181630030005
181630036004
181410010003
181410011001
181319592002
181259542002
181410010002
181630013001
181630009001
181630037012
180571105051
181630002014
181630104033
181630026003
180571105071
181630105002
180571109083
180571105112
180571108121
180571108102
181670010001
181630106001
181630008002
181630013003
181630001003
181630036002
181670011003
181670011004
181670012001
180973510002
180973527001
180973908001
180973103051
180973101031
180559547011
180559547022
180973605013
180973521003
180973523001
180910430001
180290802021
180290802023
180290803003
180290803005
180290804002
180290804003
180290805001
180290805002
181259540003
180290805003
180290805004
180290801012
180290802022
180290804001
180290806004
180190501002
180190502001
180190503031
180190503032
180390029002
180499532003
180499534001
180499530002
180499532001
180499533001
180499531001
180499531004
180499530001
180499533003
180499531002
180499531006
180499535002
180499531003
180499530003
180030039011
180030039012
180030039021
180030112011
180030112021
180030112022
180510502003
180510503003
180510504024
180510505024
180030112051
180030116092
180030044004
180030116061
180030116071
180030103081
180030103051
181210301003
181210303004
181210301004
181210303001
181210304003
181210301001
181210304006
181210302003
181210302004
181210304001
181210302001
180190506031
181210304005
181210301002
180430711041
180430704004
180430710042
180430711042
180430710035
180430710072
180030113021
180030113031
180510505022
180510505011
180510505021
180510502005
180510503002
180190507012
180190510004
180190509032
180190503063
180030103071
180030107051
180030108131
180030113032
180030115011
180030115013
181179517001
180190508031
180190509043
180190508012
180190508042
180190508013
180190510003
180190509031
180190510001
180190508011
180190507042
180190506061
180190507033
180659763001
180190509041
181359517001
180030116032
181359517002
181359516004
181039527002
181039527004
181039528002
181039528003
180659756002
180659757003
180659768003
180659760002
180659759002
180659756003
180659757002
180659755002
180659765003
180659768002
180659755003
180659756001
180659767004
180659757001
180659758001
181410020001
181359515003
181359515004
181359516001
181359516002
180430710052
180430710063
180430710073
180430710062
180571110032
180571110033
180571110041
180571110042
180571110071
180571110081
180910414002
180571110062
180571111022
180571111023
180430710061
181770006001
181770010003
181770103002
181770102002
181770002002
181770102003
180430705002
181270506022
181359520002
181359521002
181359521004
181359515002
180659755001
180659768001
181590204003
181590204006
181590204007
181590202004
181590203001
181590202002
181590203003
181590201002
181590204001
180571110011
180571110012
180571110013
181439667003
181439668002
181590204004
180571110061
180973401123
180973402023
180973308061
180973207001
180099752002
180099751003
180179514001
180071001001
180071002001
180071002003
180071002004
180030036001
180030036002
180030036003
180390019021
180030036004
180030036005
180890405021
180118106053
180030037001
180571107003
180290804004
181770009001
181770004001
180290801033
180890402003
180890402002
180390003024
180390003023
180390003025
180390004001
180390005021
180390021012
180571107002
180390007001
180390007002
180390007003
180390010001
180390011003
180390005011
180030008003
180030009001
180030009003
180030009004
180030011001
181399743001
180259521001
180259520002
180259519003
180259521003
180259520001
180259521002
180259519001
180259519002
180390012001
180390012003
180390013005
180030011002
181039527001
181039520004
181039525003
181039526001
181039521002
181039520003
181039523002
181039526002
180890309003
180890310001
180890401001
180290801032
180390013001
180050107002
180050108001
180050108002
180050108003
180050111002
180050112005
180050114002
180779663001
180010301001
180010301004
180010302001
180010302003
180330207003
180779663002
180779664001
180050105003
180779664004
180779665002
180779665003
180779666002
180610601004
180610606003
180779661002
180779661001
180779664003
180779660002
180779661004
180779665001
180779665004
180779660001
180779662004
180779661003
180779662003
180779662002
180779662001
180779660003
180779663003
180779664002
180030008001
180010302004
180010303001
180010303003
180010303004
180050106002
180050111005
180050115001
180050103003
180030008005
180010303005
180010303006
180030013002
181410034003
181410123002
181410116024
180390017022
180390017021
180390017024
180910423002
180910424001
180910424002
181050012001
180910423001
181410113012
180030016001
180030016002
180030017001
181410121004
181410031005
181410012002
181630009004
181570015012
181570015021
181570015022
181570015023
180030044001
180030020001
180030020002
181570016001
181570016002
181570016003
181570017001
181570017003
181050003011
181050003014
181050003021
181050003022
181050003023
181050005011
181050005021
180010304001
180010305001
180010306001
181050008004
180910424003
180910424004
180910425001
180910425003
180910426002
181570111003
181570111001
181570010001
180050106003
180050106004
180050107001
180030020003
180030020004
180030021001
180030021002
180030021003
180030022001
180390018011
181570011001
181050009032
180030022003
180890403001
180890403002
180910426003
181570018001
181570018002
181590201003
180973214004
180973101101
180973201061
180973209021
180973202032
180973203013
180973203031
180973301052
180973202042
180973403005
180973308031
180973421011
180973401132
180973401022
180973604011
180973603021
180973604012
180973562001
180973573001
180973571004
180973614004
180973578002
180973601022
180973602012
180973608002
180973609003
181139725004
180190507011
181139721001
181139720002
181139723002
180890104003
180890104004
180890106001
180890128001
180030116041
180030113024
180030116072
180030116073
180030033043
181399743003
181139722001
180190502003
181630002013
181630002021
181630002022
181630002023
181630003001
181630003002
181691028001
180973101081
180973101043
180973101052
180973101061
180973308033
180973308041
180973209031
181691023003
181691029003
181691025002
181691023004
181691025001
181691028003
181691026002
181691023001
181691026004
180350026023
180350027002
180973503003
180973301033
180973301081
180973301063
180973302023
180973302042
180973801002
180973812013
181691022001
181691024003
181691029001
181691024001
180973308032
180973302043
180973605012
180973604041
180973604042
180973302022
180973301074
180973802003
180973401121
180973905002
180973906001
180973907002
180973909001
180973910001
180816106062
181050002022
181050004011
181691022002
181691022005
181691022004
181691022003
181691023002
181691024002
180890410021
180890115001
180890124002
180890217003
180890207002
180890128002
180890109001
180890109002
180890110001
180890110002
180890110003
180890111003
180890111001
180890111004
180030106042
180030107061
180030108194
180030108193
180030117021
181630017001
180350027005
180350027006
180350027004
180890126002
180890418003
180890305003
180890405022
180890208004
180890116001
180890422003
180890218003
180890112001
180890112002
180890112003
180890112004
180890112005
181630003004
181630004001
181630004002
181630004003
181630005001
181630005002
181630008001
181630008003
181630009002
181630009003
180350022001
181630009005
181630009006
180973401091
180973101041
180973401141
180973101111
180973101042
180973302033
180973302081
180973811023
180973209022
180973301053
180973209033
180973203032
180973203012
180973302032
180973910002
180973910003
181050006021
181050011013
181050010021
180350016003
180350015002
180350020005
180350013002
180350023012
180350025003
180350010003
180350027003
180350007001
180890113002
180890114001
180890114002
180890115002
180890116003
180030103062
180030103043
180030102011
180030108133
180030102014
180030116031
180030116063
180350024011
180350024023
180350023021
180350008003
180350006001
180350026012
180350026015
180350022003
180350025004
180350029001
180350027001
181630013002
180350028001
180350009021
180350012003
180350028002
180350003001
181670102023
181670102021
180890206002
180890118001
180890118002
180890119001
180890119002
180890120001
180890120002
181630010001
181630010002
181630010004
181630011001
181630011002
181630011004
181630012002
180350006003
180973103091
180973103111
180973405002
180973308051
180973401011
180973401021
180973302092
180973307001
180973703011
180973301062
180973702014
180973605011
180973616002
180973302031
180973308042
180973302082
180973401013
180973302062
180973401101
180973402021
181050010024
181050011014
181050009034
181050013043
180350003002
180350004001
180350005001
180350005002
180350006002
180350007002
180350007003
180350008001
180890124001
180350008002
180350008004
180210406004
180890122001
180890122002
180890123001
180890123002
180030102013
180030102012
180030103064
180030108152
180030116033
180030116091
180030041031
180030103054
180030041032
181670111005
181670111006
181670111004
181670105003
181670015004
180350009042
180350009041
180350009022
180350010001
180350010002
180350010004
180350011001
180350011002
180350011003
181630014001
181630014002
181630015002
181630017002
181630018001
180890207005
180890210002
180890434053
180890424024
180890201002
180890308004
180890431021
180890123004
180890434052
180890123003
180890125002
180890124006
180890124003
180890125001
180890127003
180973401131
180973402011
180973202043
180973203011
180973201062
180973201092
180973201052
180973201081
180973103121
180973103113
180973405003
181050006011
181050006012
181050006022
180350012002
180350013001
180350013003
180350014001
180350014002
180350014003
180350015001
180350015003
180350015004
180890216001
180890103044
180890422005
180890417005
180890434041
180890104001
180890420002
180890304003
180890310002
180890408012
180890127001
180890125003
180890125004
180890126003
180030103052
180890127002
180890127004
180350029003
180030103053
180030103063
180030103061
180030103073
180030103072
180039800011
180030103044
180030108072
180030108082
180350017001
180350017002
180350029004
180350016001
180990205003
180350020001
180350020002
180350020003
180350020004
180890428023
180899900000
180890101002
180890101003
180890201001
180890201004
180890202002
180890203001
180890203002
180350021002
180350022004
180350022005
180890101004
180890102012
180890102013
180890102014
180890203005
180890203003
180890204001
180890204002
180890204003
180350022006
180350023011
180350023022
180350023023
180350024012
180890414002
180330206023
180890205001
180890205002
180890205003
180890205004
180890206001
180890207001
180990203014
180990205001
180990205002
180350024024
180990206001
180990206002
180990206003
180350024014
180350024015
180350024021
180350024022
181519715001
180350025001
180350025002
180890207003
180890207004
180890208002
180890208001
180890209001
180350025005
180350026011
180350026013
180350026014
180350026021
180990202022
180990202023
180990203011
180350026022
180990203012
180990203013
180890416001
180890416002
180990207012
180990207023
180990207021
180990208003
181095102011
181095102012
180799604003
180799605001
181095102013
181095104011
180799606002
180799602003
180799604002
180890408021
180890408023
180890408024
180890409002
180890409001
180890405013
180890303002
180890128003
180890121001
180890210005
180890410012
180890410022
180890410023
180890411003
180890411001
180890402001
181410010004
180990206004
180990201012
180890412001
180890412002
180890412003
180890413021
180890413022
180890414001
180990207011
180530104001
180530108001
180530102003
180530108003
180530005003
180530102001
180530102005
181519710002
181519708001
181519714001
181519715002
181519711002
181519716003
181519710001
181519709001
181519709003
181519708003
181519712001
181519712003
181519715003
181519715004
181519710003
181519713002
181519708002
180330208003
180530101001
180530104003
181079568002
180330206021
180330201004
180330201002
180330208002
180330201003
180330205004
180330207001
180390019012
180973423001
180973423002
180973909003
180973909002
180973533003
180973533001
180973535001
180973536003
180973536002
181630026002
180973542003
180390004002
180390020004
180390006001
180390013004
180390007005
180390022003
180390009003
180390009001
180390001002
180390013003
181650204002
180973102011
180973420001
180973420002
180973422002
180390001001
180390014002
180390020001
180390010002
180390014003
180390006002
180390006003
180390024004
180390019013
180973422001
180030116052
180030117011
180030117012
180030117022
181650201004
181650205005
181570054002
180030118011
180030118012
180030118014
180030118021
181630104035
181630011003
181630105004
181630030004
181630038011
181039523003
180030039022
180030040003
180030040004
180030041011
180030119002
181039520002
180030101001
180030101003
180030102022
181039526004
180030103041
180030103042
180719679013
180030105001
180719679011
180719679022
180030106011
180030106021
180030106022
180030106031
180030107071
180030107072
180350024013
180973301031
180973301032
180973301051
180973301061
180973301072
180973225001
180973225002
180973224001
180973226002
180973224002
180973302041
180973302091
180879704021
180879704012
180973226003
180973226001
180973227002
180430712001
180890220003
180890220004
181457106012
181457106011
180890211004
180890211003
180890213001
180890213002
180890213003
180890219004
180890219002
180890220001
180890220002
180890214002
180890214001
180571108082
180890215001
180890215002
180973217004
180973217001
180973217002
180973218002
180973218003
180973219002
180973219003
180973219004
180973220002
180973220003
180973221002
180973222001
180973223001
180973223002
180973216001
180890214004
180890215003
180890216002
180890216003
180890217001
180890217002
180890217005
180890218001
180890218002
181079569001
181199558003
181199558004
180890301001
180890302001
180890219003
180973505001
180973505003
180973506001
180973506004
180973506002
181079569003
181079571003
181079572002
181079572003
181079572004
181079573004
180973426002
180973426003
180973426004
180839550001
180839550002
181079575002
181079567003
181079571002
181050004022
180759631005
180839553002
181139719002
181139719003
181139721003
181139721002
181139718004
181139718003
181139718002
181139718001
181139723003
181139726001
181139724002
181139717001
181139720001
181139726003
181139725003
181139717002
181139717003
181139719001
181139723001
181139724001
181139717004
181079570002
181079570004
181079571001
181079570001
180973426005
180973504001
181199556003
181199556002
181199557004
181199559001
181199557001
181199555002
181199559003
181199555001
181199558002
180973507001
180973507002
180973509001
180973510001
180973905001
180973515002
180973515003
180973516001
180973516002
180430711014
181039526003
181079568003
180330202003
180330202001
180330206013
180330208001
180330202004
180330203003
180330203001
180330205001
180330203004
180330201001
180330207002
180330202002
180839554001
181139720003
180330206022
180571105092
181570052001
181570052004
181570053001
181570053002
181570054001
181519713004
180571111011
180330203002
180330204004
180910403002
181519713003
180670011003
181570054003
181439671004
180839558001
180839559002
180330204002
180330205002
180330205005
181050004012
181050014022
181410110002
181410003021
181439669002
181439668001
181439667001
181439671002
181439669003
181439667002
181439670001
181439671001
181439669001
180459579001
180419545004
181457101002
181457101004
181457102002
180571111012
180571109082
180571105122
181457106022
180571108111
180571108042
180571109041
180571108041
180571105111
180571110072
180571105091
180459576001
180459576003
180459576002
180459579004
180459579003
180459580003
180459580002
180459580001
180459578001
180459578004
180459580004
180459578002
180459577001
180459579002
180379536002
181270505062
181270506031
181270502032
181630104031
180379535004
181630102034
181630003003
181630104042
180379534001
180379533001
180379532004
180379535001
180379537003
180379536004
180379536003
180379537002
180379532001
180379536001
180379535005
180379533003
180379533004
180379532003
180379532002
180379534004
180379535002
180379535003
180859625002
181457103001
181457103002
181457103004
180859610001
180859611002
180859617002
180859622004
180859615001
180859614002
180859625001
180859624001
180859622003
180859616001
180859612004
180859610002
180859626003
180859621003
180859614001
180859615002
180859610003
180859612003
180859617001
180859612002
180859627001
180859623001
180859609003
180859609001
180859613001
180859624002
180479699003
180571101003
180459577002
180459578003
180459579005
180571101004
180571102022
180571110031
180571103002
180571101002
180571106002
180571107001
180571111021
180571101001
180379534002
180379534003
180379537001
180379538001
180379538002
180571108113
181050013014
181050012006
181050005012
181050015022
180859609002
180859611001
180859611004
180859612001
180859613002
180859613003
181457102003
180379538003
180379538004
180379538005
180419543003
180419544001
180419544002
180419544003
180859615003
180859616002
180859617003
180859618001
180859618002
180859618003
180859618004
180890432022
180890432021
180890430012
180890426092
180430704003
180430704002
180430709012
181670106002
180939508003
180430705001
181457109002
181670104001
181670103002
181670106004
181670110003
181670106003
181670101005
181670006002
180973101033
180973101051
180973610002
180973525004
180839555005
180839556003
181670107015
181670009002
181670013002
181670107021
181670101002
181670112003
180419544004
180419544005
180419544006
180419545001
180973406003
180973503001
180973508001
180973425001
180973542001
180973553001
180973559002
180859619002
180859619003
180479698001
180479601002
180479601001
180479699002
180479698002
180479699001
180859620001
180859620002
180859620003
180859621001
180479697002
180479697003
180479601003
180479698003
180479696004
180479696003
180479697001
181499538001
180479696001
180479696002
181499541001
181499538002
181499540002
181499541002
181499542001
181499537003
181499541003
181499537002
181499537004
181499539001
181499542004
180973524001
181499540001
181499542003
181499537001
180839557001
180839554002
180839554003
180419545003
180839555001
180839555002
180839555003
180839555004
180859622001
180859622002
180859623002
180839556004
180839557002
180839557003
180973569003
181499540003
181499540004
181499542002
181410114043
181410115052
180973604051
180973608001
180973611002
180973809012
180973221001
180973547001
180973211003
180973510003
180973804042
180973308052
180973903001
180973505002
180973811012
180973812031
180973101032
180973209032
180973501002
180973512001
180973309003
180973570003
180973902001
180973220001
180973572003
180973803002
180973406004
180973103081
180973227003
180973506005
180973559001
180973504002
180973602011
180973611001
180973503002
180839550003
180839550004
180839550005
180973423003
180973810023
180973570002
180973903003
180973310003
180973204002
180973408002
180973212004
180973306003
180973611003
180973802002
180559548002
180973209011
180859623003
180859626001
180859626002
180859627002
181050011022
181050011031
180973581001
180973402012
180973219001
180973812032
180973526005
180973204001
181050008001
181050008003
181570004004
181570101005
180973515001
180973550001
180973804033
181570007001
181570007002
181570007003
181570007004
180910408003
181050010012
180910421004
180910422002
180910421002
180910421003
180559553005
180559549003
180559547021
180559548003
180559551003
180559548004
180559549004
181570102042
180559553001
180559553002
180559548001
180973407001
180973301071
180973548002
180973425005
180973536001
180973218001
180559549002
180559549001
180559553003
180559547014
180559547012
180559547013
180973801003
180973212001
180973606014
180973310001
180973306001
180759632002
180839557004
180759629003
180759628002
180759627002
180759628001
180759628003
180759627003
181179513003
180839557005
181570015011
180973551001
180973404002
180973613001
180973547002
181179515001
181179513002
181179514001
181179518003
181179515002
181179516001
181179518002
181179518001
181179514003
181830506002
181830503004
181830503001
181830504001
181830501002
181830503005
181830502002
181830505004
181830507001
181830507002
181830503002
181830502004
181830503003
181830505003
181830502005
181830501001
181830506001
181410116021
181410116011
181410116013
181770107003
181410116022
181410108003
181410109001
181410109002
181410109003
181410110003
181410111001
180559550002
180559550003
180559551001
180559551002
180559554001
180030009002
180030115022
181410111004
181410111002
181410111005
181410113014
180559551004
180559552001
180559552002
180559552003
181410113015
181410113013
181410113021
181410113022
181410113032
181410113033
181410114031
180030022002
181410113034
181410113035
181410113036
181410113062
181410113063
181410117011
181410117012
181410117022
181410118023
180890430011
180890429021
180890426051
181410119001
181410119003
181410120002
181410121002
181410121003
181410122002
181410122003
181410123001
181410123003
181410124001
181410120004
180910419003
181410014004
181410015004
181410015003
181410015001
181410015002
181410016002
181410017002
181410019001
181410021002
181410022002
181410022004
181410022003
181410022001
181410023001
181410023002
181410024001
181410024002
181410024003
181410025001
181410025002
181410026001
181410026002
181410026003
181410028001
181410030001
181410030002
181410031004
181410031002
181410031001
181410032001
180950013002
180950015001
180950015003
181410032002
181410032004
181410032005
181410033002
181410033003
181410033004
181410034001
181410034004
181410035001
181410035002
181410101002
181410101003
181410101004
181410102001
181410102002
181410102003
181410102004
181410102005
181410103005
181410103004
181410103002
181410103001
181410104001
181410104002
181410105002
181410105003
181410115012
181410115062
181410115031
181410115032
181410106002
181410106003
181410106001
181410107002
181410107004
181410107001
181410108002
180950005003
180950012001
180950114003
180990202021
180430703023
180879703001
181670004002
181670005002
181670006003
181670111007
181670111002
181670015003
181630037021
181630036003
180973574001
180973574002
180973574003
180973574004
180973575001
180973575002
180973575003
180973575004
180973576001
180973576002
180973576003
181770101002
181770107001
181770010002
181770107002
181770106006
181770103001
181770105001
181770009003
180139747002
180973576004
180390016022
180659760001
180659760003
180659760004
180659761001
180659763002
180659764001
180659761002
181619608001
181719510005
181691028004
180759630002
180559554002
180390020002
180390021023
180390019014
180390007004
180390018023
180390008021
180390021011
180390014001
180390015011
180139747003
180139746001
180139749003
180139749002
180139749001
180139748003
180139747001
180139748001
180139748002
180139748004
181379688003
181670018001
181670104002
180239505001
180239505002
180239505003
180239505005
180239506001
181379689001
180839559003
180839559001
180839552003
180839551003
180839552001
180839558003
180839552004
180839558004
180839556001
180839552005
180839551002
180839558002
180839559004
180179517002
180179519001
180179509003
180179511003
180179510003
180179510001
180179519003
180179517001
180179509002
180179517003
180179509004
180179513004
180179511002
180179518004
180179509001
180816114003
180179515003
180816114001
180816107023
180816112003
180816112002
180816108022
180816108012
180816101004
180816109001
180816101001
180670104001
180816104043
180839551001
180839556002
180839551004
180839553001
180179510002
180179511001
180179512001
180179512002
180179512003
180179513001
180179513002
180179513003
181095103001
181095103002
181499536001
180319692003
180973310004
180973310002
180973310005
180319692004
180319693001
180319693002
181570102043
180973564003
180973401082
180973403001
181339566003
181339561001
180973403002
180973401081
180973403004
181339562004
181339565003
181339565002
181339561002
181339562001
181339563002
181339564002
181339560001
181339560003
181339563005
180973562002
180973404001
180973404003
180973405001
180973406001
180973406002
180973407002
180973409022
181670004003
181670004004
181670005001
181670006001
180816104012
181410114042
181570051023
181570017004
180390015023
180390029003
181410114062
181410114051
181410114052
181410114063
181410114053
181410116012
181570111002
181570011003
181570052003
180670105003
180670002003
180670009001
180670013002
180670103001
180670103003
180670007001
180670106002
180670005002
180670101005
180670103002
180670105001
180670101004
180670102004
180670101001
180118106031
180910401003
180910401002
181410119002
181410121001
181410001002
181410003013
181410114041
180950003002
180950003003
180950005001
180950105004
180950107001
180950113001
180950005002
180950101002
180950010001
180950004001
180950103002
180950114002
181830501004
180759632001
181079574003
181519712002
181210303005
181210304004
181519714004
180950003001
180950019004
181530505002
181530505003
180950107002
180950004002
180950119002
181519716001
180118102002
180118103002
180118106041
180118105001
180118106013
180319694003
180950008001
180950008002
180159596002
180950010002
180950011001
180950011002
180950011003
180950012002
180950013001
180319691002
180319692002
180319690001
180319694001
180319695001
180319690003
180319690004
180319691001
180319695002
181630031002
180319694004
180319691003
180319690002
181630030003
181630031001
181630032003
181570106002
181570107001
181570019002
181570019003
180559554004
180559550001
181630031003
181630032001
181630032002
180610601002
181630033001
180973301092
180973102041
180973804023
180973806001
180973810014
180973810012
180973812012
180973812043
180973812052
180973901012
181270507021
181270507031
181270501011
180030108172
180030043002
180030043001
180030043003
180030041033
180571105072
180571102024
180571109062
180571108122
180890208003
180890425041
180890219001
180890214003
180890218004
181630033002
181630033003
181630033004
181630034001
181630034002
181630034003
181630035001
180816107012
181570051022
180099754002
180099752001
180099753002
180099753003
180099754003
180699614002
181439668003
181691029002
181270505031
180099751001
181270506043
180816102024
180816102014
181270506042
181270506041
181270505032
180816104032
181590204005
181439670002
181270505033
180259520003
180290801042
180290801041
180290801031
180330206012
181111004002
181111006002
181111004003
181111005002
181270502025
181270504023
181270505011
181270505012
181270505013
180990207022
180990203022
180816106063
180816106034
180816107014
181439668004
180610604001
180390029005
180390026001
180159599002
180350029002
180350021001
180594102004
180594102002
181457104001
181270505051
180459577003
180390026002
180390026003
181270509001
180390026004
180390026005
180390027001
180390027002
181050002012
181050001001
181410117021
181410103003
181410002001
181410120003
181050003024
181050012004
181050013031
181050013032
181050014025
181050011032
181410001001
181410107003
181410028002
181410032003
181410115061
181410108004
181410108001
181410118021
181410001003
180010307005
180010305004
180010307002
180010302002
180010304003
180010303002
180010304002
180010305002
180010305003
180010301003
180010301002
180632104004
180632108022
180632106031
180632104003
180632111001
181410002002
181410002003
181410002004
181410003012
181410003011
181410004001
180390027003
180390029001
180610606004
180610603001
180610601001
180610602004
180610602002
180610603003
180610603002
180610602001
180610604003
180610604004
180610605002
180610606002
180610604002
180610606005
180610601003
180610602003
180610605001
180610606001
180610605003
181319592001
180118104002
180632101024
180632110001
180632111002
181319591003
181410005001
181319589001
181319589002
181319589003
180118104005
181319590001
181319591001
181319591002
181410004002
181410004003
181410005002
181410006002
180799603021
181410006003
181410007001
181410008001
180390005022
180118104006
180118105004
180118105005
180118105002
180118106052
181410009001
180390002001
180390002002
180390002003
180390002004
180390003022
181570051021
181570051012
180190506034
180190506062
181410009002
181410117023
180390015012
180390008023
180390012004
181410115041
181410114032
180118106042
180190506063
180190503051
180190503042
181410117025
180390024005
180390016012
180390008011
