190610101042
191550212002
191550212003
191550308001
191550212004
191550217013
191550216032
191550212001
191550319002
190674802002
190674804003
190674801002
190674803002
190674802001
190674801001
190730802002
191550217021
191550301001
191550301002
191550301003
191550301004
191550301005
190730805001
190730801002
190730803002
190730801001
190730801003
191530006002
190730805002
190730802001
190170040001
190170046003
190170042003
190170047001
190170041002
190170044003
190170043002
190170043001
190170041001
190170042001
190170042002
190170044001
190170044002
190170045001
190170045002
190170045003
190170046001
190170046002
190170047002
190930901001
190930903003
190930902002
190930903001
191530115002
191530007031
191530005003
191530019004
191530102051
191530045013
191530048002
191530101021
191530107021
191530111113
191530112051
191530001011
191530018001
191530001012
191530001021
190450008003
190450012005
191530107023
191530004005
191530104093
191530050003
191530009012
191530008023
191530039012
191530046031
191530027004
191530111112
191530047015
191530019003
191530007042
191530043003
191530101013
191530029002
191530106004
191530004001
191530008033
191530011002
191530110013
191530008012
191530112012
191530046025
191530009023
191530002012
191530007022
191530004004
191530001022
191530002011
191530002023
191530002024
191530002022
191530002021
191530001031
191530003003
191530001032
191530003001
191530003002
191530004002
191530004003
191530005005
191530005001
191530005002
191530005004
191530007011
191530006001
191530006004
191530006003
190610102023
191530102033
190610008011
190610008013
190610007023
190852904001
190852905002
191130003001
191130003003
191130017002
190852902002
190852903003
190852903001
190852903002
190852904002
190852904003
190852901002
190852901001
190852905001
190852901003
190852902001
190852902003
190610103002
190610106001
190610104002
190610101052
190610101033
190610106003
190610101051
191530001023
190610104003
191114902004
191030103012
191896801004
191896801002
191896801001
191530043004
191530046032
191530047014
191530015001
191530021002
191930021012
191030105001
191610802004
191610803003
191610803002
191610803004
191610804004
191454903001
191454906002
190719701002
190730803001
191454902003
191130002012
191130102002
191919504003
191919505004
190119604001
190610007024
191930018001
191930018002
191930018003
191930018004
191930018005
191930019001
191930019003
191930019004
191930020002
191930020003
191930020004
191930020005
191930020006
191930021011
191930021013
191930002004
191930021021
191930021022
191930021023
191930021025
191930001004
191930002001
191930002002
191050705003
191930002006
191930003001
191930003004
191930003005
191930003006
191930004001
191930004005
191930005001
191930003002
191050704004
191050705002
191050704003
191050701003
191610803001
191610802001
191610801002
191610802003
191610801004
191610802002
191610804003
191610804001
191610804002
191610801003
191315601004
191099503001
191315601002
191315601001
191315603001
191315601003
191315602004
191315602003
191315602001
191315602002
191315603002
191315603003
191114903002
190879705002
190879703002
191030017001
191114909002
191114905002
191114901001
191114906002
191114902003
191114905001
191114904001
191114911003
191030103022
191030103013
191030103014
191030016004
191030004001
191030104005
190119603001
191030016003
191030021001
191050701002
191670702002
191210603001
191630126013
190039502001
191130002031
191130002033
191130002014
190119603003
190119603004
190119603005
191130002051
191130003002
191130004001
191130004003
191130004004
191130004005
191130005001
191930021024
190119606001
190119602002
190119606002
190119601001
190119604002
190119602001
190119601002
190119606003
190650801003
191130002061
190719702003
190719703003
190719702001
190719702002
191130002013
190650806002
190650807002
190650802002
190650806001
190650801001
190650807003
190650807001
190650802003
190650806003
190650805004
190630704004
190630702001
190630703002
190650801002
190650802004
190650803002
190650804001
190650804002
190650805003
190899603002
191930036004
191930036003
191930020007
190879705003
190879701002
190879701001
190879702002
190879704004
190879701003
190899601004
190899603001
190899602003
191530041001
190899601003
191290401002
190450003005
190450004004
190450005001
190450005002
190450005003
190450003004
190450008005
190450002003
190450003002
190450003003
191530010002
191530011001
191530011003
191530012001
191530012002
191530012003
191530017001
191530017002
191530019001
191530019002
191530040041
191550305012
191530021004
191530019005
191530021001
191530021003
191530021005
191530021006
191530027002
191530029004
191530027001
191530028001
191530028002
191530028003
191530028004
191530029001
191530029003
191530030011
191530039021
191550311002
191530030012
191530030021
191530030022
191530030023
191530031001
191530032001
191530032002
191530039011
191530043005
191530041002
191530042001
191530042002
191530043001
191530043002
191530043006
191530043007
191550304014
191550217023
191550303002
191550216022
191550214002
191550214001
191550216031
191550318003
191530045012
191530044001
191530044002
191530044003
191530044004
191530045011
191530045021
191530046021
191530046023
191530046022
191530046024
191530047021
191530049002
191239501001
191530007043
191530007044
191530008011
191530047013
191530047012
191530047011
191530051001
191530050001
191530050002
191530050004
191530051002
191530051003
191930015003
191530051004
190119602003
190119603002
191930014003
191930014004
191930014005
191930015001
190450009002
191930036002
191930032003
191930035001
191939402001
191930010001
190879703001
190879703003
190879704001
190879704002
190879704003
190879702001
190879702003
190879705001
190450006002
190450006003
190450006001
190450007001
190450007003
190450005004
190470705002
190470704004
190470704006
190470704007
191610801001
190450008004
190450011002
190450007002
190450011001
190450012003
190450004003
190450010002
190450012002
190450003001
190450011003
190450008002
190450008001
190450012004
190450004001
190450010003
190450010001
190450004002
190450012001
190450009006
191530008032
191530008016
191530008014
191530008021
191530008022
191530008031
190219604002
191530009014
191530052001
191530052002
191530053001
191530053002
191530053003
191530101011
191530101012
191530101022
191530102031
191530102071
191530102052
191530102053
191530104083
191530104082
191550302002
191550305021
191550319001
190610001001
190610105002
190610011025
190610101031
190610103003
190610102022
190610105004
190610011026
190610104001
190219602002
190219605003
190799602002
191530104041
191530104042
190610104004
190219603002
190219601001
191530104043
191530104051
191530104052
191530104053
191530104054
191530105002
190610003002
190610106002
190610001002
191530105003
191530106005
191530106002
190799604002
191976804001
191896802003
191896802004
191896801005
191896803005
190799605002
190799602003
190799602004
190799603002
190799602001
190799604003
190799605001
190799605003
190693603001
190799604001
190799601001
190799603003
190693601004
190693602003
190693601001
190693601003
190693603003
190693603002
190693601002
190979506003
190693602004
190693602001
190693602002
191659604001
191712905003
191712906001
191712902002
191114902001
191114907003
191114907002
191114907004
191114908001
191070804003
190199505002
190199505004
190979504003
190979502001
190979503003
190979501001
190979501002
190979504001
190979504004
190979501004
190979503001
190979502003
190979501003
191517801002
190450009003
190450009004
190450009005
191070801001
191070802004
191530007041
190990402002
190199503002
190199503003
190199504002
190199504001
190199505001
190450010004
191114909001
190279604002
191479604001
190919702003
190919703002
190150205004
190150207001
190150207002
190079503001
191517803001
191517801003
191517802001
191030102003
191030001001
191030002002
191030103011
191030102002
191030102001
191030101002
191030103021
191030105003
191030014003
191030003023
191530111144
191530102122
191530102083
191530112062
191530110263
191530111141
191530117011
191530107033
191030011001
191530106003
190610101032
190610009002
190119605003
190119607001
190119607002
190119607003
190610009003
190610011011
190610011012
190610011013
190990406001
190990406002
190490509022
190490509012
190490508053
190490505001
190490509023
190259504003
190259502001
191479602002
191279507002
191279502002
191379604003
190490507002
190490509021
191379604002
190630701001
190630702002
190559504005
190559503002
190559504004
190559501002
190559503006
190559502002
190559501004
190559501003
190559504001
190559502001
190559504003
190559502003
190559501001
190559504002
191030105004
191030104002
191030101001
191030003012
191030023001
191030011002
191030104003
191030101003
191030003025
191030015002
191030013002
191030104001
191030105002
191030017003
191030017002
191030101004
191030014002
191030005001
191434602003
190150204001
190150204002
191434602001
191434601004
191434602002
191434601001
191434601002
191550306012
191434601003
191434602004
190559503001
190559503003
190559503004
190150205001
190559503005
191099504001
191550302001
191550302003
191550302004
191550303001
191550303004
191550304011
191550304012
191550304013
191550304022
191099502002
191099506002
191099501004
191099502003
191099506001
191099503003
191099505002
191099501001
191099501003
191550304023
191550305011
191550306011
191550306013
191550306021
191550307002
191550306022
191550306023
191550307001
191550307003
191550307004
190490507001
190490502001
190490505002
190490506001
190490507003
190490501001
191810203001
191099504002
191099501002
191099503002
191099502001
191550308002
191550312003
191550313001
191550314001
191550314002
191550318002
190490501002
190490501003
190490502003
190490506003
190490506002
190490503002
190490504002
191550316021
191550317001
191550317002
191550317004
191550318001
191550217012
190490502002
190490503001
190490503003
190490503004
190490504001
190490504003
190799604004
190610004002
190610105003
191599502002
191599502003
191599502001
190630701002
190630703003
190630703001
190630704002
190630704003
190630704001
191114901004
191114901002
191712902003
191414903004
191414901001
191414904001
191414902001
191414903003
191350703001
191350701002
191350702002
191350701003
191350702001
191350702003
191350703002
191350701001
191517802003
191517802002
191599502004
191599501001
191810211001
191810205001
191810212002
191810212003
191810206002
191810211004
191810207003
191530106001
191810205002
191810211002
191810204001
191810204002
191130002072
191130002034
191130002073
191130011022
191530117012
191530045022
191530046033
191530105004
191530112052
191390507001
191390507004
191530104072
191530104074
191530112031
191530108042
191530110271
191530107051
191530102091
191530102093
191530110273
191530008013
191530110252
191530111142
191530040042
191530111143
191530104092
191530113006
191530102073
191530110282
191530112015
191530105001
191530114041
191530107022
191530111131
191530111124
191870104003
191530102121
191530107061
191239507003
190490508032
190490508051
191530102072
191530117021
191530102112
191530110262
191130011013
191130001001
191130002062
191130009023
191130009021
191130008002
191130001004
191530104081
191530104062
190490508093
190490508111
190490509011
190490508121
190490501004
190490508033
191930013002
191630125013
191630104015
191250305002
190990402003
190990408002
190990402004
190990401001
190799604005
190799601002
190799603001
190130027004
190130028001
190130028002
190130029023
190350804003
190350803002
190350801002
190350802001
190350802002
190350801001
190570009001
190570009002
190130030022
190130030023
191870101001
191870002001
191870001003
191870103001
191870001002
191870104001
191870005002
191870003002
191870104004
191870007001
191870001001
191870004002
191870001005
191870001004
190570009003
191870001007
191870002002
191870002003
191870003001
191870004001
191870004003
191956901002
191870001006
190610008012
191870005001
191870006001
191870006003
191870006004
191870006002
191870007002
191870009002
190430703004
191870101002
191870101003
191870103003
190990406003
190990407001
190990407002
190990407004
191731802002
191731801003
191731803003
191731801002
191731802003
191731802001
191731803002
191731803001
191670706003
191670706004
191670706001
191670707004
190570009004
190570010002
191870103004
191870104002
191870103002
191670707003
191670707002
190570010003
191050703003
191050706001
191050706003
191050706002
191454905003
191454904003
191454901003
191454902001
191454906001
191454901002
191454901001
191454902002
191454906003
191454903002
191454904002
191479603004
191479604002
191290401004
191630104011
191630104012
191630125011
191630125021
191630104022
191630104013
191630128022
190079504003
190079505002
191279508005
191279508006
191279509001
191279509002
191279509003
190230705003
191956903003
191956901001
191956903002
191956903001
191956902003
191956901003
190990401003
191956903004
191956902001
190990405004
190990402001
190990401002
190990408001
190990409002
191799604004
191279510002
191799605002
191799607003
191799605003
191799605001
191799606001
190350802003
190350804001
191799606003
191799607004
191799608002
191799608003
191799608004
191799608001
191799609003
191799609001
191799603003
191799603002
191799604001
191799604002
191799604003
191799610001
191799610002
191799610003
191799601004
191799611002
191799607002
190350801005
191279507004
190230702001
190230702002
190230701002
190230702003
190919703003
190919704002
191799601003
191799606002
191799601002
191799602002
191799602001
191799609002
191799601001
190899602001
191799602003
191799603001
191799611001
191799611003
191799607001
190899602002
190899601001
190899601002
190899603003
190610011023
190470704003
190230703002
190230703003
191279505003
191279505004
191279506001
191279506002
190230704002
190230704003
190230705002
191279506004
191279506005
191279507003
191279506003
191279507001
191279508003
191896803002
191530110264
191530107032
191530112033
191530104061
191530107052
191530108041
191530107031
191530108031
191530108032
191530110283
190610011021
190610011022
191130108003
190610011024
190610012011
190990408003
190990408004
191130005003
190990403001
190990404001
190990405001
190990405002
190990405003
190990405005
190990405006
190990405007
190979503004
190979504002
190610105001
190979505001
191550316012
191550316013
190979506001
191670704001
191550304021
191550215023
191550215012
191550215011
191550217022
191550216021
191550215021
191550316022
191550309002
191550308003
191550310001
191550310002
191550310003
191550311001
191550311003
191550312001
191550312002
191550314003
191550319003
191550316011
191530113005
191530110272
191530039022
190979506002
190979503002
190979505004
191530102123
191530104073
191530115001
191530102111
191530112032
191530102092
191530008015
191530110261
191530104091
191530113001
191530102082
191530102081
190674801003
190930903002
191530040012
191530104071
190570011003
190570007002
190570011001
190674804001
191114906003
191690101001
191690101003
191690102003
191690103001
191690103002
191690106002
191690106003
191130009011
191130009012
191130009013
191130009014
191130009022
191130010011
191130010012
191130010022
191130010023
191130015001
191130015002
191130016001
191130016003
191130016004
191130016005
191130010031
191130014002
191130014003
191930033002
191930004002
191130017001
190959601003
190959604002
191114902002
191114908002
190510801003
190510801004
190510802001
190510802003
190510802002
190510801002
190510801001
191130101002
191130101003
191130102001
191130102003
191130103001
191930031005
191930001002
191930011004
191130106002
191130108001
191130108002
191930032001
191930031004
191930002005
191930006001
190279603001
190279603002
190279603003
190279603004
191930014002
191930031002
191930032004
191930018006
191930031003
191930002003
191930035002
191930003003
191930019002
191930033003
191930001003
191930007002
190279603005
190539603001
190539601003
190539602001
190539601002
190539603002
190539601001
191930011001
191930005004
191930035004
191930035003
191930015002
191930005002
191930001001
191930004004
191930032002
191930011003
191930031001
191930004003
191070801003
191930020001
191630110001
191070803003
191070802003
191070804001
191070801002
191070804002
191070803001
191070802002
191070802001
191070803002
190259501002
190719703001
190719703002
190719701001
190410802005
190410802002
190410802001
190410802006
190450002002
191810211003
191810212001
190410804002
190450001001
190450001002
190450001003
190410801001
190410801003
190410803005
190410801002
190410802004
190410802003
191810206001
191810207001
191810207002
191810208001
191810208002
191810209001
191810209002
191810210002
191670703002
191210601004
190119605001
191751903002
190019602002
190039501001
190039502002
190610102011
190610101053
190610103001
190610102021
190150207003
191290403011
190990403002
190990409003
190990407003
191517803002
191030001003
191030003021
190219606002
191690001004
190470704001
190470704005
190470702001
190470703002
190470703001
190470703003
190470701001
190470701002
190470702002
190470705001
190470702003
190470704002
191030004003
191030005004
191030104004
191030006001
191030016002
191030003026
191839603001
191839603002
191839603003
191839604001
191839604002
191839604004
191030018012
191030018021
191030004002
191030005003
191030005002
191030006002
191030018011
191030016001
190259502002
190259501001
190259504002
190259503001
191839601003
191839602005
191839602003
191839601004
191839602004
191839605002
191839604003
191839601001
191839605003
191839602001
191839601002
191839605001
191839602002
191779501001
191030103023
191030018022
191030023002
191779501004
191779501002
191779501005
191779502002
191779501003
190779501002
191779502004
191779502001
191779502003
190279601002
190570012001
190779501001
190779502001
190779503005
190779503004
191690003002
190779503002
190779503001
190779501003
190779502002
190779503003
190650805002
190650805001
190650803001
190650807004
191630137023
191630137024
191690006004
191690007001
191690007002
191690009002
191690009003
191690009004
191690010001
191690010002
191690002001
191690002003
191670703005
191690003003
191690004001
191690004002
191690004003
191690006001
191690006002
191690006003
191670704003
191670705002
191670701001
191670701004
191670705001
191670702003
191670703001
190130029022
190314503001
190314503002
190314503003
190314505005
190314501003
190314504003
190314504001
190314505006
190314505002
190314502004
190314502001
190314505001
190119605002
190219605004
190219603001
190219605002
190219606001
190219602001
191690102002
191690101004
191690101002
191690106001
191690011001
191690002002
191690102001
191670707001
190314503004
190314504002
190314505004
190059603002
190059604001
190059602002
190059601001
190059601002
190059604002
190059602001
190059601003
190059605001
190314505003
190279604001
190279604003
191030012001
191030012002
191030013001
191030014001
191030015001
190059605002
190059605003
190059602003
190059603003
190059603001
190130029021
190130011001
190130022002
190130014002
190130002002
190059603004
190130023012
190130023013
190130023041
190130024001
190130024002
190130024003
191919502004
191030002001
191030002003
191030003011
191030003013
191030003022
190130024005
190130025002
190130026032
191030003024
190130026034
190130026041
190130024004
190130014003
190130017012
190130002001
190130011002
190130022005
190130017022
190130026031
190130001001
191390501004
190130001002
190130003001
190130003002
190130026042
190130026043
190130026044
190130027001
190130027002
190130027003
190019603001
190019603002
190019601003
190019603003
190019603004
190019602001
190019601002
190399602001
191390504001
191390503001
191390501002
191390503004
191390505001
191390501003
191390508002
191390503003
191390502002
191390502001
191390502005
191379601003
190410803002
190399601003
190399601002
190399602002
190399601001
190399603002
190399603001
190399601004
190674802003
190674803003
190674804002
190674805004
190674805002
190570002001
190570002002
190834802001
190834804002
190834801001
190834803002
190834805001
190834801003
190834801002
190834803001
190834805004
190834804003
190834805002
190834802003
190674805001
190674805005
190834803004
190834803003
190834805003
190834806001
190834806003
190834802002
190834804001
190834806002
190410803004
190410803001
190410804003
190410804004
190410804001
190410803003
190594511003
190594505003
190594505004
190594508001
190594508003
191030001002
191530102032
191530111115
191530117022
191530040011
191530111114
191530112061
191530008034
191530027003
191530046034
191530110012
191530114042
191630129011
191379603002
191379603001
191379603003
191379602003
191379601002
191379601001
191379604001
191379602002
190430704003
191379602001
191315603004
191712901004
190430702003
190430702002
190430703002
190430706001
190430706003
190430701002
190430701001
191810203002
190430702004
190430703003
190430703001
190150203003
191130023003
191130025002
191130107002
191130001002
191130002011
191517801001
190430705001
190430706002
191130002032
190959603002
190959604001
190959604004
190350804002
190959602003
190959602004
190959603001
190150205002
191199501001
191199503005
191199502003
191199503006
191199502001
191199501003
191199502002
191199502004
191199501002
191199503001
191199503002
191199503004
191199503003
191896801003
191896803004
191010901002
191896803001
191896802001
191896802002
191896803003
191690007003
191690003001
191690105001
191050703001
191050703002
191050703004
191010902001
191290403021
191290403022
191290403023
190610012052
190610005004
190610009001
190610012013
190610012042
190594511002
190594511004
190594502002
190594510002
190594510001
190594511001
190594505002
190594505001
190594508002
190594502001
190259503002
190259502003
190130030011
190130023032
190130023031
190130025003
190130015021
190130015012
190130023043
190130025001
190610008014
190130026033
190130026035
190130009001
190130030012
190130007001
191414901002
191414902002
191414902005
191414904002
191414901004
191810202001
191810202003
191130101001
191130012003
191130023004
191130105002
191130027002
191130004002
191130017006
191130007002
191130108004
191130014001
191976801002
191239506002
191239506003
191130010021
190539602003
191630137062
190199501002
190199506003
190199501003
190199502001
190130015022
190130015032
191919503002
191919503004
191919501002
190199505003
191630126012
191630137061
191919504001
191919502001
191919502003
191919503001
191919505003
191976805003
191976805001
191919501004
191919505002
191919504002
191919501001
191919505001
191919504004
191919501003
191919502002
191919503003
190430704001
190430705002
190979505002
190979505003
190979502002
190930902001
190930901002
190610003001
190610004001
190610004003
190610005001
190610005002
190610005003
190610006001
190610006002
190314501002
191976803002
191976805002
191976803001
191976802001
191976802002
191976801003
191976801001
191976803003
191630101011
191976805004
190610006003
190610007011
190610007012
190610007013
190610007021
190610007022
191239507001
190610012041
190610001003
190610102012
190610101041
190570002003
190570003001
190570003003
191712904003
190610012051
190570010004
190570012003
190450002001
190570011004
190570004005
190570012002
190570003004
190570003005
190570004001
190339501024
190339516001
190339514002
190150201002
190230701001
190370703001
191850703001
191850702001
191690005001
191630101012
191630106001
191630127021
191630117002
191630126021
191630129022
191630137031
191630102011
191630135002
191630121003
191630107001
191630102021
191630102024
191630103001
191630115003
191630103002
191630101014
191630101021
191630119001
191630102012
191630101013
191630101022
191630101023
191630101024
191630101025
190339514001
190150203002
190150206001
190259501003
191630102013
191630102022
191630102023
190259504001
191850703002
191850701002
191850701003
191850701001
191930033004
191930005003
191930007003
190230705001
190230703001
190230704001
190570005003
190339501022
190339501025
190339501023
190339501026
190339503001
191810202002
191810210001
191810203003
191810201001
191870009001
191870009003
191870102001
190570008001
190570010001
190339514003
191690001006
191690001002
190339516002
190339516004
190339516003
190339504024
190339503002
190339503005
190339503004
190339504021
191517803003
190759602002
190759601001
190759601002
190759604002
190759601003
190079504002
191930033001
191930036001
191930036005
191690008002
191690008001
191690001005
191690013013
191690005002
191690009001
190759602001
190759602003
190759603001
190759603002
190759603003
190759604001
190759601004
190990404004
190990404003
191114901003
191114904003
191114903001
191114905003
191114904002
191114910002
191114907001
190339503003
190339501021
190339507002
190339502002
190339510002
190339508003
190339502005
190339508002
190339502001
190339506003
190339509002
190339507003
190339502003
190339506001
191239501002
190339506002
190339502004
191239502002
191239507002
191239504002
191239501003
191239503003
191239504001
191239503001
191239502001
191239504003
191239502003
191239505002
191239503002
191250303002
191250304013
191250304022
191239505001
191239505003
191239506001
190539602002
190339504023
190339508004
190339508001
191250306003
191250307002
191250301003
191250306001
191250301001
191250306002
191250303003
191250301002
191250304021
191250304012
190291901003
191250302003
191250302002
191250307003
190610101012
190339510003
190339507001
191250301005
191250302001
191250302004
191250302005
190570005004
191550303003
191550305022
190570006001
190570006002
190570006003
190570006004
190570006005
190570007001
190570005006
190570005005
190279606003
190291904003
190291904004
190291904002
190291905003
190610008021
190610008022
190610008023
190291905001
191670703003
191670703004
191670704002
191670705003
191670706002
191550319004
191550309001
190339504022
190339510001
190339509001
191670701003
191670701002
191930033005
191670702001
191250302006
191250303001
190291903002
190291904001
190291901002
190291902001
190291902003
190291903001
190291901001
190291902002
190291905002
191573702002
190150207004
190150201001
190150202001
190150202002
191250304023
190150202003
191250305001
191250301004
191250304011
191250307001
191573702001
191573703003
191573701002
191573704001
191573701003
191573705002
191573701001
191499703003
191499706002
191499703002
191499701002
191499705002
191499706004
191499704003
191499706003
191499704001
191499706001
191499703004
191499701001
191499704002
191499703001
191130022001
191499701003
191499701004
191499702001
191499702002
191499702003
191573703002
191573703004
191499702004
191499705001
191499705003
191130006001
191573703001
191573704003
191573704004
191573704002
191573705003
191573702003
191573705001
191130017004
191130017005
191130018001
191130018002
191130018003
191130019001
191130017003
191130019002
191130019003
191130024002
191130022002
191130023002
191130024001
191130024003
190812704002
190812704003
190812703001
190812701004
190812702002
190812701003
190812702003
191130027001
191130025003
191130026001
191130026002
191130025001
191130028001
191130028002
191130028003
191130029001
191130029002
191130029003
191050704002
191130029004
190450009001
190812701001
190812701002
190812702001
191130030011
191130030012
191130030013
191130030021
191130030022
191130030023
190919701002
190919702001
190919704001
190919703001
190919701003
190919702002
190919701001
190812703003
190279604005
190279605002
190279605003
190279606001
191454904001
191454905002
191454905001
191454901004
190130004001
190130004002
190130005001
191130103002
191130103003
191130104002
191130105001
190130005002
190812703002
190812704001
190130008002
190130008003
190130010002
190130010003
190130010004
190130012001
190130013011
190130013012
190130013021
191130006002
191130007001
191130008001
191130008003
191130008004
191130010032
191130010033
191130010034
191130011021
191130011011
191130011012
191130012002
191130013001
191130013002
191130013003
190430704002
190674803001
191050705001
191050704001
190130012002
190130013022
190130014001
190130014004
190130014005
190130015011
190674805003
190570004004
190570011002
191050701001
191712904001
190130015031
190130016001
190130016002
190130017011
190130017021
190130028003
190130026011
190130020004
190130029011
190130022004
190130019002
190130010001
190130030021
191751904001
190130008001
190130015033
190130023042
190130026045
191630108001
190130018001
190130019001
190130019003
190130020001
190130020002
190130020003
190130022001
190130022003
190130023011
191630106002
191630107002
191630108002
191630108003
191630112001
191630109001
191630109002
191630110002
191630111001
191630111002
191630113001
191630114001
191630113002
191630113003
191630113004
191630114002
191630114003
191630115001
191630118001
191630115002
191630116001
191630116002
191630116003
191630117001
191630117003
191630117004
191630120001
191630118002
191630119002
191630119003
191712903003
191630120002
191630121001
191630121002
190019601001
191630122001
191630122002
191630123001
191630123002
191630124001
190370702003
190370703003
190370704003
190370704004
191279505002
191712904002
191712905002
191712906003
191712901003
191712902001
191712906002
191712906004
191712905001
191712901001
191712901002
191712903001
191712903002
191279510003
190570008002
190370704002
191630126011
191630126022
191630127011
191630127012
191630127022
191630128011
191630128012
191390508001
191390508003
191390509001
191390509002
191390509003
191390510001
191390510002
191479603001
191479603003
191050706004
191630128021
191630129021
191630129023
191630130002
191390505002
191390505003
191630131001
191390501001
191390502003
191390502004
191390503002
191630131002
191630132001
191630133001
191630133002
191630133003
191630134001
190570003002
191630134002
191630135001
191630136001
191630136002
191630137021
191630137022
191630137032
191630137053
191390506001
191390506002
191390506003
191390507002
191390507003
191751902004
191751904002
191751904004
191751901002
191751904005
191751903001
190430701003
190430702001
191751902001
191751901003
191751902002
191751902003
191751901001
191751904003
191751902005
191390504002
191630112002
191390504003
191731801001
191279503002
191279503004
191279504001
191279505001
190370701003
191279503001
191279509004
191279510001
191279504004
191279508004
191279501004
191279501003
191279502001
191279503003
191279501001
191279508002
191279501002
191279504002
191279508001
191130001003
191279504003
191279502003
190490508112
190490508072
190490508073
190490508091
190490508052
190490508071
190370701002
190370701001
190370703002
190370702002
190370701004
190370702001
190370704001
191630129013
190170040002
190490508092
190490508113
190490508031
191339603001
191339603002
191479602001
191479601002
191479601001
191339603003
191414904003
191130002071
191130104001
191130107003
191130005002
191130016002
191130012001
191130023001
191130106001
191154503004
191414901003
191339603004
191414902004
191414902003
191414903002
191414903001
191099504003
191099505001
191099505003
191479603002
191179503002
191179504002
191179502001
191179502002
191154502002
191179501001
191154503002
191179501002
191179504003
191179502003
191179503001
191154501001
191154502001
191154502004
191154503005
191154503001
191154503003
191154501003
191154501002
191210601002
191154502003
191210601003
191210602004
191210603002
191210602002
191210601001
191210602001
191210603004
191339601001
191210602003
191210603003
191339604001
191339601003
191339602002
191339604002
191339601002
191339602001
191659603002
191339604003
191179504001
191530007012
191530007013
191530007021
191530007023
191530007032
191530007033
190990404002
190990401004
190990409001
191630128023
191630130001
191956902002
190279604004
190959604003
190959603003
190959601001
190959601002
190959602002
190959602001
191599501002
190090703003
190090703001
190090702003
190090701002
190090701001
190090703002
190090701003
190090702001
190090702002
190039501002
191690103003
191690104001
191690104002
191690104003
191690105002
191690106004
191690007004
190570004003
190570005001
190570005002
190570004002
191659601001
191659604002
191659601003
191659603001
191659603004
191659602002
191659603003
191659601004
191659602003
191659604003
191659601002
191114911002
191659602004
191659602001
191114909003
191114910003
191114910001
191114911001
191114906001
191930008004
191930006002
191930006003
191930006004
191930007001
191930008001
191930008002
191930008003
191930012001
191930009001
191930009002
191930010002
191930011002
191930011005
191530112013
191930012002
191930012003
191930013001
191930014001
190150205003
191530111111
191530111122
191530111123
191530111121
191530112011
191454903003
191530112014
191530010004
191530009013
191530009011
191530009021
191530009022
191530010001
191550305023
191530113002
191550313002
191550217011
191550317003
191550214003
191550215022
190199506002
191530113003
191530113004
191130107001
190150203001
190199506001
190199502002
190199503001
190199501001
190199506004
191010902002
190199502003
190350801003
190610012012
190610012021
190610012022
190610012053
191010903002
191010902003
191010901003
191010901001
191010903001
191630125012
190610101011
190350801004
190350801006
190350803001
191690010003
191690011002
191690011003
191690011004
191690012001
191690013011
191690013012
191690013021
191630137063
191630137051
191630137052
191630130003
191630129012
191630125022
190079505001
191630104021
190079502001
190079501003
190079505003
190079501001
190079504001
190079503003
190079503002
190079501002
190079502002
191530011004
191530018002
191530015002
191530010003
191530026001
191530049001
191530116001
191530048001
191530030024
191530052003
190279601004
191690013022
190650802001
191630104014
190279605001
190279602001
190279602003
190279601003
190279601001
190279602002
190279606002
190314502002
190314501001
191479601003
190510801005
190314502003
191550305013
190219601002
190219604003
190219605001
190219604001
191290401001
191290402021
191290403012
191290401003
191290402011
191290402012
191290402022
191690001001
191690001003
191530107062
191010904002
191010904003
191530108021
191530108022
191530108023
191530110011
191530110211
191930021026
191530110212
191010903003
191010903004
191010904001
191530110251
191530110281
