202090441011
202090443011
202090435001
202090417002
202090446011
202090442011
202090444002
202090452002
202090404002
202090410001
201339516001
202090448042
202090436005
202090421001
202090426002
202090450003
201339518002
201339516002
201339518001
201339517004
201339517002
201339518004
201339519002
201339520002
201339516003
201339516005
201730092002
201339518003
201339519001
201339517003
201599673002
201599671001
201599673001
201730080001
201730091006
201730023001
201730064001
201730032001
201730076003
200354935003
200354938004
201610002003
201030705004
201610003041
201610003042
201610005002
201610005003
200790304003
201610005004
201610006002
200354940003
200354939001
200354935001
200354933001
201610006003
201610006004
201610007003
201211004003
200559602003
201259508003
201259508004
201259508005
201259509001
201259510002
201259510003
201211001003
201659721001
201659722001
201659721002
201659722002
202039576001
200379570001
200379571001
200379573002
200379574002
200379574003
200379575001
200379575002
200379576001
200379576003
202090445003
202090446012
200379576004
200379576005
200379568002
201959558002
201959558001
201959558004
201959558003
201959558005
201690003005
201770036073
201770036071
201679739002
200410846002
200410846003
201770016041
201770016032
201770024002
201770036072
201770036063
202090424003
202090425011
200559604012
200559604011
200559604031
200559606002
200559606003
200599544005
200599545005
200599543004
200019530002
200019526001
200019527002
200019528001
200019527001
200019529003
200019528002
200019529002
200659521002
200659522002
200659521001
200659522001
200559603002
200559602002
200559601003
200559606004
200559606001
200559602001
200559601002
200559601001
201259511001
201259512001
201259512002
201259513001
201259513002
201259507002
201259510001
201679739001
201211001002
201211004001
201211005001
202039576003
202039576002
201211002001
201211003002
201211003003
201211004004
201211006011
201211006012
201211006014
201211006015
201211007001
201030710001
201030709002
201030711021
201030704001
201030711012
201030709001
201030714001
201030714003
201030702002
201030702003
201030711022
201030702001
201030705002
201030701002
201730098014
200510727021
200739657002
201211002003
201730070002
201730071022
201730071021
201730071023
201730071011
201730072011
201730072012
201730054004
201730054001
201730055011
201730073012
201730073013
201730073021
201730074001
201730075001
201730076001
201730076002
201730057004
201730077003
201730078001
200510727012
201730055013
201730055014
201730055021
201730055022
201730055023
201730056001
201730056002
201730056003
201039819002
202090441021
201030711014
201030712033
201030703002
200510730003
202090440041
202090441041
202090441022
202090441031
202090441032
202090441042
202090442012
200999501002
200379574001
202090442013
201030712021
201030718004
202090439051
202090439052
202090439032
201730072031
201730072041
201039819001
202050972001
202050974001
202050971001
202050974002
201379517003
201379517001
201379517002
201379517005
201379517004
200510728005
201211004002
201314801002
201314802002
201314802003
200610002003
200599541002
200599542002
200599543002
200599544001
200599544002
200379571002
200999502002
200999505003
201339516004
201339519003
201679738006
201679738003
201679738005
201679738002
201679738004
201730060002
201730060005
201730061002
201730061001
201730061003
201730062003
201730062004
201730062001
201730063001
201730063002
201730064002
200510727011
201730065001
201730065002
201730065003
201730065004
201050861002
202090423003
201730066001
201730066002
201730067001
201730067002
201730068001
201730068002
201730068003
201730068004
201730070001
201939531005
202090440011
202090440012
202090440013
202090440031
200379569001
200379569002
200379567003
200379567001
200379576002
200379567004
200379575003
200379573001
200379568001
200379566004
200379566001
200379566002
200379567002
200610007001
200379566003
200379568003
202070966001
201279636004
201679739003
201679738001
201490002004
201490002002
201490001001
201490001004
201490004001
201490001002
201490003001
201490004004
201490004002
201430857004
201430857003
201430857001
201430857002
201430856002
201430856001
200610001002
200610008002
201974832002
200610005001
200610004003
200610008001
201259511002
200579621013
201974831004
201974831002
201730018002
201730019001
201974831001
201974831005
201974832001
201974831003
200910526036
202019786002
200259671002
200259671001
201730021003
201730021001
201137885003
200910526011
200910526031
200910526032
200910526033
200910533022
200910533023
200910534061
200910534062
200910535022
200910535023
200910535061
200910535062
200910535071
200910535073
200910535074
200910535075
200939591003
200219586005
201199666001
201199666002
201199666003
201099546002
201099546001
201099546003
201030714002
201030718003
201030716001
201030716002
200910528012
200910528021
200910534063
200910534064
200910534091
201030718001
201030712022
201030712032
201030718002
201879641001
201879641002
202019786003
202019787003
202019787001
202019786001
202019787004
202050973001
202019787002
200399512001
200399511001
200910528022
200910525041
200910531091
200910521011
200910524053
200910530051
200910526012
200910528031
201730059003
200910528032
201211005002
201211007004
201211001001
201211003001
201211005003
201211007002
201730101131
201730071024
201730101151
201730072043
201730043004
201730091002
201259505001
201730099001
201730093023
201730043002
201730096042
201730055012
201730095032
201730098021
201730095033
201730095043
201730059001
201730057001
200910534242
200910524052
200910537111
200910537073
201211006021
201211005004
201730100042
201730072032
200510727022
201730093022
201730072042
201730101111
201730099003
201730100043
201730095114
201730099004
201730101112
201110001005
201110008002
201110008003
201110008001
201110003002
201110007001
201110006001
201110004001
201730099006
201730096031
201730095041
201730093013
201730094021
201730094022
201730095034
201730095092
201730095101
201730096041
201730095093
201730098022
201730099007
201730101113
201730095102
201730103005
201730004003
201730002001
201730002002
201730006002
201459702004
201459702005
201459702001
201459703001
201459703002
201459702002
201459702003
200910517002
200379571003
200379572002
201690002001
201690009003
201690012003
201690011001
201690011004
201690012001
201730053003
201730053004
201730053005
201730053006
201730053007
200510728006
201730083001
201730083003
201390102003
201939531003
201730083004
201730084001
201730084002
201730084003
201730086001
201730086002
201730086003
201730087001
201730087002
201730088002
201730089001
201730090001
201730090002
201730088003
201730088004
201730088005
201730090003
201730091001
201730026002
201730091004
201730091005
201730098023
201730098024
200239502001
200239502002
200239502004
201137885002
201137886001
201137886005
201137886004
201137887004
201137887002
202090442014
200510729003
200510729004
200510729006
200410841003
200410842003
201730018001
201730022003
201730023002
201730023003
201730024001
201730024002
201050861003
201050861004
200354931001
200354931002
200354939002
200354935004
200354936001
200354933002
200354938001
200354932001
200354932002
200354934002
202090447021
202090452001
201730009003
201730015003
201730020001
201730022001
201730007002
201730027002
201730011001
201730020002
201730015001
201730069001
201730022002
201730003005
201730027001
201730083002
201730010004
201730003003
201730003004
201730001002
201730039003
201730098011
201730029002
201730097001
201730078003
201170605103
201730028004
201730031002
201730032002
201730034001
201730029003
201730029001
200479697002
201730030001
201730030002
201730031003
200410841002
200410842001
200410845003
200410842002
200410841001
200410845001
200410841004
200410844001
201137886007
201137886002
200479696002
202019786004
200479696001
201730040001
201730030003
201730095122
200479697001
201639747003
201639746002
201639746001
201639747001
201639747002
200779617002
200779618001
200779618002
200779616001
200779617001
200779616002
200779616003
200410843001
200790304004
200790304005
200790305001
200790305004
200790306003
200790306004
200790306005
201110007002
201110006002
201110001004
201110002005
201110001003
202090440032
202090441023
202090442023
202090419001
202090420022
202090423002
202090436003
201610002001
201730100051
201730052001
201730102005
201730088001
201730095113
201730078002
201730054002
201730010003
201730039004
201730062002
201730069002
201730058002
201730077002
201730052002
201730107001
201730104001
201730091003
201730011003
201730028003
201730069003
201730019002
201730060003
201730057002
201730072033
201730068005
201730008001
201730085002
201730039002
200999508001
201170901861
201170605101
201770034002
201770016031
201770036062
201770034004
201474753002
201730053002
201730101161
201730006001
201730031001
201730075002
201730085001
201730060004
201730089003
201730103001
201730089002
201110005003
202090446021
202090449003
202090400011
201299646001
202090402001
202090402002
202090402003
202090403001
201299646002
200450004002
200450006031
200450007973
200450008021
200450016003
200559605072
201299646003
200134807003
201899651001
201899652002
200150202024
200150206005
201770026022
201770033021
201770026023
201770016042
201770024003
200450016001
200450006032
200450007971
200450006043
200450006041
200450006044
200450008012
200559605082
200559605012
200559604042
200559605011
200559605081
200999504001
200510726003
201770033022
201770018002
201770036061
200910529043
200910535054
200910534102
200910529052
200910537032
200450010023
200450003004
200559604041
200559604043
200559605051
200559605071
200910537071
200910537092
200910503011
200910505003
200910535091
200910535053
200910535052
200910534152
200910534151
200910534191
200910537122
200299771002
200299773004
201030707002
201030707003
201030707004
201030707001
200910538041
200910534182
200910534241
200910524172
200910524183
200910516002
200910515004
200910524193
201030710002
201154895002
201314801001
201030711013
201030711023
200559603003
201474752002
201474752001
201474751002
200999507001
200999505002
200999502001
200999506003
200999505001
200999503003
200999503001
200999503002
200999501003
200999501001
200999506001
200999504002
202090437001
202090437002
202090438021
202090438022
202090438031
202090438032
202090438041
202090439031
201474753003
200999504003
200999505004
200999506002
200999507002
201474753001
201474751001
200150202021
200150202022
200134806003
200150207003
200150208001
200150208002
201939531004
201939534001
201939531001
201939534002
201939531002
200150209021
200150209022
200450001003
200450002001
202090426001
202090426003
202090427001
202090427002
202090428001
200150205002
200150205003
200150205004
200150205001
202090428002
202090428003
202090430001
202090433011
202090433012
200510727013
202090434001
202090434002
200134806001
200134807001
200134808002
200134808001
200134806002
202090436002
202090435002
200510728003
202090436001
202090436004
200910538012
201030711011
200814631004
200814631002
200150202033
200150202034
200150203001
200134807002
200134807004
200134808003
200134808004
200039536003
200039536004
200039536001
200039536002
200039537002
200039537001
200039537003
200910534131
200910527001
200910537112
200910537091
200910530074
200910531052
200910537012
200910534221
200910537121
200910537123
200910525021
200910528015
200910535051
200910524104
200910506004
200910530023
200099712002
200910531102
200910535101
200910527003
200910534212
201730007001
201730077001
201730032003
200099711002
200099711004
200099711001
200099718005
200099714003
201730071012
201730054003
201730057005
201730070003
201730072034
201730108021
201730108011
201730093014
201730093024
201730101132
201730103004
201730093021
201730095112
201730099005
201730096051
200099716004
201730007003
201730021002
200099713003
200099711003
200099713001
200099713002
200099714001
200099714002
200099715001
200099715002
200099715003
200099716001
200099716003
200099718003
201539506003
201539506002
200099716005
200099717001
200099717002
200099717003
200099718002
201730097002
201730095091
201730051002
200099718004
201730095071
201730095072
201730095081
201730099002
201730100011
201730100012
201730038003
201730038002
201730039001
201730039005
201730105001
201730105002
201730106001
201730106002
201730107002
201279637003
201730040002
201730040003
201730040004
201730043001
201730043003
201730051001
201730051003
201730051004
201550015001
201730052003
201730052004
201730028001
201730034002
200239502003
201730080002
201730080003
201730081001
201730081003
201730082001
201730082002
201730082003
201730082004
201550011002
201550014002
201550016001
201550017002
201550012001
201550017004
201550014004
201550011001
201550012002
201550014001
201550003001
201550007002
201550004002
201550013001
201550011003
201550013003
201550017003
200510728004
200510729002
201730014004
201730014001
201730014002
201730015002
200150206001
201730001001
201730001003
201137884002
201137884004
201550007003
201550007005
201550007006
201550007001
201550017001
201550008002
200599541006
200599543001
200599543003
200599541003
201550008003
201550008004
201550010001
201550010002
201550010003
201550013002
200599545006
200599542001
200599541005
201550018002
201550005003
201550007004
200599544004
200599545004
200599545002
200599541004
200599544003
200599545003
200599545001
200599541001
201730010002
200579619002
200579621011
201730001004
201730003001
201730003002
201730009002
201730010001
201730011002
201730014003
201079551001
201079551002
201079552002
201079552005
201079552001
201079551003
202090443013
201079551004
201079551005
201079552004
201079552003
200530867003
200410843002
200410844004
200410844002
200410844003
201490003003
200410845002
200790306001
200790303003
200790306002
200790303002
200790302004
200790301001
200790301002
200790301003
200790303001
200790304001
200790304002
201259503003
200790301004
200790302001
200790302002
200379570002
200979691003
200979691004
201390101005
201390102001
201390101004
201390105001
201390105002
201390104002
201390103001
201390101003
201690012004
201690010002
200790302003
200790302005
202090442021
202090442022
202090443021
202090443022
202090443023
202090443031
202090444003
202090443032
202090443033
202090444001
202090445001
201770008002
202090445002
201259504002
201259506001
201259506003
201259504001
201259506004
201259507004
201259508002
200759586002
200790305002
200759586001
200719581001
200719581002
200379569003
201770039014
201770040001
201770040002
201770040003
201770041001
201770041003
201770041004
201770028001
201110004002
202090452003
200450001002
200450003003
200450004001
200450005012
201770015001
201770015002
201770015003
201770016011
201770016012
200450005021
201770019001
201770019002
201770019003
201770019004
201770021001
201770021003
201770021004
201770022001
201770022002
201770022003
201770024001
200179606004
200179606003
200179606001
200179606002
200450015001
202090452004
202090417001
200530866001
201490002001
201490002003
201490003002
200450009011
201490004003
201490001003
201690001001
201690001002
201690001005
201690001006
200450009012
200450009014
200450009021
200450010011
200450012033
201730053001
201730036001
201730036003
201730036004
200450012034
201730009001
201730036002
200450002003
200450012031
200450014003
200450012032
200450009013
200450014002
200450007972
200450012022
201110003001
201110003003
201110003004
201110003005
201110003006
200050816003
201279637002
200050818001
200050817001
200050816004
200050817002
200050816002
200050816005
200050818002
200579619005
201110004003
201110004004
201110005001
201110005002
201110005004
200579619004
200579619001
200579620002
200579621012
200050817003
200050817004
200050818003
200050819004
200050819003
200050819001
200019528003
200579620004
200579620005
200870203001
200579621021
200019529001
200410846001
200579618005
200610001001
200610001003
200610002001
200610002002
200610003001
200870202002
200870201022
200870202001
200870203004
200870201021
200870201015
200870202003
200870203002
200870201012
200870201011
200870203003
200870202004
200610005003
200610003002
200610003003
200610003004
200610004001
200610004002
200610004004
200610005002
201770026012
200450001001
200610005004
200610007002
201690003001
201690003004
201690003006
201690004003
201690005001
201770025002
201770025003
201770026011
201770026013
201770040004
201770026021
201770027012
201770027013
201170605102
201690005002
201770039022
201770008001
201770034003
201770039011
201770011003
201770018004
201770005002
201770034001
201770010002
201770025001
201770018001
201770036051
201770037003
201770027014
201770036042
201770009004
201770021002
201770039021
201770037004
201770028003
201770027021
201770027022
201770028002
201770021005
201770028004
201770029002
201770029003
201770005001
201770013001
201770036012
201770035002
201770036011
201770035001
201770029001
201770006002
201770041002
201770018003
201770006003
201770027011
201770035003
201770037001
201770039013
201770004001
201770004002
201770004003
201770030022
201770004004
201770005003
201770006001
201770029004
201770030011
201770030012
201770030021
201770007001
201770030023
201770031001
201770031002
201770007002
201770008003
201770008004
201770009001
201770009002
201770013004
201770009003
201770010001
201770031003
201770033011
201770036013
201770010003
201770010004
201770011001
201770011002
201770012001
201770012002
201770013002
201770013003
200319662003
201770036041
201770036052
201770037002
201770037005
201770039012
200319661002
200319661001
200319662001
200319663001
200834611001
200610006003
200610006002
200610006001
200679637001
200679636001
200679636002
200579619006
200319662002
200319663003
200319663002
202090400021
202090425021
202090439042
201899652001
201899652003
201899652004
200354934001
200354939003
200910525043
200910526038
200910524102
200910524152
200910524163
200910529102
200910525042
200910526037
200910526035
201314803001
201314803003
201314802001
201314803002
201314802004
200559602005
200559603001
200219584003
200559602004
201231766002
201231766001
201231766004
201231767002
201231767001
201539506001
200910526014
200910534104
200910534101
200910534105
200910534106
200910534113
200910534111
201834758001
200579617002
200579616002
200579618004
201231766005
201231766003
200910534141
200910534103
200910524192
200910532032
200910532031
200910532033
200150202013
200910526041
200579618001
200579619003
200579620001
200579618003
200579618002
200579620003
200579616001
201610008021
200679637003
200679637002
200910526071
200910526061
200910526034
200910528023
200910528025
200910536024
200679637004
200679637005
200579617001
200910528014
200910528013
200910537094
200910528024
200910536023
200910529051
200910529084
200150203002
200150203003
200150204001
200150204002
200150207002
201919625005
201919626001
201919624001
200150209031
200150201001
200150206002
200150201002
200150201003
200150202032
200150209032
200150207001
200150206004
200150209012
200150209011
200150209033
200150202011
200150202031
200150202012
200150206003
200150202025
200910518013
200150209013
200150202023
200530867002
201834758003
201834759001
201834759002
201834758002
201974832003
201730095062
201730098013
201730100031
202070967001
200219583004
200219585002
200219585003
200219586003
200219586004
200530867001
200530866002
201050861001
201799527001
201799526002
201799527002
201799526001
201550018001
201550002003
201550015003
201550016002
201550015002
201550008001
201550014003
201550001001
201550001002
201550001003
201550002001
201550002002
201550002004
201550003002
200219581002
201550003004
201550004001
201550004003
201550004004
201550003003
201550005001
201550005002
201550005004
201550005005
201550005006
201550006001
200219583003
201730098025
201730081002
201730087004
200639551002
200639551001
200639552001
201719571005
201719571006
201719571001
201719571004
201719571002
201719571003
201610013023
201610006001
201610002005
201610002004
201610006005
201610009002
201610010023
201610010022
201619800001
201610013012
201610010021
201610011003
200274582002
200339676003
201730028002
201610011002
201610011001
201610003032
201610003031
201610013011
200079682002
200079681001
200079681002
200079681004
200079681003
200079682001
201019566001
201019566003
201019566002
201137884003
201137882001
201610002002
201137887005
201137887001
201137883001
201137881001
201137886006
201137883002
201137881002
201137883003
201137881003
201137882003
201599671003
201599671002
200199646003
200199646002
200199646001
200199646006
200199646004
200199646005
201211002002
201137887003
201030701001
201137885001
201730034003
201730035001
201730035002
201279636002
201279637001
201279636005
201279636001
201279636003
201599673003
201170701822
201170701821
201170407011
201170407012
201170901863
201170701823
201170901862
200910529062
200910518024
200910517003
200910518011
200910519081
200910518022
200910518023
200910518025
200910518031
200910518033
200910518034
200910518041
200910519061
200910519073
200910519063
200910519071
200910519072
200910520035
200910520011
200910520033
200910520034
201759657002
200910520041
200910529101
200919800011
200910529041
200910529061
200910535081
200910535082
200910535083
200910535084
200910535085
200910535092
200910535093
202090439041
201599672002
201759656002
201759659002
201759658004
201759658001
201759658002
201759656003
201759657001
201759658003
201759657003
201759659001
201759656001
200910522021
200354931003
201599672003
201759659004
201759660001
201759660002
201759659003
200939591002
200939591001
201199667001
201599672004
200399512002
200399512003
201519688001
200699627002
200699626002
200699626001
200699627004
200699627003
200699627001
200910529042
200910506005
200910520032
200910511001
200910518026
200910519021
200910530101
200910520036
200910518012
200910523032
201599673004
200910521021
200910521022
200910521024
200910522011
200910522012
200910522022
200910535094
200910523061
200910523062
200910529071
200910529072
200910529082
200910529083
200910530021
200910535571
200910535551
200910535561
200910535562
200870201014
200870201013
201730096052
200910518053
200910535572
200910536012
201599672001
201137884001
201137884005
201137886003
201919621001
201919623004
201919622005
201919623001
201919621003
201137882002
201610009005
201919621002
201919621004
201919622003
201919622004
201919622006
201154896002
201154896001
201154897001
201154895001
201154898003
201154897003
201154898002
201154898001
201154898004
201919623003
201919624003
201919625001
201919625002
201919625003
201919625004
200910519062
200910530092
200910524054
200910518021
200910513001
200910535552
200910535021
200850828002
200910521023
200910505001
200910506003
200850828001
200850826004
200850827002
200850826001
200850827004
200430203004
200850826003
200910530041
200910530042
200910530061
200910530062
200910530072
200910530073
200910536021
200910536022
200910537011
200850826002
200850827001
200850827003
201519687002
201519687001
201519686001
201519688003
200430202003
200430201003
200430201002
200430202002
200430203002
200430203003
200430203001
200430202001
200430201001
201919624002
201519688002
201519686002
201519687003
201919623002
201919621005
201919624004
200910522013
200299772003
200910534171
200910502002
200910510001
200910520031
200910500004
200910527002
200910529073
200910518032
200910524051
200910535072
200910506002
200910536011
200910504003
200910505002
200910505004
200910506001
200910507003
200910507001
200910507002
200910507004
200910507005
200910537113
200910538011
200910523034
200910538032
200910538031
201030712034
201610008022
201610003043
201154896004
201154896003
201154897002
201154898005
201359561002
201359562002
201359561001
201359562001
201414741002
201414741003
201414741004
201414741001
200299773001
200299773002
200910500001
200910500002
200910500003
200910500005
200910500006
200910501001
200910501002
200910501003
200910501004
200910501005
200910508001
200910508002
200910508003
200910509001
200910509002
200910509003
200910510002
200910523051
200910523052
200910523053
200910523031
200910523033
200910523041
200910512002
200910523042
200910523043
202090448041
200999507003
202090448051
202090448052
202090449002
202090450001
202090450002
202090451001
202090451002
201339517001
200699626003
200910502001
200910502003
200910502004
200910503012
200910503021
200910503022
200910504001
200910504002
200910510003
200910510004
200910511002
200910511003
200910511004
200910512001
200910524191
200910512003
200910513002
200910513003
200910513004
200910514001
200910524101
200910524103
200910524111
200910524112
200910524213
200910524211
200910531013
200910524212
200910530081
200910530082
200850826005
200910530091
200910530102
200910530111
200910531011
200910531012
200910531014
201579781002
201690009006
201690009001
201690002002
201579783001
201579783002
201579783003
201579782002
201579782001
201579781001
201259507003
200354938002
200354938005
200354938003
200354940001
200354940002
201259502002
201259502001
201259508001
201259507001
201259507005
201259509002
201259501002
201259501003
201259503002
201259501001
201259506002
201259503001
201690005003
201259502003
201690011003
201690001003
201690003003
201690003007
201390105003
201690008002
201690004001
201690004002
201390102002
201690004004
200910518051
200354941001
200354941002
201690001004
201690012002
201690011002
201690003002
201390101001
201390101002
201390103002
201390104001
200910514002
200910514003
200910514004
200910515001
200910515003
200910515002
200019530001
200019530003
200019530004
200910516001
200910516003
200910517001
200910518042
200910518043
200910518044
200910518062
200910518052
200910518054
200910518061
200910524142
201110001001
201110001002
201110001006
201110002001
201110002002
201110002003
200910518063
200910518064
200910518065
200919800021
200910524141
200450003002
200910524151
200910524161
200910524162
200910524171
200910531021
200910531022
200910531081
200910531101
200910528011
200910529063
200910532022
200910535553
201110002004
202090447022
202090447023
202090447024
202090447031
200579621022
200450002006
200299772001
200450005011
200450005022
200450006042
200510729001
200510729005
200510730002
200299772002
200299773003
200299771001
200299774002
200299774001
200910519043
200299771003
200910519022
200910519023
200910519024
200910519031
200910519032
200910519041
200910519042
200910533021
200910519091
200910519094
200910519093
200910519092
200910532011
200910532012
200910532021
200910533011
200910533012
200450007023
200450016002
200450007021
200450007022
202090421002
200450007024
202090447041
202090447042
202090448031
202090448032
201690005004
201690006001
201690007001
201690007002
200814631003
200814631001
201814537006
201814537001
201814537004
200959612003
201814537005
201814536002
201814537002
201814536001
201814537003
200354937002
200354937001
201690008001
201690009002
201690009004
201690009005
200959612004
201690010003
200499651005
200499651004
200499651003
200499651001
200499651002
201610007001
201610007002
201610008011
201610009003
201610013022
201610009001
201610005001
201610013021
201610013024
201610009004
201690010001
200959611001
200959612002
200959611002
200959613003
200959612001
200959613002
200959613001
200050816001
200050819002
200739657001
200739656001
200739656003
200739657003
200739658001
200739656002
200739658002
200739657004
200895762001
200379572001
200450002004
200450002005
202090409003
202090410002
202090410003
202090411001
202090411002
202090412002
202090413001
202090413002
202090413003
202090413004
202090415001
202090415002
202090416001
202090416003
202090416004
202090418001
202090419002
202090420011
202090420012
202090420021
202090422001
202090422002
202090423001
201610008015
202090424001
202090405002
202090406001
202090406002
202090405001
202090406003
202090407001
202090407002
202090408001
202090409001
202090409002
201854707001
201854707002
201854706001
201854706002
201610007004
201610008012
201610008013
201610008014
200119559004
200119559001
200119559003
200119560001
200119558002
200119558004
200119560003
200119557002
200119557001
200119558001
200119556001
200119559002
200119560002
200119556002
200119556003
202090449001
200119558003
200099716002
200099718001
200099713004
200099712001
200099711005
200530867004
200450015002
200450012011
200450002002
200450014001
200450009015
200450003001
201759660003
201730057003
201730058001
201730058003
201730058004
201730059002
201730060001
200510728001
200510727014
200510726002
200510726001
200510730001
200510727015
202090417003
202090438033
202090443012
202090421003
202090433013
202090416002
202090412001
201730094011
201730092001
201730093011
201730093012
201730094013
201730095052
201730094012
201730095061
202090446013
201730095031
201730095042
201730095051
201030703004
201030703005
201030703001
201030704002
201030704003
201030704004
201030705001
201030705003
201030703003
201211007003
201211007005
201211007006
201211007007
200354935002
200354936002
200354936003
200354936005
200354936004
202050973002
200339676002
200339676001
201211006013
201339520001
201730097003
201730098012
201730100021
201730100022
201730100041
201730100052
201730100053
201730101072
201730102002
200274582005
200274581003
201730101114
201730095111
201730095121
201730095123
201730095131
201730095132
200790305003
200790306006
200559605031
200559604032
201730101061
201730101071
201730101081
201730101082
201730101091
201730101101
201770016013
201550006002
201730037002
201730037001
201730038001
201730102001
201730102003
201730102004
201730103002
201730103003
201730104002
201730106003
200910530071
200910529081
200910530022
200910526013
200910531082
200910531051
200910534032
200910534211
200910534031
200910534172
200910534231
200910534232
200910534065
200910538013
200910535104
200910535102
200910535103
201730073022
201730034004
201730004001
201730004002
201730073011
201730026001
201730008002
201730008003
202090404001
200450008022
200450010012
200450010021
200510728002
200450012021
200450012023
202090446031
200450008023
200450008011
200450010022
200910524182
200910524181
200919800031
200910537093
200450005023
200910534181
200910534112
200910535095
200910537095
200910537072
200910537031
200910537052
200219585001
200910537051
200910503013
201730087003
200895761001
200895761002
200219583002
200219584001
200219585004
200219586001
200219586002
200219582001
200219581001
200219584002
200219582002
200219581003
200219583001
202090424002
200895762002
201030712031
200274582001
200274581001
200274582003
200274581004
200274582004
200274581002
202090448061
201519688004
201999541001
201999541002
201919622002
201919626002
201919622001
200979691002
200979691001
