211779602003
211579501002
211579503001
211579504003
211579506001
212339602002
212339604001
212339604002
212339604004
212339604005
212339601002
212339601003
212339602001
212339601004
212339601001
212339603001
211579506005
211079713001
211079703002
211110124092
211110124093
211110125012
211110124082
211110126011
211579505001
211579503002
211579505004
211579501001
211579506003
211579501004
211579505002
211579502002
211579505003
211579506002
211579503003
211579504001
211579502001
211579501003
211579502003
211579506004
211579504002
211479604001
212179204004
210059501004
211339502001
211339502004
211339506002
211110125022
211110125021
211110126013
211110126015
211110126032
211110126042
211479604003
211479603002
211479603005
210059501002
211479603001
211479603004
211479601001
211479603003
211479604002
211479604005
211479604004
211479602001
211110114062
211110125024
211110128022
211110131002
211110124073
211999311021
210290205001
210290205003
211999301003
211999303003
211999304021
211999306002
210590001003
211110124102
211110124061
211110124063
211110124064
211110124071
210290204002
210290201031
210290208004
210290209001
210290202021
211110124074
211110124081
211339502003
211339506005
211339506001
211339506003
211339502005
211339505001
211339505002
211339501004
211339502002
211339501002
211339506006
211339501001
211339506007
210859502002
210290202022
210290212001
210290208003
210290212004
210859506001
210859506004
210859505002
210859504001
210859501003
210859501001
210859504003
210859506003
210859502003
210859505001
210859503002
210859502001
210859503001
210319305002
210319302001
210319303003
210319303002
210319301002
210319303001
210319301001
210319305001
211759502002
210859507002
210859504002
211110125031
211110125032
211110125033
210059504001
210059504002
210059503001
211110126043
211110126044
211110126041
211110127012
212339604003
211110127022
211110127031
211110127033
211110128011
211110128012
211110128021
210059501001
210059501003
211839201001
211839206001
211839202003
211839205001
211839201003
211839205002
211839203001
211839203002
211839201002
211839202002
211839202001
212079601012
211439601001
210279601001
210490201052
210490204001
210490206001
211099603002
210519502003
210519504002
210519505002
210519501001
210519501002
211759503001
211759505002
211759501002
211799303022
210519502001
210519502004
210519503002
210519502002
210519503005
211799303023
211799303011
210519505001
210519506001
210519504001
210519503004
211110094003
211259709002
210779601013
211110094001
210290206013
211259708001
211259711023
211259711012
211259702002
211259706001
211259707002
211259711011
211850305021
211850306012
211850301001
211850308011
211850305012
211850308012
211850301002
211850302002
211850304011
210039203002
211719304003
211719301001
211719303001
210039201002
210039204001
210039201001
210039206001
210039204004
210039203003
210039203001
210830203003
211199604002
210150703141
210150703111
210150706062
211379202001
211379203001
211379204003
210150703132
210150703131
210350103022
210350107001
210350103012
210350103013
210350103023
211419604002
211130605034
211130606001
210830207001
210830207004
210830208003
210830201004
210919602003
210519505003
210919602001
210919603002
210919602002
210919601001
210919603001
210919601002
211130602004
211130604004
211679601001
211259705001
210670039132
210590013001
212390504001
212390503002
212390502001
210890406001
210859507001
210859504004
212390501043
210019706001
210019704021
210019704023
210019704022
210019704013
211679602003
211679603002
211679605002
211679601002
211679601004
211679604001
211679605003
211679604003
211679602001
211679601003
211679603001
211679605001
211319203003
210150702002
210150701001
210150701002
210150703071
210150706012
210150703072
210150706011
210150704022
210150704011
210150705022
210150705032
210150705021
210979505001
210150703073
212039502005
212039503001
210150703142
210039202001
210719206003
210719205001
210719204001
210979503001
210979505004
210979501002
210979504001
210979504003
210979503003
210979502002
210979505003
210979502001
210979501001
212090406013
210979504002
210979505002
210979503002
212090403021
212090406033
212090406012
212090403012
212090406023
211390402002
212090405023
211390401003
211390402001
211390402005
211390402004
211390402003
211390401001
210890401005
210890405011
210890407002
210890405012
210890404003
210890403003
210890406003
210890405023
210890401002
210890407003
210890404004
210890405021
210890401004
210879301003
210879301001
210879302001
210879303002
210879303001
210879304002
211419601003
210879302004
211419603003
211419605002
211419605003
211419602004
211419606002
211419601002
211419605001
211419604001
211419601001
210699202001
211819602001
211819601002
211819602004
211819602003
210279605023
210279602002
210279605011
210699204004
210699202002
210699204001
210699201003
210699204003
210699201002
210699203002
210699204002
210699201001
210799702003
210799701003
210799704001
210799703003
210799702001
211219302001
211010207011
210670041041
210670020021
210670042071
210670032021
210670034071
211010206012
211219303001
211219305006
211219301002
211219305005
211219305004
211219304002
211219304003
211219304001
211219307002
211219305003
211219302002
210830204001
212199504001
210670039121
210670034023
210670034063
210670034061
210670039112
210670039092
210670034072
210670041032
210830204002
210830208001
210830207002
210830206001
210830202001
210830201001
210830202003
210830208002
210830203001
210830202002
210830205002
210830203002
210830205001
210830203004
210830205003
210830207003
211059701001
211059701004
211059701005
211959319001
210830201002
210830201003
210670041043
210670041072
210670041073
210150706061
210150704024
210150706041
210670042052
211059701006
211059701003
211059701002
210490201061
211959312004
210670042053
210670037043
210670033002
210670040061
211959317002
211959314001
211959304001
211959307002
211959309002
211959301002
211959312002
211959310003
211959315001
211959311004
211959316001
211959305002
211959306001
211959307001
211959310002
211959301001
211959312003
211959313001
211959317001
211959314002
210399603001
211959303002
211959309001
211959311001
211959312001
211959315003
211959315004
211959319003
211959316002
211959318003
211959318002
211959319004
211959302002
211959306003
211959306002
211959308002
211959313002
211959317004
211959318001
211959311003
211959311005
210670041031
210670041071
210670042102
210670042092
210670035032
210670040051
210670032011
210670003003
210670004001
211959301003
211959304002
211959310001
211959311002
211959302003
211959308004
211959315002
211959314003
211959305001
211959315005
211959303001
211959308003
211959317003
211959319002
210590004004
210190313003
210670037021
210670015002
210670038023
210670024001
210670010001
210590015013
210590016021
210590015021
210590004002
210590008004
212319202004
210890405022
211010209003
210190303002
210190309004
210190306004
210190303001
210190311002
210190302001
210190311004
210190311001
210190310011
210190305001
210190303003
210190307002
210190312002
210190311005
212110402001
210670034022
210670039061
210670039062
210670040012
210670039133
212110402002
212110401012
212110401011
212110401022
212110401021
212110405022
212110404011
212019701001
210190310025
212270111003
212270114014
212270118001
212390501032
210670039131
210670040031
210670040032
210670040033
211110104031
211110103191
211110103201
211110103112
211110103113
211450301001
211450315002
211450311001
211450306001
211450305001
211450302002
212259502013
212019701002
210859501002
210859507003
210859506002
211279304001
211279304002
211279302001
211279301003
211279303001
211999308004
211110027001
210339202005
211110035002
211110115181
211110115201
211110115192
211110016001
211110011001
211739202002
210190308001
210190310021
210190304001
210119702004
210190306003
210119701001
210190310024
210190312001
212059504002
210219301002
211739202003
211739205001
212059502006
212059503001
212059503003
212059501001
212059502005
212059503002
212059502003
211850304013
212059502002
212059504003
212059501003
210590004005
210590006004
210590002001
210590009001
210590017012
210290211022
210290211013
210290211012
210290205002
210290211011
210472005003
210472005001
210472004002
210472005002
210590014023
211850307011
211850306011
211850303021
211850308022
211850304014
211850306022
211110118004
211130605031
211130605033
211130605022
210619204003
210619801001
210619203001
211030903022
211030903011
210472001001
210472013022
210472015022
210472015021
210472013021
210472013023
211850304012
211850304022
211850303023
211850303022
211110107055
211110103171
210959709004
211130602001
211130604003
211130605023
211130602002
211130601022
210439606003
210472015032
210472015033
210472015013
210472015015
210472015016
210472015012
210472015031
211539701002
211539703001
210370533011
210370533013
211110115141
211110115133
211110119062
211110103132
211110117123
211110107064
211110104051
211110101023
211110106021
211110121061
211110125011
211110103183
211110091051
211110091062
211110103142
211110111143
211110121071
211110112003
211110115132
211110124113
211110124101
211110125023
211110128013
211110085002
211110104024
210590003001
210590013003
210590015022
210590018001
210590017011
211079704001
211079703004
211390401002
210590002002
211110023003
211110103152
211110103192
211110116032
211110040002
211110056001
211110103071
211110068001
211110015003
211110126014
211110077002
210370528002
210370513001
210370531001
210370529001
211110079002
211110104061
211110104032
211110104062
211110082004
211110117112
211110117133
210590005002
211110117132
211110109022
211110103091
211110103182
211110107011
211110107023
211110111122
211110111121
211110111131
211110110021
211110043013
211110124114
211110122024
211110104063
212319207002
212319201004
211110122021
210779601021
211259710011
211379202002
211379201021
211379201032
211379201012
211379204001
211110107022
211110002003
211110030001
211110103141
211110081003
211110103172
211110101032
211110101031
211110101022
211110115162
211110101042
211110111061
211110111067
211110117092
211110111142
211110111024
211110115202
211110117071
211110117101
211110049001
211110012001
211110117081
211110088002
211110045003
210959710002
210959703002
210959702004
210959708001
210959709003
211850305011
211850302001
211850306013
211110081001
211110082001
211110004001
211110127011
211110014001
211110104033
211110118001
211110117131
211110119052
211110124111
210859504005
211110119073
211110069002
211110065002
211110106011
211110117122
211110100073
211110101033
211110104053
211110108002
211510105003
211699603004
210279605021
210279605024
210290204001
210290207013
210290201023
210290207021
210370533022
210370523013
210370523022
210370521002
210150706051
210150706052
210159801001
210150704021
210150702001
211510106004
211510110001
211510111001
211510106002
210370533023
210150706053
210150705042
211259704002
211259710012
210670023032
210670023022
210670023042
210670023023
210670029001
210670035042
211130601011
210472003004
210472010001
210472011002
210472012002
210472014001
210472013024
210472015011
210479801001
210472013011
210472015014
210472013012
211110107054
211110107061
211110107062
211110107063
211110121074
211110122023
211110122031
211110122034
211110108003
211110109011
211110109012
211110109013
211110109014
211110109021
211110117074
211110117072
211110117073
211110118002
211110118003
211110110022
211110110023
211110110031
211110110032
211110110033
211110110034
211110110035
211079710001
211079709004
211110119053
210039203004
210039201003
210039205001
210039204002
210039204003
210039206002
211110110036
211110110041
211110110042
211110110043
211110110044
211110110045
211110110051
211110119072
211110119071
210279603003
211110120012
211110120021
210279602003
210279604001
210279601004
210279603001
210279601003
210279605022
210279601002
210279602001
211110111111
212179205001
211110110052
211110110053
211110111023
211110120022
211110120023
211110120031
211110111062
211110111063
211110111064
212179205003
212179201002
212179203002
212179202002
212179204002
212179205004
212179205006
212179205005
212179202003
212179203004
212179203003
212179202001
211110113021
211110111066
211110111091
211110111101
211110111102
211110111103
211110112004
211110112005
211110112002
211110113011
211110113012
211110113013
210930014024
211110113022
211110113024
211110113025
211110113026
211110114041
211110114042
211110114051
211110114052
211110114053
211110114054
211110114055
211110114061
210930010014
210930002011
210930010021
210959705001
211110114063
211110115131
211110115051
211110115052
211110115053
211110115054
211110115055
211110115061
211110115062
211110115063
211110115064
211110115065
211110115081
211110115083
210999703004
211110115091
211110115092
211110115093
211110115152
211110115153
211110115151
211110115171
211010209001
211170646002
211110116011
211110117082
211110115191
211170646003
211170647002
211170647003
211170648001
210670024004
210670025001
210670026002
210670026003
210670026004
210670026005
210670027001
210959707003
210959707005
210959709002
211170669001
210959710001
210959710005
210670027002
210670027003
210670029002
211170648002
211170668001
211170637011
210670020022
211170669002
211170669003
211170669004
210670030001
210670030004
210670031011
210959710003
210670031012
210670031021
210670031022
210670034021
211170610002
211170611001
211170670001
211170671001
211170671002
211170671003
211170603002
210670034041
210670034042
210670034051
210670034052
210670034053
210670039171
210670039172
210670037011
210670037012
210670039181
210670034062
210670040072
210670023031
210670038021
210670039141
210670040071
210670039081
211839205004
211839204002
211219301001
211219305001
211219307001
211219303002
210670030005
210670001011
210670014002
210670018002
210670005001
210670022001
210670013002
211359301002
210670008022
210670026001
211170648003
211170649001
211170649002
211170649003
211170650003
211170650004
211170651001
211839207001
211359302001
211359303001
211359303003
211359302002
211359302003
211359304001
211359303002
211359304002
211439601004
211439602001
212199503002
211110100062
211110100071
210219301004
210219303002
210219304003
211170651002
211170652001
211170652002
211170652003
211079704002
212199501002
212199502004
212199502002
212199501001
212199502001
212219701002
212199502003
212199503001
211110101041
212219702001
212219703002
212219703001
212219702002
210119702002
211110103181
211110103111
211110127013
211110075024
211170653001
211170653003
211170653004
211170654001
210619202003
210619204001
210619204002
211110104023
211110104022
211170655022
211170656001
211170656002
211170656003
211110096003
211110096004
211110098001
211110098002
211110098003
211110099001
211110099002
211110099003
210670036001
210670036002
210670035011
210670032012
210670041062
210670041053
210670041052
210670039113
210670039083
211110100011
210119702003
210119703002
210119701002
210119703001
210119703003
210119702001
210639201003
211110100012
211170658002
210639202002
210639201004
210639201002
210639201005
210639202001
210670005003
210639202003
210639201001
210670018001
210670004002
210670005002
210670005004
210670006001
210670007002
210670006002
210670006003
210670007001
210670029003
210670009003
210670008011
210670025002
210670036003
210670032024
210670039182
210670039111
211110100013
211110100042
211110100043
211110100051
211110100052
212059501002
212059502001
211839205003
210670008021
210670009001
210670009002
211030902003
210670011004
211759502001
211759504002
211759504001
211759503002
211030901002
211030901001
211030904001
211030904003
211030902001
211030902002
211030901003
211030904002
210019702001
210019703002
210019701002
210019703001
210019705001
210019701001
212359207004
210019704012
212359206003
212359207002
211339504021
211339504011
211339504025
212359205002
212359203002
212359207003
212359208001
212359203004
212359205005
212359203003
212359204002
212359205003
212359203001
212359205001
212359206001
212359206004
212359202002
212359205004
212359202001
212359207001
211379202003
211379203003
211379203004
211379201022
211379204002
211379203002
211419603001
211379201024
212359201002
210290208001
211419602002
211419606001
211419604004
211419606003
211419602003
211419603002
210299801001
210290203002
210399602002
210399601001
211639704014
210290201021
210150703112
211110117113
211110122032
211110121073
210590015012
210590005001
210890401003
211639704024
211639703021
211639703011
211639801001
211639703023
211639704012
211639704021
211639702001
211639702002
211639704025
210670034043
210699203001
210670003004
210670011002
210670002004
210670001012
210670002002
210670030002
210670011001
210139605001
210139608002
210139606001
210670003001
210670030003
210670017001
211659601002
211659601001
211659602001
211659602002
211659601003
211079713005
212259502022
211279301004
211279304003
212110404012
210890404001
210890402011
210239503003
210239503004
210239501001
210239501002
210239502001
210239503002
210239503001
211279303002
211279301001
211279302002
211279301002
211279305001
211279305002
210370501001
210370525003
212059503004
211130601013
211359301003
211359301001
210290204003
210290206014
210290206011
210290206012
210290207011
210890402022
210890402021
211619603003
210370524002
210370505002
210370501002
210370532001
210370532002
210370522001
210370523023
211319201004
211319202001
210890402023
210290207014
210290207022
210290209002
210290201032
210290207012
210290201012
210370533012
211079703003
211079705002
211079713004
211079701002
211079713002
211079707002
211079703001
211079711001
211079701001
211079709003
211079709002
212090403032
211079702001
211079702002
210290206021
211130601012
211130601014
211130601021
212090403011
212090406031
212090402052
212090406011
212090402063
212090405022
212090403022
212090403031
212090406022
212090402053
211759505001
212090402031
212090402032
211759504003
212090402051
212090405021
212090406032
212039504003
212090402061
212090402042
212090406021
211510108003
211510112001
212039501002
212039503003
212039502001
212039503002
212039501001
212039502003
212039502002
211299502001
212039504002
212039502004
212039504001
212179205007
212179201001
212179203001
212179204003
211299503002
211299503001
211299501003
211299501001
211299501002
211299501004
211539704001
211539702005
211539704002
211539701001
211539702006
211539703002
211539702004
211539702001
211539702003
211539702002
212110405011
211479603006
211450312001
211450314001
212079602002
211450307004
212110402004
212110404022
212110401023
212110405023
212110401013
210170302002
212390501072
212390501041
211739203021
210670033001
210670032023
210670002003
210670039173
210670039161
210670042072
211559705002
210719201002
210719201003
210719203003
210719203002
210719205002
210719205003
210719201001
210930012001
210939801001
210930002023
210930006002
210930005001
210730704024
210730706003
210730705003
210719210002
210719205004
210670042081
210670042082
210670038032
210670038031
210670038042
210670042042
211130606002
210930006003
210930002012
210930014012
210930001001
210930002022
210670042091
210670035012
210670035041
210670035031
210670038041
210670019002
210670025003
210670028002
210930002021
210930005002
210930014023
211030903012
210670028001
210670037022
210670037042
210670037032
210670037031
210670039162
210670039152
210670039142
210670039151
210370533021
210170303002
210170306001
210170304002
210170305002
210170303001
210170301005
210170301004
210170305003
210170304001
210170302003
210170306002
210170301001
210170301003
210170305001
210170302004
211130601023
211130602003
211130604001
211130604002
211130603001
210439602002
210439607003
210670039091
210670039101
210670020011
210670019001
210670020012
210670023033
210439604002
210439603001
210439605001
210439601002
210459503003
210459503002
210459504003
210459501001
210459505001
210459503004
210459504002
210459504001
210459503006
210459505002
211159602001
211159606002
211159604001
210459502002
210459502001
210459503005
210490201063
211110106012
211159601003
211159606001
211159603003
211159605002
211159604003
211159603002
211159606003
211159601001
211159604002
211110100072
210350108001
210350101003
210350103011
211110117111
211110117061
211110121051
210879302002
210879304001
211110121052
211110107013
211110107012
211110107014
211110107021
211110117063
211110121063
211110121064
211110121066
211110121072
211110107024
211110107051
211110107052
211110107053
211110122033
211110123011
211110123012
211110123023
211110123024
210490202023
210670013001
210670014001
210670015001
210670038022
210670001021
210670032022
210959706001
210959704001
210959707001
210959709001
210959704002
210959702001
210959702002
210959702003
210959707004
210730704011
210730708002
210730710004
210730711003
210730710003
210730711001
210730701002
211879703001
211110100081
211110100083
211110100084
211879702001
211879701002
211879702004
211879702003
211879702002
211879701003
211879703002
211879701001
210670017003
211779606001
211779606002
211779609001
211779607002
211779607003
211779607004
210670016001
210670016002
210670017002
210730701003
210670020013
210670040013
210730705001
210730708003
210730710002
210730711002
210730701001
210670010002
210670022002
210670040011
210670023021
210670024002
210959706003
210730701004
210730701005
210730701006
210730712002
210670023034
210670023041
211110104021
212270103003
212270103004
210670024003
210670038043
211010206014
210670042041
210670042051
210670039122
210670003002
210959701001
210959713002
210959706002
210959710004
210959713001
210959701002
210670039082
210670038033
210670011003
210670041061
210670001022
210959713004
210959703001
210959707002
210959713003
211850304021
210730704022
210730705002
212270107012
212270109001
212270109002
211170611002
211170612001
211170612002
211170612003
211170613002
210730706002
210730706001
210730707012
210730707013
211170613003
211170614001
211170614002
211170614003
211170616001
211170636032
210730710001
210730711004
211170636033
211170636035
211170636041
211170636042
211170636054
211170637023
211170638001
212270104001
212270105001
212379301001
212379302003
212379301002
212379301003
212379302001
212379302002
211010203001
211010204001
211010205001
211010205002
211850308021
211850305022
211850306023
211170643001
211799306002
211850303011
211850305023
211850307012
212359201001
211170638003
211170640004
211170641001
211170641004
211170641002
211170638002
211219304004
211239601025
211219306013
211219306011
211010208002
211010209006
212270102003
212270103001
212219702003
211170643002
211170644001
211170645001
211170645002
211170645003
211170646001
211839206002
211479601002
211779602001
211779604004
211779603003
211779606003
211779604005
211779605002
211779603002
211779604003
212359204003
212359204001
212359208002
212359207005
212359206005
211779602004
211779602006
211419603004
211419604003
211450303002
211450311003
211079706002
211699603003
211699602001
211699603002
211699601001
211699603001
211699602002
211699602003
211699601003
211699601002
210219301001
210219305001
210219306001
210219304001
210219307003
210219304002
210219307004
210219303003
210219302003
210219302002
210219305002
210219306003
210219307002
210219303001
210219301003
210150703122
211799302003
211799302001
211799301003
211799301002
211799302002
211339504022
210619203002
211999310001
211339501003
211339502006
211339506004
211339504023
211339503001
212270107022
211339504024
211339504012
211799304003
212270101002
212270113002
211510101024
212270110011
212270107021
212270104002
212270108021
212270107011
212270119004
211510109011
211510114002
212270105002
212270103002
212270110013
211510107022
211510109032
211510113023
211510113022
211510109012
211510110003
211510109021
211510113011
210259206002
210259206001
211379201023
211379201011
211379201031
211379202004
211199601001
211099602001
211099603003
211110106022
210559302001
210559301002
211110096002
211110021002
211110090004
212319202003
211850307022
211850303012
211850308023
210259207002
210259204001
211099601003
211099601001
211099603001
211099603004
211099601002
211839204001
211110115082
211110111092
211110114032
211110119041
211110097002
212219703003
212219702004
212219801001
210259201001
210259205001
210259203002
211850307021
211199603004
211199601002
211199602002
211199602001
210259203003
210259202001
210259203001
210259203004
210259207001
210259202002
211510101011
211510101023
211510101022
210730707022
210730704023
210730708001
211779603001
211199605004
211199603003
211199603002
211199603001
211199605001
211199605002
212390502002
212390501031
212390501051
212390501062
212390501071
212390501042
212390504002
212390503001
212390501061
211170650002
212059502004
212059504001
210279603002
211639701001
211919303001
211919303005
211919301003
211919303003
211919302001
211919301001
211919301004
211919303004
211919301002
211919302002
211919303002
210150705041
210999705003
210999701001
210999702001
210999705004
210999703003
210319304001
210150705033
210150706013
211170636043
211170637021
211170653006
211170640002
211170603001
211170640003
211170655011
211170658001
211170668002
211170670003
211170607001
211170607002
211170609001
211170642001
211170610001
211170650001
211110113023
211170636031
211170636034
211170670002
211170636052
211170644002
211170613001
211170659002
211170636062
211170636051
211170653005
211170655021
211170609002
211170653002
211170641003
211170657001
211170655012
211170647001
211170669005
211170636053
211170637012
211170636061
211170638004
211170640001
211170659001
211110015001
210150703051
210150703052
210150703053
210150703121
212150802001
212150802003
212150802002
211110038003
211110003002
211110004005
211110024001
211110090001
211110075023
211110004003
211110007002
211110012003
211110012002
211110015002
210150703081
210150703082
211110008001
211110111022
211110124062
211110109023
211110051004
211110100041
211110117062
211110018001
211799305002
211799307001
211799301001
211799305001
211799306001
211799304001
211799307003
211110021001
210219307001
210219302001
210219306002
211110066001
211110030002
211110076022
211110093003
210619202004
211110108001
211110120032
211110003003
211110011002
211110017001
210619204004
210619202002
210619202001
212139704004
212359201003
210150703083
210150703091
211739205002
210490205002
212219701001
212219802001
212319207001
212139704002
212139702002
212139702001
212139704001
212139704003
212139701001
212139701002
212139703003
212139703002
212139703001
212139702003
212139704005
210079503001
210079503003
210079501002
210079501004
210079501003
210079501001
210079502001
210079503002
210350105004
212139703004
211779604002
211779608002
210472006001
210472012001
210472006002
210799702004
210799704002
210799701001
210799703002
210819201002
212110405021
212110403022
212270109003
210350108004
210350106004
210350105001
210350106006
210350104001
210350101001
210350102001
210350102003
210350107002
210350108002
210350102002
212319204003
212319203001
212319201001
212319203003
212319203002
212319202002
212319204001
212319204002
212319202001
212319201002
212319201003
211130605041
210370505001
210370505003
210370506001
210370506002
212319201005
211130603002
211130605021
211130606003
211130604005
211130605042
210350101002
210350105003
210370511013
210370512001
210370512002
210370513002
210370513003
210370519035
210370519043
210370511012
210370520023
210370521001
210370521003
210370522002
210370524001
210370525001
210370525002
210370529002
210370531002
210370531003
210370519033
210370528001
211850305013
210350105002
210350106002
210350106003
210350106005
210350106001
210350107003
210350108003
210350103021
210370520011
210370511021
210370519032
210370523012
210370525004
211010208001
211010207022
211010209004
211010207013
210370519042
210350104002
210370519012
210370519041
210370520021
210370523011
210370529004
210370504001
210370529003
210370519034
210370520022
210370513004
210370511011
210370523021
210370519011
210439601001
210370523024
210370520012
210370520013
210439604001
210439602001
210439602003
210439607002
210439606001
210439606004
210439603003
210439603002
211259704001
211010206021
210439605003
210439606002
210439605002
210439607001
210779601012
210779601011
211259711022
211259706002
211259702003
211259702004
211259710021
211259703001
211259710024
211259710023
211259706004
211259707001
211259705002
211259702005
211259701002
211259706003
211259702001
211259705003
211259711021
211259709001
211259701001
211259708003
211259703002
211259708002
211259707003
211939704002
211939705001
211939707001
211939705003
211939710001
211939706004
211939704003
211939706001
211939706002
211939705002
211939708002
211939709001
211939709002
211939704001
211939706005
211939708001
211939703001
211939710004
211939706003
211939705004
211939708003
211939710002
211939710003
211939707002
211939703002
210490202013
210059502013
210559301001
210472002002
210059502014
211419602001
210490201053
210490201062
211010204002
210472011003
210472014002
210472009002
210472009003
210472003003
210472001002
210472001003
210472010002
210559304001
210472004001
210472007001
210472007003
210519503003
210559302005
210559302004
210559302002
210472009001
210472011001
211159603001
210559304002
210559302003
210519503001
211999305013
211999307002
211999307003
210830209002
212110402003
212110405012
212110403011
212110401024
212110403023
212110404021
212110404014
212110403021
212110403012
212110403013
210150701003
210150701004
212110404013
211110075022
211110076011
211110076021
211110076031
211110076032
211899302002
211899301001
211110076033
211110077001
210590017021
210590017022
210590017031
211110078001
211110078002
211110078003
211110079001
211110081002
211110082002
211110082003
212379302004
211079705005
211079707003
211079711004
211079703005
211079710003
211079710002
211110088003
211110089002
211110089003
211110089004
211110090002
211110090003
211159606004
211159604004
211159602002
211159605001
211159601002
210150702005
211079704003
211110090005
211110083001
211110083003
211110084001
211110084002
211110084003
211110085001
211110087002
210150701005
210150702003
210150703011
210999704004
210999705002
211010207024
211110087003
211110091031
211110105003
211010208003
211010209005
211010207014
211010209002
211010208004
211010207023
211010207021
212299303001
212299302002
212299302001
212299301002
212299302003
212299302005
212299302004
212299301001
211979702002
211079705001
211079705003
211079705004
211079706001
211079707001
211079708001
211079708002
211079708003
211079711003
211079713003
211079709001
211079711002
211979701006
211979701001
211979702005
211979702003
211979701004
211979701005
211979702004
211979702001
211110002001
211110120033
211110122041
211110124091
211110023002
211110023001
211110024002
211110011003
211110002002
211979701002
211979701003
211110024003
211110024004
211110027002
211439601005
211439601002
211110010001
211110010002
211110010003
211110016003
211110003001
211110028001
211110028002
211110035001
211110036001
211110036002
211110036003
211110014002
211110016002
211110017002
211110017003
210999703001
211110036004
210999701002
210999704002
210999702002
210999703002
210999704001
210999705001
210999704003
211110039003
211110040001
211110041002
211110041003
211110004002
211110037001
211110037002
211110038001
211110039001
211110039002
211110004006
211110006001
211110006002
211110007003
211110008002
211110044003
211110009002
211110043011
211110043021
211110043022
211110043023
211110044001
211110044002
211110045001
211110049002
211110045002
210590004001
210590004003
210590006001
210590006002
210590006003
211110046001
211110046002
211110046003
211110050001
211110050002
211110052002
211110051002
211110051003
211110052001
211110053001
210590008003
210590007001
210590007002
210590007003
210590008001
210590008002
211110062001
210590009002
210590009003
211110053002
211110056003
211110056002
211110059002
211110059004
211110063001
211110063002
211110064001
211759501001
211110065003
210059502022
210239502002
210579501005
211110065001
210590009004
210590010001
210590010002
210590011001
210590011002
210590012001
210590012002
210590013002
211110068002
211110069001
211110070001
211110070002
210590014011
210590014012
210590014013
210590014021
210590014022
211110071004
211110071003
211110071002
211110071001
211110074002
211110075013
210590014024
210590016011
210590016012
211010202001
211010206011
211010201001
211239603001
211239603002
211239601026
211239602001
211239601023
211239602002
211239601024
211239603003
211239601021
211239601022
211110112001
210579501002
210579501001
210579502002
210579502003
210579501003
210579501004
210579502001
212079601022
211439801001
212079601013
212079601021
212079603001
212079601011
210019705002
211219304005
211219304006
211219305002
210139611001
210139603001
210019704011
210019703003
210139602002
210139607001
211110115172
211110051001
211110052003
211110116041
211110116031
211110116033
211110103131
211110075021
211110103121
211110122043
211110122042
211110062002
211110103072
211110103122
211099601004
211099602002
211110103161
211110075011
211110111021
211619602001
211619604003
211110021003
211119801001
211030903023
211030903021
212090404001
212090405011
210859503003
212090401003
212090405012
212090402043
212090401001
212090401002
211110117121
211110115161
211110103151
211110103202
211110103162
211110111112
211110117091
211110117102
211110111113
211110116043
211110121042
211110127032
211110004004
211110120011
211510112003
211499705001
211499702003
211510112002
211510108002
211510103001
211510102001
211499701001
211499701003
211499705003
211499702001
211499701002
211499702002
211499705002
211319201002
211010206015
211319202002
211319201006
211319202003
211319201005
211319201003
211319201001
211319203002
211319203001
211510110002
211639705002
211510103002
211510113012
211510111003
211510110004
211510108001
211510113021
211510106003
211510111002
211510104002
210419502005
211510103003
211510104001
211510106001
211010206013
212090402041
212090404002
210490202022
210490201051
210419501003
210419502004
210419503001
210419501001
210419502002
210419501002
210190307003
211599501002
211599502005
211599502006
211599502003
211599502004
211599503001
211110121032
211110123022
210419502003
210419503002
210419502001
210190305003
210190306001
210190306002
210190307001
211010206022
211010207012
210730707011
210730707023
211599502002
211599501001
211599501003
211599502001
211110121033
211110126012
211110044004
211110038002
211110121041
211110089001
211110101021
211110027003
211110075012
211110009001
211110018002
211439601003
211110100082
211110087004
211110121062
211110123013
211110024005
210059502021
210059502012
210059502011
211110111065
211110049003
211110030003
211110059003
211110076012
211110100054
210190308002
210190309003
211110100063
211110100061
211110124072
211110116042
211110016004
210890404002
210890403001
210890401001
210890402012
210890407001
210150703013
211110036005
211110122022
211110105001
211110007001
211110066002
211110111141
210150702004
210150703012
210150706071
210150704012
210150705023
210150706042
210339203004
210339202003
210339202002
210339203001
210339202004
210339203005
210339201002
210339202001
210339201001
210339203003
210339203002
212150801022
212150801012
212150801011
212150801032
210890403002
210890406002
210930017005
210730712003
210730704021
210190309001
210190310023
210730704012
210190313002
210190305002
210190310022
210190311003
210190313001
210730712001
211639704013
211639704023
211639705003
211639703022
211639704011
211639705001
211639704022
210930016003
210930017002
210930017004
210930010011
210930009021
210930017003
210930008003
210930016004
210930017001
210930004001
210930007003
210519504003
211839203003
212079603003
212079601024
212079604001
212079604002
210930010012
210930015001
210930003001
210930017006
210930010024
210930008002
210930008001
210930009012
210930010013
210930009013
210930016002
210930010025
210930016005
210930009011
210930016006
210930003002
210930010023
210930014021
210930014022
210930016001
210930016007
210930003003
210139602004
210730707021
210930004002
210930004003
210930004004
210930006001
210930007001
210930007002
212299303002
210930007004
210930009014
210139602003
210139601002
210139603002
210139601003
210139605002
210139601001
210139602001
210139611002
210139604002
210139608001
210139604001
210139606004
210139606002
210139611003
210139607002
210930013001
211510114001
210930009022
210930010022
210930011001
210930011002
210930012002
210139606003
210139607003
211559702004
210930013002
210930014011
210930014025
210139608003
211559704001
211559704002
211559707004
211559702002
211559702001
211559707002
211559707003
210539702021
211559705001
210399603002
210399602001
210539702022
210539702011
210539701001
210539702012
210539701002
210539702023
212270102004
211559708002
212270109005
212270110021
212270108032
212270108031
212270111001
212270113003
212270112003
212270106003
212270106002
212079603002
212079602001
212079601023
212079604003
212259502021
212259501001
212259502012
212259503001
212259501002
212259503004
212259503002
212079604004
212259503003
212259503005
211619604002
211130605032
210799703001
210799702002
210799701002
211279301005
211839203004
211839205005
210170301002
212150801031
212150801021
211510101021
211510107011
211510107012
211510107021
211510102003
210459503001
210290201022
211239601011
212259502014
212259502011
210759602002
210759602001
210759602003
211510107013
211510102002
210759601003
210759601005
210759601004
210759601002
210759601001
210759602004
210830204003
210830206002
210830209001
211110093004
211899301002
211899301003
211899302001
211390401004
212339603002
211170637022
212179205002
210190309002
210719210004
210719208005
210719209001
210719209002
210719208003
210719207004
210719203005
210719208002
211779601001
211779609002
211779605001
211779604001
211779602002
211779602005
211510105001
211510109031
211510105002
212090402062
210170302001
210519506002
212359206002
210099504001
210099505003
211450306002
210472008001
210472008002
210472002001
210472003001
210472003002
210472007002
211619602003
211619603001
211619601002
211619603004
211619604004
211619602002
211619604001
211619601003
211619603002
211619602004
210290208002
210290201011
210290212003
210290203001
210290212002
210290203003
210290211021
210490206002
210659202002
211450306003
210490202011
210490202012
210099504004
210099506004
210099504005
210099506002
210099507004
210099509002
211450307003
211450307001
210659203004
210659203001
210659202003
210659204002
210659201001
210659202004
210659201002
210659204001
210659203003
210659202001
210659203002
210099507003
211450307002
211450308001
211450309001
211450310001
210099510001
210099502001
210099508001
210099502003
210099504006
210099509001
210099505002
210099505001
210099501002
210099506005
210099503001
210099508003
210099507001
210099504002
210099502002
210099507002
210099506003
210099510002
210099508002
210099509003
210099503002
210099504003
210099506001
210099501003
210099501001
211450309002
211450310002
211450316001
211450304002
211450312002
211450316002
211450313022
211450314002
211450315003
211450309003
211450308002
211450313012
211450313021
211450314003
211450310004
211450313023
211450312004
211450310003
211450311002
211450315004
211450313011
211450315001
211450313014
211450309004
211450314005
211450308004
211450312003
211450311004
211450308003
211450314004
211450313013
210819203001
210819201001
210819203006
210819203002
210819203004
210819204001
210819201003
210819202001
210819203005
210819204002
210819203003
211999301002
211999304013
211999305021
211999305023
211999306001
211999307001
211999308002
211999311011
211999302001
211999301004
211999311022
211999306003
211999304022
211999302003
211999304011
211999309001
211999303002
211999305022
211999303001
211999308003
211999301001
211999302002
211999304012
211999305012
211999307004
211559702003
211559703001
211559707001
211559708001
212231002001
212231002003
212231001002
212231001001
212231002002
212231001003
211739204003
211110094004
211110094005
211110096001
211110091063
210370519013
210370519031
210370504002
211679602002
211679604002
211679602004
211679604004
210670002001
211779608001
211779607001
210719208006
210719207003
210830203005
210890405024
211739203011
211739204002
211739202001
211739202004
211739201002
211739204001
212270112004
211739201001
212270114013
212270114021
212270114011
212270108022
212270119003
212270114012
212270108011
212270108012
212270102001
212270106001
212270110022
211799303012
211110059001
211110083002
211110064002
211110116013
211110131001
211110105002
211110097001
211110100053
211110091052
210490203002
211799303031
211799303032
211799303021
211110104052
211110103092
211110124112
211110119042
211110119061
211110123021
210590017033
210590012003
210490201031
210490201011
210490204003
210490204002
211110121031
211110121065
210590001001
210490201013
210490203001
210490201032
210490202021
210490201012
210490205001
211999310002
210590017013
211999305011
211999306004
211999308001
211999311012
210719203004
210719208001
210719202001
210719204002
210719210006
210719210003
210719210005
210719210001
211999309002
211999303004
211999311023
211110088001
211110087001
211110122025
211110043012
211110126031
211110116014
211110093001
211110093002
211110116012
211110126045
211110091061
211110111144
211110114031
211110115142
210670037041
210670041051
210670041042
210670042101
210670042043
210719204004
210719206001
210719201004
210719204005
210719203001
210719206002
210719204003
210719207002
210719208004
210719207001
210719202002
211719304002
212179204001
211719303002
211719302003
211719301002
211719302002
211719304001
211719302001
210879302003
212179204005
210879301002
211619601001
211619605001
212270111002
210559303001
210150703092
210150704023
210150705031
212270117002
212270119002
212270116002
212270115002
212270116005
212270113001
212270109004
212270115001
212270116001
212270110012
212270116004
212270118002
212270118004
212270102002
212270117003
212270112002
212270119001
212270115003
210819202002
211259710022
211819602002
211819601001
210290202011
210290202012
211199604001
211199605003
212270112001
212270117001
212270117004
212270118003
212270118005
212270101001
212270116003
212270117005
210819202003
210819202004
211799304002
211799307002
211959308001
211779605003
211739202005
211850306021
211739203024
211739203012
211739203023
211739203022
211450303001
211450304001
211450302001
211219306014
211219306012
211219306022
211219306015
211219306021
210590001002
211959303004
210590016023
210590017032
210590015011
210590016022
210590002003
210590018002
210590018003
210590003002
211959302001
211959302004
211959303003
211959304003
211110074001
211110119011
211110119051
211110041001
211110071005
211110094002
211110038004
211110044005
211110127021
