221090012021
221090012023
221030413003
221030407011
221030411011
220710017203
220950701001
220950705002
220950705001
220710137004
220710137001
220710017201
220710017202
221090002012
220710017204
220710017223
220710017225
221090002013
221090002021
221090002022
221090002023
220710033022
220710017232
220710033013
220710033021
220710033033
220710033023
220710033031
220710033032
220710033041
220710033042
220710138002
220710033072
220710017252
220710033083
220710017241
220710017242
221210204012
220710017251
221090001023
220710017253
220710017441
220710017234
220930401001
221090001011
221090006006
221090015001
221090013004
221090010001
221090013003
221090012012
221090013001
221090012011
221090006002
221090003001
221090014001
221090017001
221090017003
221090009002
221090005003
221090004022
221090009001
221090009003
220710017352
221090008002
221090008005
220990205022
220710017484
220710017351
220930404003
220710017361
220930402001
220930402004
220930403002
220930404001
220710017392
220930405002
221090001012
221259518002
221259517011
221259517021
221259518003
221259517012
220930406001
220930407001
220930407002
221090001021
221090001022
221090002011
221090003002
221090003003
221090003004
221090004021
221090004023
221090011002
220710017362
220710017373
220710017371
220710017391
221090005004
221090004012
221090004011
221090004014
221090005001
221090005002
220710018002
220710017402
220710017411
220710017491
220710019002
220710023005
221090014003
220710006053
220710006061
220710020002
221090015002
221090016001
221090017002
220710021001
220710021002
220710022001
220710023001
220710023003
220710023004
220710024011
220710024012
220710025012
220710024021
220710024022
220710024023
220710025013
221090008004
221090005005
221090006001
221090006003
221090006004
221090006005
221090007001
221090007002
221090007003
221090008001
220710025031
221090009005
220710006062
220710006063
220710006072
220710006073
221090010002
221090010003
221090011001
220710006111
220710006112
220710006121
220710006131
220710025014
220710025021
220710025024
220710025033
220710025041
220710025042
220710025043
220710026001
220710026002
220710030001
220710027003
220710028001
220710028002
220710029003
220710029002
220710030002
220710031001
220710031002
220710033011
220930402002
220930407003
220930402003
220930404002
220710007021
220710006132
220710006133
221210202002
220710006182
220710007012
220710009012
220710007023
220710007024
220710009011
220710009033
220710009013
220710009022
220710009023
220710009024
220710009032
220710009034
220710013013
221210204011
220710009042
220710012002
220710013014
220710013021
220710013022
220710014022
220710014011
220710014013
220710014014
220710014023
220119602002
220119606002
220119606001
220119603004
220119601001
220710015002
220119607003
220119602003
220119602001
220710014024
220710015001
220710017021
220710017011
220710017012
220710017013
221179506003
220710017022
220710017023
220710017024
220550019041
220550019011
221179505001
221179502004
221179502001
221179502002
221179503002
221179505002
221179508003
221179503001
221179506001
221179510002
221179507003
221179504002
221179504001
221159508001
221010411002
221010403002
221010409002
220570217002
221159505002
221059541011
221059542002
221059543001
221059543002
221059543003
221059543004
221059544003
221059544001
220710017227
220710014016
220710011003
221059545021
221159506002
220190020001
220190016004
220190003002
220690005004
220690007001
220690006004
220199801001
220510256001
220510260003
220510263001
220510279023
220930405001
221210202001
221210201001
221210201004
221210203002
220510275022
220510245001
220510251032
220510251042
220510252012
220510255002
220510282002
220510205122
220510281002
220510281001
220750501001
220039502004
220850007003
220850001002
220850007001
220510247002
220510239032
220510275012
220090305001
220090303002
220710033086
220510271001
220510240022
220510230031
220550014051
220550014052
220710120002
220550014053
220550014054
220550014061
220550014062
220550014044
220279505003
220839703002
221139508001
220659602001
220659603001
220659601001
220659603002
220510278041
220530004005
220530002002
220530004001
220530004004
220530001001
220530001002
220530004003
220530001003
220530003003
220530006004
220530003001
220530002001
220530003004
220530002003
220530007001
221159503003
221159504003
221159509003
221159501006
221159501004
221159501005
220530004002
220530005001
220530005002
220530005004
220530006002
220530006001
220710033085
220710040001
220530006003
221159505004
221159501003
221159505005
221159501002
221159508005
221159502004
220510212002
221179504003
221179505003
220070505001
220070506001
220550006032
220510228002
220510205151
220510236002
220510278112
220510205022
220510277033
220510261002
220070504003
220510272002
220510249002
220710131004
220710140004
220710017492
220070504002
220510205082
220510205153
220510205152
220510205173
220330043021
220510205171
220510205111
220510205112
220510205113
220510205121
220510205131
220510240012
220510240013
220510240021
220510241001
220330037021
220510243001
220510243002
220510244003
220330007022
220330007023
220330051003
220330009002
220330009004
220330009005
220510269001
220510269002
220510270002
220510270003
220510271002
220510272003
220510272005
220450310001
220619601002
220070503003
220510282001
220619603004
220619604002
220619601003
220619607001
220619606002
220619603005
220619601001
220619605003
220619603001
220619607003
220619605002
220570216013
220619602002
220619602003
220619603003
220619605001
220619606004
220619609001
220570202022
220570204003
220170215001
220170226003
220890632001
220890623023
220890629001
220890631001
220890601001
220890632004
220619609002
220890625003
220619609003
220619610001
220619610004
220619610003
220170241062
220170242011
220179800001
220570207031
220570207043
220570210001
220570216011
220570209002
220570212002
220570211001
220570219012
220570213002
220570219022
220690007003
220690007005
220570216014
220170239051
220170241071
220319502001
220190020004
220550014102
220550019012
220550019013
220550019014
220550019021
220550019022
220550019023
220550019031
220710103004
220510270004
220690002003
220930406002
220930403001
220550019033
220550019042
220550019051
220550019052
220550019053
220550020011
221139900000
220690002001
221030402011
221030413002
221030402021
221030412044
221030401026
221030411025
221030403032
221030406011
221030412022
221030411031
221030408032
221030412092
221030412072
221030407051
221030412042
221030406051
221030404001
221030403053
221030403033
220170249001
220170232001
220170229004
220510278122
220510279012
221230001004
221139510013
221139511001
220530007003
220530007002
220530003002
220550014071
220550014072
220550014111
220550014092
220550014093
220550014094
220550017005
220550017001
220550018021
220550018023
220550017004
220550018012
220510251041
220510268002
220510276022
220510278091
220510201012
220510277011
220510277012
220510277014
220510277031
220510277032
220510280003
220510280002
220510278031
220510278032
220510201021
220510201023
220510202012
220510202021
220170206001
220170205002
220170228001
220570206001
220630404012
220630403032
220630403031
220630408052
220630403014
220630403033
220630403042
220630408042
220630408043
220630407003
221030406041
220170213002
220570201003
220890623011
220890623021
220170253002
220890623022
220890624002
220890625001
220890625002
220890625004
220579900000
220890627003
220170239042
220170237002
220319502003
220319505002
220319505003
220790124002
220330009003
221159507032
221159507021
220330017002
220319506002
220330039061
220330023003
220710022003
220710033024
220710033071
220710135004
220710056042
220710126002
220170246011
220170244003
220990206003
220990203021
220990206001
220659604002
220190006001
220190026002
220190024004
220190014003
220190007004
220190009001
220190005004
220190020002
220190036002
220190035001
220190036001
220190001001
220170234004
220170234006
220190009003
220450303011
220450305001
220050310001
220050310003
220170214002
220170224003
220170225002
220170225003
220170225001
220170226002
220170226001
220170227001
220170228002
220170228004
220170229001
220170229002
220170230001
220170230002
220170230003
220570204002
220570205001
220570220002
220570202021
220170231002
220170232002
220170233001
220170234001
220170234002
220170235004
220190008001
220190008002
220190008003
220190009002
220190010001
220190010002
220190012011
220190010003
220190011001
220190011002
220190012012
220190012013
220570219023
220510242011
220570216012
220570207041
220570207021
220570214003
220570211002
220570208002
220570201002
220570210003
220570212001
220570208003
220570210002
220570207042
220570211004
220570216022
220570209001
220570214001
220570219021
220170237001
220170237004
220170237005
220170243013
220170246012
220170246023
220170241045
220890631004
220510224001
220510224002
220510226003
220170236003
220170237003
220170238001
220570213001
220570214002
220510244001
220510246001
220510225002
220510276021
220170212004
220170238005
220170228003
220170233003
220170251001
220170249002
220170221007
220170242031
220170245043
220510276011
220510271003
220570205002
221059540011
220690008005
220690008001
220690003001
220570204001
220190013004
220190013002
220190013003
220190013001
220190014001
220190014002
220190014007
220890627001
220890628001
220890628002
220890628003
220290004005
220290004004
220290004003
220570218002
221030401031
221030402022
221030401032
221030401033
221030401041
220890629002
220890630001
220890631002
220890631003
220450304005
220170251003
220890632003
220170252002
220170214001
220170229003
220990204001
220990201001
220990201004
220990203011
220990203012
220990203022
220990205011
220990203023
220990210002
220990210001
220170254052
220990204004
220170246021
220450304004
220450311002
220450312002
220450308002
220510278121
220510278074
220330039071
220190001002
220190004002
220190005003
220190006002
220190006003
220190006004
220190006005
220190006006
220190007002
220570215001
220170233002
220170235001
220170241091
220170242021
220170243011
220170244002
220170245041
220170210002
220170205001
220170207001
220170207002
220170252001
220170210001
220170213003
220170211002
220170212001
220170212002
220170212003
220170213001
221119603001
220570205004
220570207033
220570207032
220570212003
220570218003
220050304011
220510205162
220510205163
220190014004
220170243014
220170243031
220170243032
220170243033
220170243034
221119606001
221119606002
221119601002
221119603003
221119605001
221119602004
221119604001
221119602003
221119601001
221119603002
221119602002
221119601003
221119605002
220790132002
221119604002
221119602001
221119601004
220790106002
220790133004
220790137003
220790133001
220790105005
220790101002
220790132004
220790137001
220790103002
220170216002
220170241072
220170223002
220550007002
220550008001
220550009001
220550009002
220330040113
220330040092
220510267001
220510268001
220510278093
220550022002
220550005002
220550005003
220550005004
220170215002
220570218001
220170216003
220170216001
220170217001
220170217002
220170218001
220510278064
220510278075
220550006041
220819601002
220550006042
220550006022
220550006023
220550006024
220550006025
220550007001
220819603002
220570219011
220170241073
220170241082
220170241083
220170241084
220170241085
220170221006
220170222001
220170222002
220170222003
220170222004
220170223001
220170223003
220170224001
220499702001
220170254051
220170246013
221159507031
220170224002
220190016002
220330051002
220330038021
220330038022
220330038023
220710140003
220330039072
220330039073
220330039081
220330053002
220330039082
220330039083
220330040051
220319507003
220319501001
220330040052
220330040061
220319505001
220319503001
220330053001
220330016001
220330016002
220330016003
220330016004
220330051001
220330046031
220330017003
220330017004
220330017001
220330018002
220330019001
221179501011
221179510003
220330019002
220330019003
220330020001
220330020002
220330052001
220330022002
220330023001
220330023002
220330037023
220330037031
220330037032
220330037033
220330037034
220330037022
220330024002
220330025001
220330025002
220330025003
220330025004
220330026011
220330037035
220330038011
220330038013
220330026012
220330026021
220330026022
220330026023
220330027001
220330027002
220330052002
221030410043
220330044013
220330036044
220330045051
220330044011
220330018001
220330042033
220330034004
220330009001
220330047001
220330044035
220330035012
220330030002
220330030001
220330032022
220330031012
220330024001
220330006021
220330044032
220330050002
220330044033
220330047002
220330011021
220330043012
220330044012
220330039041
220330040054
220330031011
220330031013
220330031014
220330032011
220330035064
220330035065
220330035073
220710006041
220710006042
220710006043
220330040161
220330042032
220330043011
220330044022
220330002001
220330002004
220330002006
220730009001
220730109004
220170247001
220170247002
220170250001
220170250002
220170250003
220170239032
220170239033
220170240003
220170243042
220170244001
220170246022
220170246024
220170246025
221179503003
221059540012
221059540022
221179501012
221179509001
221179501021
221139501001
221139505002
221139509021
221139508005
220399501002
220190022012
220190022032
220190022042
220190022043
220679505004
220510269003
220510201022
220510217004
220510230011
220510248003
220330039042
220330001001
221139504003
220330003001
220330005003
220690004002
220190018011
220679508004
221010408001
221010405001
221010404003
221010402002
221010409001
221010403003
221010407003
221010405002
220430201002
220430204014
220430202001
220430204012
220430202002
220430204013
220430204021
220430201001
220430204011
220430203001
220430204015
220239702013
220570211005
220570215002
220570215003
220570215004
220690002002
220690005002
220690004004
221059535002
221059539002
221059539004
220690006003
221090009004
221010401002
220190026001
220190026004
220190027004
220190028003
220190028004
220190028001
220710006031
220710017301
220710017462
220710017461
220399503004
220399501001
220399503003
220399502002
220399501004
220399508002
220399504002
220399503005
220399508001
220399501003
220399505001
220399504001
220399503001
220399508003
220399507001
220399504003
220450303012
220419501001
220550020012
220550020013
220550020021
220550020022
220550020023
220550021011
220710006172
220710017254
220550021012
220550021013
220550021022
220550021032
220550021033
220550016001
220870307001
220870301052
220950709002
220950702003
220870301031
220870305003
220870302083
220870302032
220870301042
220870302094
220870301041
220419506001
220419502002
220419501002
220419503002
220419505002
220419502003
220419504001
220419501003
221010416001
220950707003
220419503001
220419504003
220730011003
221059534003
220419503004
220419503005
220419505001
220419506002
221010416003
221059539001
220139702002
220139702001
221010408002
221019900000
220550014011
220550014012
220550014013
220550014022
220550014023
220550014031
220550014021
220750502003
220750502004
220750502005
220750503001
220750503003
220750504002
220750505002
220750506001
220150111103
220750507002
220750507003
220750508002
220750507004
220730109002
220990202002
220990202001
220990204003
220990208001
220550014032
220550014041
220730109003
220730014002
220730052031
220730105022
220730106033
220730102021
220730102023
220730104003
220479527002
221059536001
220730052012
220730103022
220730051002
220730054002
220730105021
220730104006
220730104005
220730006001
220730105045
220730059002
220730103011
220730104002
220730104004
220730105042
220730106042
220730001002
220730001003
220730001004
220950704001
220950703001
220950706002
220950703002
220950703003
220950707002
220950707004
220950708002
220730106041
220950709001
220730109001
220730011002
220570217003
220730001005
220730002003
220730103021
220730052041
220730002004
220730101013
220730105041
220730106034
220510279022
220510220012
220510250023
220690003003
220170236002
220170240004
220730002002
220730053011
220950704002
220950710001
220950710002
220950711002
220950711003
220950711004
220730011001
220730002005
220570218004
220730052032
220779521002
220779524001
220779524003
220730001001
220510278043
220510278051
220510278062
220510278063
220510278071
220479531013
221190316002
221190319003
221190317002
220510278073
220510278072
220510278092
220510278094
220510278103
220510278111
220510252022
220990205021
220990205013
221030406042
220479527001
220479526001
220479527003
220990205012
220790132003
220990209001
220510278052
220510278061
220510205084
220510201011
221159504002
221159504004
221159503001
221159502003
221159508003
221159508002
221159502001
221159509004
221159506003
221159501001
221190312003
220550021034
221190314003
220450301001
220450304001
220790115001
220790134002
220790105003
220790127001
220790107002
220790136003
220790104002
220790113002
220790138003
220790135001
221059537003
221059546001
221059535001
221059539003
221059540021
221059546004
221059537004
221059545024
221059541022
221059535003
221059532002
221059537002
221059546005
221059537001
221059546003
221059541012
221059534002
221059535005
221059532001
221059533001
221059534001
221059541023
221059544004
220510243003
220510259003
220510280001
220510246002
220690008003
220690001001
220690001002
220690001003
220039501002
220850003001
220039504004
220850007002
220850006004
220850004003
221139509011
220690008004
220279502003
220279501003
221190315005
220319503002
220679503001
220679506004
220679502002
221190318003
221190313005
220730105044
220730053012
220730058002
220730015002
220730052042
221139502005
221139511002
221139509012
221139510024
221139509023
221139509022
220150112005
220319502005
220319506001
220319504003
220319504002
220319506003
220730102022
220679508003
220150108062
220150111102
220150110011
220150104002
220150107011
220150107013
220150107014
220150107021
220150107022
220150107023
220150108011
220150104001
220150105001
220150105002
220150111071
220150107012
220150111051
220150110021
220150111053
220150111061
220730053024
220279504003
220150108051
220150108052
220150111063
220150111062
220150108043
220150112002
220150108061
220150111031
220150112001
220150112006
220150108063
220150108064
220150108041
220330039043
220330039074
220630406002
220150105003
220150105004
220150106012
220730053023
220450309004
220450304003
220250002002
220250003001
220450307003
220330047003
220659603003
220730055001
220730111003
220730058001
220039501001
220039501003
220039505004
220039505003
221010403001
221010410003
220730059001
220730101011
220730101012
220379515011
220039503003
220039502003
220039503001
220039505001
220039504002
221159505003
220730101022
220730101023
220730101024
220730102012
220790127002
220039504001
220039504003
220039505002
220730102011
220730103012
220979605001
220979604002
220979601003
220790125002
220790126001
220790125001
220330039062
220330010002
220330010003
220330035053
220330035054
220330035061
220150111065
220790130002
220779522002
220779520002
220090304004
220090306002
220090306003
220190024001
220190024002
220190024003
220190024005
220190024006
220190025002
220710050001
220710145001
220399503002
220399504004
220399507004
220839703003
220839705004
220839701003
220839703001
220839706001
220839705001
220839701001
220839701002
220839702001
220839705002
220839702002
220839704001
220839706002
220839706003
220839705003
220839704002
220659605001
220659604001
220659602002
220710006171
220990206004
220779522003
221139510011
221139510022
221139510023
221139510012
220659601002
220710006011
220710017502
220710011001
220710016001
220679508002
220710023002
220710017463
220710006151
220710006181
220170220002
220170219001
220170220001
220170218002
220690005001
220690005003
220170235003
220950706001
220950707001
220039503002
220690006002
220690007002
220690009001
220870306021
220870306022
220870306031
220870307002
220870307003
220870308001
220870308003
220870308004
220870302043
220430203002
220790125003
220790128001
220790137002
220710006162
220710017511
220710017341
220710017443
220719900000
220710028003
220710017243
220710143001
220730005002
220950702001
220950708001
220950702002
220779519002
220779519004
220779521003
220779519001
220779523001
220779520001
220779521001
220779519003
220779524002
220779522001
221030405022
221030405023
221030406021
221030407062
221030407081
220990202004
220990208002
220990204002
220990202003
220990206002
220990209002
220990201002
220279503003
220730017001
220730017002
220730017003
220730051001
221030408021
221030408031
220279504001
220279502002
220279505002
220279505001
220279502001
220279504004
220279501002
220279503002
220279503001
220679504002
221030408033
220679502004
220679507002
220679503002
220679506001
220679502003
220679504001
220679506002
220679501002
220679507001
220679505002
220679504003
220679501001
220679506003
220730004021
220730005001
220730014003
220730015001
220730054001
220730105046
220679505001
220510267002
220510263002
221030409003
221030403034
220679505003
220730006003
220730006004
220730007001
220730007002
221030410022
221030410021
221030410031
221030401021
221030407012
221030410034
221030410042
221030410041
221030411022
221030412101
221030407101
221119605003
220790133002
220330039102
220330038024
220330011043
220330045084
220330038025
220330039094
220330039093
220330040101
220379515024
220379515022
220379513003
220379514003
220379514002
220379516002
220330039101
220330045092
220790115005
220790117002
220790117003
220290005001
220290004001
220290002005
220290001002
220290005003
220290003001
220290002003
220290005002
220290001001
220510220013
220330045091
220510215002
220510205161
220330045093
220790122001
220790122002
220790122003
220790123021
220790123011
220790123022
220330040143
220330028021
220790139002
220790120001
220790120002
220790121001
220790121002
220330038015
220330028012
220330040131
220790116001
220790116002
220790116003
220790117001
220330039064
220330011042
220330038014
220330040142
220870304002
220890622001
220730101021
220739800001
220730111002
220890621002
220890623012
220890627002
220630402012
220630403013
220630402021
220630403011
220630405001
220630408062
220630406003
220630406004
220630406005
220630407002
220630402011
220630404022
220630404011
220630404023
220630408051
220630403041
220630402022
220630409022
220630409024
220890621001
220890623013
220630403012
220139701003
220139704001
221030412122
221159505006
220050301012
220050301032
220050302031
220050302032
220790110003
220790139003
221030412102
221179502003
221030412093
220790113001
220790106001
220790107001
220790132001
220790136002
220790136001
220790135005
220790115002
220790103003
220790105004
220790101004
220790135004
220790104001
220139701004
220139703001
220430202003
220430201003
220430204022
220619608001
220330042043
220330034002
221030405021
221030413001
221030406022
220150111101
220150111091
220150111092
220150106014
220150111093
220150109001
220150111064
220150110012
220150111034
220150111081
220150111084
220150111033
220150109002
220150110023
220150110022
221159507043
221159507042
221030407042
220330035072
220330036012
221030406023
221030403041
221030403042
221030413004
221030401022
221030407041
221030401024
220510218033
220510225003
220510210002
220510250011
220510265002
220330048003
220330002002
220330035071
220510230022
220510230023
220510218031
220510218032
220510262001
220510227003
220510207001
220290002002
220510202032
220510220022
221030406053
221030402013
221030403052
221030403031
221030403043
221030412041
221030412121
221030412081
221030411032
221030408011
221030405011
220870301033
220870302041
220330053003
221030412021
221030412082
221030401042
221030412112
221030401025
221030402012
221030411041
221030402023
220870302045
221039900000
221030412071
221030407082
220870301051
220979608003
220330046023
220330040053
220330028011
220879900000
220690009003
220190032001
220190036003
220510266002
220190017002
221030408012
221030406052
220399507002
220399502001
220979618003
220979617003
220979603001
220979602003
220979604001
220190004001
220979616002
220979607001
220979618001
220979618004
220979608001
220979612002
220690003004
220190017003
220190018015
220190019041
220190022013
220190023001
220190019033
220190022011
220190027003
220550008002
220550006021
220550016002
220550021043
220730052033
220190034001
220190035003
220330002005
220330040062
220330040063
220979616004
220979615004
220979617004
220730104001
220730004011
220730106031
220730052011
220730103023
220730105031
220730111001
220730110001
221259518004
221259518001
220750501002
220350002001
220050302062
221030409001
221030407063
221030411012
221030412043
221030411024
221030407052
220870306011
220750507001
220750502001
220759900000
220750503002
220150106013
220150111054
220150111072
220150112004
221230003002
220950701002
220950703004
220950705003
220950711001
221119604003
220479529002
220139705004
221030407013
220379515025
220379513001
220550014043
220170216004
220170225004
220170249003
220170235002
220170211003
220170254061
220710017471
220710017472
220710017481
220710017401
220710017501
220710045003
220710037012
220710133012
220710037011
220710134003
220710007014
220710009041
220710071012
220710006152
220710065001
220710041002
220710077001
220090306004
220150108012
220710006163
220710140001
220710011002
220710014015
220710033082
220710017372
220710138003
220710137003
220319501003
220319507002
220050301031
220050301011
220050302052
220050305001
220150110013
220150111083
220710143002
220710133021
220710122001
220710017403
220710017452
220150113001
220150113002
220150111052
220150111082
220150112003
220710069001
220710071011
220710075014
220150108042
220150108044
220150111032
220150106011
220150106021
220150106022
220890621003
220890624001
220890632002
221230001002
221230002002
221230001003
221230001001
221230001005
221230002001
221230002003
221230003003
221230003001
220450301005
220450308003
220679502001
221139508006
220459900000
221059544002
220790124001
221059542001
221010402001
220630406006
220630408023
220039502001
220239701002
220239900000
221070002002
221139504004
221139504005
221139506002
221139507002
221139507004
221139508002
221139508004
221010404004
221010402004
221010402003
221010404001
221010405003
220450303021
220450308001
220450301002
220550021021
221010404005
220790124003
220790126002
221010406001
221010406003
221010407001
221010407002
220630405003
220479527004
221159507012
220710045002
220710045001
220710046002
220710046003
220710135001
220710049001
220710049002
220710049003
220550010023
220550010031
220550010032
220550010033
220550011001
220550011003
220550012001
220550012002
220550012003
220550012004
220550013002
220550013003
220550013004
220710040002
220710041001
220710135002
220710044011
220710044022
220550010012
220550019032
220550014091
220550005001
220550015001
220550020024
220550010021
220550014042
220550021041
220550013001
220550021042
220550021031
220090304002
220870308002
221139508003
220399506003
221010411001
221010412001
221010413001
221010414001
220330004003
220090304003
220090305005
220090303001
220090308001
220090302001
220090305003
220090307002
220090305002
220090304006
220090304005
220710006071
221030407103
220330040111
221030407102
221030410023
220330040152
221010414003
221010415001
221010414002
220870301053
220870301032
220870301034
220870302031
220870302033
220330042031
220330042041
220330042042
221030409002
220330042051
220630407001
220330042052
220330043022
220330043023
220330045033
220330045034
220330045042
220330045043
220330045053
220330045052
220330045071
220330045072
220450316001
220450316002
220330046022
221030407043
221030407053
220330046041
220510205141
220510205143
220510206001
220510206003
220510206004
220510210001
220510247001
220510248001
220510248002
220510249001
220510250012
220510276013
220510276014
220510276023
221059536002
221059538001
221059538003
220330049003
220330049004
220330050001
220330050003
220330002003
220330037012
220710017233
220710136001
220710044013
220710142002
220710056012
220710033081
220710076062
220710091003
220710006052
220710017224
220710007011
220710140002
220710126003
220710033012
220710107001
220710036001
220710144003
220710017482
220710027001
220710009021
220710132003
220710127004
220710024024
220710018001
220710056011
220710014021
220710100001
220710075012
220710017221
220710025022
220710056041
220450303022
220710130001
220239702011
220239701005
220330040093
220330040091
220330040102
220050303001
220050309002
220419502001
220419504002
220710128002
220710129001
220710001001
220710001002
220710001003
220710004001
220710002002
220710003001
220710003002
220330042013
220710004002
220710006022
220710006032
220330042011
220330042012
220710108001
220330042014
220330042015
220330042016
221030407092
220710123001
220710009014
220710020001
220710099003
220710136002
220710006021
220710029001
220710138001
220710037024
220710135003
220710094002
220710056021
220710078001
220710083002
220710103003
220710115002
220710121022
220330044031
220330044034
221030407064
220330045032
220710127001
220710141001
220710056043
220710142003
220710115001
220710025011
220710092003
220710128003
220330045073
220330045082
220330045083
220710037025
220330046021
220710036002
220710096002
220710008002
220710007013
220710082002
220710025023
220710048001
220450304002
220450305002
220450305003
220450306002
220450306004
220450307001
220450307002
220450307004
220450309001
220450309002
220450310002
220450310003
220450310004
220790130001
220790135002
220790133005
220450313003
220710131002
221030410033
220790105001
220330048001
220330048002
220330049001
220330049002
221030411042
220790129001
220790129002
220790131001
220790131002
220790133003
220450306001
220450306003
220450309003
221159507041
220450311003
220450311001
220450312001
220790106003
220790101001
220790103001
220790134001
220790115003
220790101005
220790135003
220790103004
220790107003
220790105002
220479532003
220479532001
220479526002
220710064003
220710137002
220710037023
220710094003
220710025044
220710009031
220710007022
220710084001
220710035002
220710017222
220710055001
220710111002
220710019003
220710102004
220710008001
220710013012
220710017483
220790110001
220790110002
220550014101
220790139001
220479529001
220479530002
220479530003
220479531011
220479531012
220710044012
220710019001
220710130003
220710064004
220710020003
220710022002
220710108002
220710085001
220710100002
220710075021
220710006161
220710008003
220710128001
220710114002
220710014012
220710025032
220710027002
220710049004
220710090003
220330043013
220790138001
220790138002
220330045031
220330031015
220330047004
220330042053
220330045101
220330035011
220330022001
220330036045
220510230033
220550014103
220710044021
220710002001
220710006023
220710017231
220550018011
220550008003
221210201002
221210203001
220550002001
220550022001
220550006031
221179501022
220730108002
220550010022
220550022003
220550011002
220550006044
220550006043
220550014112
220550011004
220550019043
220559800001
220599702004
220599702005
220599702003
220599703005
220979611001
220979611002
220979611003
220979616001
220979616003
220979617001
220979617005
220979619002
220510211003
220510222003
220510279021
220510205083
220510223031
220510203023
220510272001
220510250033
220510278101
221010410001
220730107001
221010406002
221010401001
221010412002
221010404002
220599701001
221179507002
221179508002
221179508001
220599703002
220599702002
220599702006
220599701003
220599702001
220599703004
220599703001
220979606002
220519901000
220979612001
220979605002
220979607002
220979603004
220979618002
220979619001
220979606003
220979602002
220979602001
220979602004
220979614003
220450305004
220979612003
220979613001
220979613002
220979613003
220979614001
220979614002
220450316003
220450303023
220450302001
220450313002
220450313001
220450302003
220750505003
220819601004
220819601005
220819601001
220819603001
220510225001
220510244002
220510266001
220979607003
220730002001
220750502002
220979619003
220979607004
220979617002
221179510001
220510202033
220510270001
220510202031
220510205133
220510202034
220510217002
220510231002
220510250022
220750505001
220819603003
220819601003
220510222002
220510235001
220510278113
220510213002
220510272004
220510205063
220510252023
220510205134
220979601001
220979601002
220979603002
220979603003
220979606001
220979606004
220870305001
220870305002
220870306012
220499704002
220979608002
220979609001
220979609002
220979609003
220979609004
220979610001
220979610002
220510204002
220510239023
221210201003
220979614004
220979614005
220979615001
220979615003
220979615002
220050310002
220730014001
221030408022
221030410032
220710035001
220710035003
220710036003
221090007004
220290002004
221090014002
221159507022
220710033084
220710034001
220710034002
220599703003
220290001003
220290002001
220510228001
220730105043
221030406043
221030407091
220710037021
220710037026
220710038001
220710038002
220710039002
221190318002
220499701001
220499701002
220499702004
220499705001
220499704001
220499702003
220499702002
220499705002
220499703001
220630408063
220730110003
221059535004
220710017431
220710017432
220710017442
220710017451
220730052043
220730053013
220730053021
220730053022
220730110002
220730106032
220050302033
220050302041
220050302042
220050302043
220050302051
220050302053
220050302061
220630401002
220630409021
220630405004
220630401004
220630408061
220630401001
220630401003
220630408022
220630409011
220630408021
220630409012
220630409013
220630402013
220630404021
220499704003
220630408041
220630409023
220630405002
220499701003
220499703002
221059536003
220190013005
221059547001
221059548001
221059533003
221059534004
221059538002
221059541013
221059546002
221059548002
220190033003
220050302063
220050303003
220050303002
220050304012
220050304013
220190029001
220190030001
220190030002
220190031013
220190031021
220050304014
220050304021
220050304022
220050304023
220190031022
220399506001
220050305002
220050305003
220399505002
220399505003
220399505004
221190314002
221190321001
221190320004
221190321002
221190315001
221190321004
221190312002
221279601001
221279602005
221279601004
220630406001
221030412091
221030412111
220050306002
220050306003
220050309003
221190316001
221190315002
221190312001
221190314001
221190313001
221190311001
220050301021
220050309001
220050304024
220050301022
220190033001
220190034002
220190035004
220190009004
220190019032
220399506004
220399506002
220399507003
220679508001
220519900000
220550017002
220090305006
220090305004
220090306001
220090307001
220090308002
220090302002
220350001001
220350002002
220350003003
220350001002
220350003002
220350003001
220350001003
221190313002
221190313003
221190315003
220090309002
220090304001
220710124002
220710125001
220710125002
220710126001
220710127002
220710127003
220710129002
220710130002
220710131001
220710132001
220710132002
220710132004
220710133011
220710133013
221010410002
220710133014
221279604001
221279601002
221279603004
221279602003
221279604003
221279604002
221279601003
221279602002
221279603001
221279602001
220479529003
220479530001
220479529004
220479532002
220479531021
220479532004
220710054001
221279603003
221279602004
221279603002
221190317001
221190317003
221190318001
221190319001
220190025001
220190019043
220190019031
220190014005
220190014006
220190026003
220190016001
220199800001
220190018013
220190022041
220190015001
220190018014
220190007003
221070002001
221190319004
221190319002
221190320001
221190320003
221190320002
221190321005
220710006051
220710050002
220710054002
220710056032
220710054003
220710055003
220710056013
220710056014
220710056022
221010416002
220710056023
220710056024
220710056031
220710056033
220710063003
220710134001
220710134002
220710060001
220710063001
220710063002
220710064001
220710064002
220710065002
220710070002
220710065003
220710139001
220710069002
220710069003
220710070001
220710075011
220710072001
220710072002
220710072003
220710075013
220710075015
220710075022
220710075023
220710075024
220710077002
220710075025
220710076061
220710076063
220710076041
220710076042
220710076051
220710076052
220710139002
220710141003
220710141002
220710082001
220190021002
220190017004
220710090001
220710083001
220710084002
220190012021
220190016003
220190003001
221190313004
220050306001
220710085002
220710086001
220710086002
220710142001
220710088001
220710088002
220710092002
220710090002
220710091001
220710091002
220710091004
220710092001
220710094001
220710094004
220710096001
220710096003
220710097001
220710097002
220710006012
220710099001
220710099002
220710133022
220710012001
220710012003
220710013011
220710101002
220710100003
220710100004
220710101001
220710102001
220710102002
220710102003
220710102005
220710103002
220710144001
220710109002
220710144002
220710106001
220710106002
220710107002
220710109001
220710109003
220710109004
220710111001
220710116002
220710111003
220710112001
220710112002
220190019042
220190027001
220190035002
220190005002
220710114001
220710116001
220710117001
220710117002
220710119002
220710117003
220710117004
220710119001
220710119003
220710121023
220710121011
220710121012
220710121021
220710122002
220710123002
220710123003
220710124001
220210001003
220210003002
220210002003
220210002002
220850005001
220190015002
221070001001
221070003002
220210003001
220210001002
220210002001
220210003003
220210001001
220850004001
220850006003
220690004003
220690003002
220690006001
220690009002
220690008002
220190005001
220850001003
220850005002
220850004002
220850006002
220850002001
220850002002
220850001001
220850006001
220850003002
220850004004
220190028002
220850005003
220850002003
220850005004
220619604003
220190018012
220190007001
220190008004
220190012022
221210203004
220190030003
220190011003
220190027002
221090015003
220190030004
220190029002
220190031011
220190031012
220190033002
220190006007
220290004002
221090015004
221090008003
221099900000
221090001014
221090001013
221090004013
221090013002
221090011003
221090012022
221090016002
221090017004
220619610002
220619608002
220599701002
220290003002
220619602001
220619607002
220619606003
220619604001
220619606001
220619603002
220519800001
220510279011
220510203012
220510205172
220510202011
220510203021
220510205142
220510216001
220510215001
220510242012
221210203003
221210204021
221210204022
220710017244
220710039001
220710055002
220719801001
220710037022
220710017226
220870302073
220870302034
220870302042
220870302044
220870302061
220870302062
220870302071
220870302072
220710131003
220870302081
220870302082
220870302091
220870302092
220870302093
220870303001
220870303002
220870304001
220510242022
220510205132
220510205023
220710103001
220710120001
220710143003
220510205071
220510242021
220510240023
220510241002
220510205081
220510211001
220510223021
220510223032
220510212001
220019605003
220530005003
220190002001
220190022033
220190022031
221159509002
220330010004
220330035062
220330035063
220330038041
220330038042
220330038043
220330038051
220330038052
220330042054
220330032021
220330011022
220330011031
220330011032
220330011041
220119606003
220119601003
220119605002
220119601002
220019601002
220019612003
220019608004
220019612001
220019604001
220019601004
220019603002
220019607001
220019611002
220019602003
220019604004
220019604003
220019602002
220019612002
220019601003
220019603001
220019608001
220019605002
220019602001
220019610006
220019611003
220019606002
220019601005
220019603003
220019604002
220019605001
220019606001
220019607002
220019606003
220019606004
220019606005
220019609002
220019607003
220019607004
220019608002
220019608003
220019609001
220250003002
220250001002
220450301003
220510216003
220019609003
220730004022
220730055003
220019610001
220019610002
220019610003
220019610004
220019610005
220019610007
220019611001
220019601001
220730108001
220730107002
220070503002
220330046032
220330010005
220330040162
220330038053
220330040133
221139504001
220330040144
220330040064
221139504002
220419503003
221070003001
221070001002
220139704002
220139705003
220139705001
220139703002
220139701001
220139705002
220330039092
220330044023
220330040103
220330045041
220139701002
220790115004
220119603001
220119601004
220119607001
220119607002
220170234003
220170253001
220379515023
220379516001
220379514001
220379516004
220379516003
220379515021
220379513002
220330045102
220330046042
220119604001
220119604002
220119603003
220119604003
220119605001
220119605003
220119603002
220330030003
220330039063
220330040141
220330038012
220330028022
220330045081
220330031031
220330046043
220330046045
220330046033
220330040112
220330040145
220330044021
220330046044
221139510021
221139502001
221139501004
221139502003
221139505003
221139502002
221139507001
221139502004
221139506001
221139501002
221139505001
221139501003
221139507003
220450301004
220450302004
220330030004
220250001004
220250002001
220250001003
220250001001
220510216004
220319507001
220319502002
220319504001
220319501002
220319502004
220510210003
220510211002
220510213001
220510213003
220510214001
220510214002
220510216002
220510217001
220510250013
220510250014
220510251022
220510250021
220510250031
220510251021
220510251023
220510219001
220510251033
220510251031
220510217005
220510217003
220510218011
220510218012
220510218041
220510220011
220510220021
220510221011
220510223011
220510221021
220510221022
220510222001
220510223012
220510223013
220510252011
220510227001
220510282003
220510275011
220510275021
220510276012
220510223022
220510226001
220510226002
220510227002
220330032012
220450302002
220510229003
220510227004
220510228003
220510259002
220510250032
220510278102
220570201001
220570205003
220330032013
220330032023
220330033001
220330033002
220330036013
220330036011
220330036031
220330036032
220330036041
220330036042
220330036043
220510202022
220510203011
220510229001
220510229002
220510230021
220510232002
220510230032
220510231001
220510232001
220510233001
220510234002
220510233002
220510234001
220510234003
220510235002
220510235003
220510252021
220510252024
220510254002
220510253001
220510253002
220510254001
220510205052
220510254003
220510255001
220510257001
220510257002
220510258001
220330004001
220330004002
220330005001
220330005002
220330006011
221010412003
221010413002
221010415002
220330033003
220330033004
220330033005
220330034003
220330034005
220330037011
220330037013
220330037014
220510203022
220510203024
220510203032
220510203033
220510203031
220510204001
220510205021
220510205051
220510236001
220510205061
220510205062
220510205072
220510236003
220510237001
220510237002
220510239041
220510238001
220510238002
220510239011
220510239012
220510239021
220510239022
220510239031
220510239042
220330007011
220510240011
220330006012
220330006013
220330006022
220330006023
220330006024
220330006025
220510264001
220510259001
220510260001
220510260002
220510261001
220510261003
220510278053
220090307005
220239701004
220330007012
220330007021
220510264002
220510265001
220330010001
220330034001
220330035041
220330035042
220330035043
220330035044
220330035051
220330035052
220330037015
220330039091
221159504001
221159503002
221159509001
221159507011
221159502002
221159506001
221159508004
221159505001
220570205005
220570220001
221030408024
221030408023
220930401002
220170245033
220170245031
220170245042
220690007004
221059533002
221059541021
221059540023
221059547002
221059541024
221059545022
221059545023
221059536004
221059545012
221059545011
220090307003
220339800001
220330040132
220190019011
220190019012
220190020003
220190021001
220170239012
220170239013
220170239014
220170239041
220170238003
220170238004
220170239052
220170239031
220170241093
220170242012
220170243012
220330040153
220170238002
220510206002
220550001001
220550001002
220750504001
220750506002
220750508001
220690004001
220090307004
220090301002
220090306005
220090309001
220090301001
220550015002
220550015003
220550015004
220550016003
220550017003
220279504002
220279501001
220070502001
220070501003
221190321003
221190311002
220050310004
220139703003
220139704003
220170240002
220170240001
220170241092
220170245032
220170242023
220170248001
220730006002
220730055002
220730102013
220790101003
220790123023
220550010011
220550018022
220790123013
220790123012
220799800001
220150108013
220990201003
221179506002
220710046001
220710017503
220719800001
221179507001
220239701003
220570217001
220570207022
220570216021
220570206002
220570211003
220570208001
220239702012
220479531022
220239701001
220919511002
220919512005
220919511003
220919512002
220919511001
220919512001
220919512003
220919512004
220919511004
221030411021
221030408035
221030407061
221030407065
221030404002
221030405012
221030411023
221030401023
221030403051
221030408034
221030406012
221030403044
220170221001
220170236001
220170242022
220170234005
220170221003
220170243041
220170242032
220170241081
220190017001
220330040151
220510278042
220510278044
220510277013
220510258002
220170219002
220170221002
220170221004
220170221005
220170231001
220170250004
220170239011
220170242033
220170251002
221190315004
220170223004
220170211001
220170241042
220170241022
220170254062
220170227002
220070502003
220170241021
220170241041
220170241043
220170241044
220170241061
220170241065
220170241063
220170241064
220039502002
220070501001
220070502002
220070504001
220070506003
220070501002
220070503001
220070506002
220070505002
