230190041001
230099667002
230110155001
230190030002
230190090006
230190120001
230190125001
230190130001
230110109001
230110109002
230110110002
230010107001
230010415003
230010209003
230010415002
230010203001
230010410002
230010410003
230010102002
230010440002
230190100002
230190130003
230050023001
230050023002
230259662002
230110140002
230110155002
230110170001
230110180002
230110200001
230110205002
230110210001
230110220001
230110220002
230110230012
230110230013
230110145002
230310051002
230310051003
230310052001
230310380023
230310245001
230310260002
230310290001
230310310002
230310340021
230310340023
230310360024
230310380013
230110241021
230110241024
230110242003
230099653001
230099659004
230099652001
230099900000
230099658003
230099665002
230099663003
230099666002
230099653002
230099659005
230099653005
230099661001
230099657001
230099651001
230099658001
230099654002
230099653003
230010101002
230190003003
230190009001
230190110002
230190020004
230190090005
230190090004
230190090003
230190130002
230190312002
230190020002
230190005001
230190090002
230190255001
230190002004
230190110001
230190311002
230190043003
230190050001
230190100001
230190050002
230190061001
230190062001
230310340015
230310340014
230310340011
230310340013
230190004001
230190005002
230310360023
230310360025
230310370001
230310370002
230110241011
230110241014
230190003002
230190042001
230099654003
230319901000
230310370003
230310380015
230310380022
230110241023
230110160002
230110200002
230110242002
230310052002
230310053002
230310053003
230310053004
230310054001
230310054002
230310252026
230110241022
230259662001
230310340017
230310340024
230310350003
230310350004
230190002003
230310360015
230310360011
230310360021
230310051001
230310061022
230310280011
230310302025
230310061015
230110104002
230010203003
230190300002
230239701002
230239706003
230239701001
230239702004
230239705001
230239703022
230239707002
230239703012
230239701003
230239704003
230239707001
230239702003
230239707004
230239702001
230239702002
230239703011
230110104001
230110210002
230110105002
230110105003
230079701012
230190043001
230299561002
230299561001
230099660002
230099655031
230099655032
230099655042
230099655033
230099661002
230159762001
230139711001
230139711002
230139708001
230139705001
230139706004
230139710001
230299557001
230310210001
230310225001
230310235003
230310235004
230310240002
230299551001
230179651003
230010301002
230010440001
230010465001
230010465002
230010465004
230010460002
230010102001
230010103001
230010103002
230010205003
230010206002
230010209001
230010204002
230010430001
230010415001
230010400001
230010102003
230010410001
230010101001
230010420003
230010400002
230010420002
230310240004
230310251001
230310251002
230310252011
230310252012
230310252013
230310252022
230310252023
230110108021
230110108022
230110120001
230110106003
230110106004
230110107001
230110108023
230110110005
230110140001
230050024003
230259661002
230299558004
230159757001
230159756002
230159758003
230159752003
230190062002
230190071002
230190071003
230190071004
230190080011
230190090001
230239704001
230179660002
230099651003
230099659002
230099652002
230099655041
230099663002
230099666003
230139702002
230139702003
230139703001
230139704003
230179659002
230179656003
230179654002
230179665002
230179662002
230179654001
230179658002
230179658004
230179659001
230179667002
230179664003
230179666003
230179664002
230179667001
230179659003
230179658003
230179655001
230179665001
230179668002
230179662003
230179654003
230179656002
230179669002
230179663002
230179656001
230179657001
230010204001
230010207002
230179665003
230179667003
230179669001
230179661001
230179662004
230179662001
230179663001
230179664001
230179665004
230179655002
230179658001
230179664004
230179668001
230139706001
230139706002
230139706003
230139707002
230139707003
230139708004
230010205002
230010206001
230190002001
230139709003
230099667003
230190005004
230190005005
230190005003
230190006001
230099658002
230099665001
230099666001
230110120002
230110106001
230110250004
230110250003
230179657002
230179666002
230179660001
230179651002
230179660003
230110170002
230110190001
230110200003
230259668001
230010208002
230010208004
230010208003
230010208001
230010207003
230010201001
230010106001
230110230021
230310061013
230310061014
230010108001
230010205001
230310360012
230159753002
230310061024
230310061021
230310061011
230310200004
230190063002
230190071001
230190255002
230190311003
230190009003
230310252024
230310252025
230310253001
230310253002
230310254002
230239703021
230190072002
230190215001
230190285001
230190290001
230310280022
230310280023
230310280024
230310280025
230310301001
230310301002
230310301003
230310302012
230239703023
230239705005
230239705002
230310302024
230310302032
230310302033
230310303002
230310303003
230010460003
230010460001
230010301001
230010302003
230010105001
230010450001
230010420001
230010106002
230190125002
230099659001
230099660001
230099663001
230190002002
230099664002
230050022001
230050022002
230110241012
230110250002
230110101001
230050021013
230050021014
230050021021
230050021012
230219608003
230219603012
230219603011
230219606002
230219603021
230219604001
230299563001
230299565002
230110103002
230050042005
230110106002
230110230014
230159755002
230159758002
230190063001
230190135001
230190135002
230190155001
230110242005
230190155002
230190312001
230190180001
230190313001
230190205001
230190205002
230190270001
230190290002
230190300001
230190300003
230190300004
230190150003
230190280001
230190270002
230110242001
230259656002
230110130001
230110108012
230110110004
230110106005
230110106006
230110108011
230110230023
230110108025
230110110001
230110242004
230110103001
230110145001
230110180001
230110190002
230110205001
230110150002
230110108024
230110140003
230110160003
230110120003
230110230011
230110250001
230110180003
230110140005
230110105001
230110130002
230110110003
230079701022
230050047023
230079706012
230050021022
230259669001
230259659001
230259664001
230259668005
230259660002
230259667002
230259666003
230259656001
230259657001
230259666004
230259664002
230259669002
230259657003
230139707001
230050171021
230050173032
230050037022
230050173013
230050173011
230050170011
230050047012
230050047024
230050171023
230050173031
230050173012
230050140002
230050170013
230050045024
230139703004
230139704001
230139704002
230259660003
230259658002
230259657002
230259658001
230050024002
230110150001
230110160001
230310360016
230310061012
230310061023
230310061025
230310380021
230139709001
230139702001
230139707004
230139711003
230239704002
230239707003
230310380014
230239900000
230039523003
230039521003
230139711004
230159900000
230259660004
230259660001
230259661001
230159755003
230159754002
230159752002
230159751004
230159755004
230159753004
230159756003
230159751002
230159755005
230159751003
230159756006
230159751005
230159752001
230159758001
230159753003
230159756001
230270430003
230179651001
230159756004
230159762002
230159762004
230079712003
230079714004
230079701021
230079701011
230079710002
230079712005
230079714002
230079712002
230079706011
230079713003
230079712004
230079714001
230079712001
230079713002
230079711002
230079710001
230079713001
230079714003
230079711001
230079706022
230079710003
230079710004
230159751001
230159753001
230159754001
230159754003
230159755001
230310360014
230050013003
230050173041
230050173043
230050171011
230050171012
230110130003
230110140004
230039502004
230039518001
230039513001
230039519001
230039529004
230039507004
230039529002
230039524001
230039509001
230039512001
230039511001
230039501001
230039501002
230039506002
230039504002
230039503002
230039524003
230039503005
230039512002
230039523004
230039514001
230039513004
230039511002
230039529003
230039506001
230039509002
230039503004
230039524004
230039525001
230039525002
230039525003
230039526001
230039526002
230050171022
230039501003
230039501004
230039502001
230039502002
230039502003
230139705002
230039503001
230039503003
230039504001
230039506003
230039507001
230039507002
230299564001
230299562001
230039507003
230039507005
230039510001
230039510002
230039510003
230039510004
230039511003
230039512003
230039513002
230039513003
230039514002
230039516001
230259665001
230259665002
230259665003
230259666001
230259666002
230039516002
230039517001
230039517002
230039517003
230259667001
230259667003
230259668002
230259668004
230259668003
230039517004
230039517005
230039518002
230039518003
230039518004
230039527001
230039527002
230039527003
230039529001
230259670001
230259670002
230039519002
230039520001
230039520002
230039521001
230039521002
230039523001
230039523002
230039524002
230010203004
230010204003
230010108002
230050026001
230050027001
230050027002
230050028001
230050028002
230050029001
230050029002
230050029004
230050029005
230050030001
230050030002
230050030003
230050030004
230050031001
230190265001
230050170022
230050045023
230059900000
230050013001
230139704005
230139708003
230139703005
230139703003
230139708002
230139702004
230139704004
230139703002
230139710003
230139702005
230139710002
230050024001
230050120003
230050048031
230050130001
230050140001
230050150001
230050041003
230139705003
230050115003
230050115004
230050160004
230050165003
230299553001
230299555001
230299555002
230299564002
230299565001
230299556002
230050011003
230050048021
230050048032
230050130004
230299564003
230299554001
230299559002
230299565003
230299563002
230299551003
230299556001
230299559001
230299558002
230299558001
230299551002
230299559003
230299553002
230299554002
230099664001
230099662001
230099651002
230050035003
230219606001
230219606003
230219608001
230219608002
230219607002
230219607001
230310340022
230310340012
230310302011
230219603013
230219605001
230219605002
230219608004
230050031002
230050031004
230050032001
230050032002
230050032003
230050033001
230050033002
230050034001
230050034004
230050034005
230050035001
230050035002
230050037023
230050040012
230050040021
230050042003
230050042004
230050044013
230050044014
230219609001
230050034002
230050044011
230050044021
230050045022
230050045025
230050046001
230050046002
230050040023
230050040025
230050042002
230050044015
230050048022
230050048023
230050048033
230050111003
230050111004
230050112011
230050112012
230050047022
230050112014
230050112016
230050112021
230050112022
230219604002
230310350002
230310350001
230310245004
230310320001
230310245002
230310360013
230310230002
230310280021
230310235001
230310330001
230310220001
230310303001
230310320002
230310330003
230310053001
230310290002
230050040011
230050165002
230050130002
230050042001
230050031003
230050170021
230050165001
230050015003
230050025024
230050040024
230050120001
230050111001
230050025025
230050025021
230050019001
230050019002
230050019003
230050020011
230050020012
230050020021
230050021011
230050112023
230050112024
230050112025
230050113001
230050040022
230050160005
230050045021
230050019004
230050025023
230050130003
230050002001
230050029003
230050044022
230050160001
230050037011
230050047021
230050048016
230050011002
230050041002
230050037021
230050026002
230050048011
230050048012
230050048013
230050048015
230050048014
230050003001
230050003002
230050005001
230050005002
230050006002
230050010001
230050011001
230050012001
230050012002
230050020022
230050112013
230050113002
230050115001
230050115002
230050013002
230050015001
230050015002
230050017001
230050017002
230050017003
230050017004
230050018001
230050025011
230050025012
230050018002
230050018003
230050025013
230050025014
230050025022
230050010002
230050041001
230050006001
230050027003
230050120002
230050034003
230050037012
230050111002
230050112015
230050160002
230050160003
230050170012
230050170023
230050001001
230050001002
230050001003
230050002002
230050002003
230050044023
230190062003
230310230001
230310200002
230310235002
230310220002
230310310001
230310200001
230310225002
230190061002
230310240001
230310380011
230310254001
230310200003
230310302031
230310260001
230310320003
230310235005
230310270003
230310270002
230310280012
230310210003
230310270001
230310225003
230310210002
230310245003
230310252021
230310310003
230310240003
230310360022
230310380012
230139900000
230190007001
230010202002
230010203002
230039526003
230239705004
230010202001
230219607003
230239706001
230010207001
230270450003
230270430005
230270430004
230270450001
230270430001
230270420002
230270440001
230270440002
230270470003
230270420001
230270420005
230270450006
230270430002
230270450002
230190042002
230270420004
230270460025
230110101002
230010209002
230270450005
230270460022
230270460021
230270460012
230010302002
230010420004
230010465003
230010107002
230010302001
230010430002
230010440003
230270460011
230270470002
230270470004
230050047011
230050173044
230050140003
230110155003
230270420003
230259653022
230259653021
230259668006
230270450004
230270420006
230270460023
230270440004
230270410001
230270470001
230270460024
230050021023
230050044012
230050150002
230110250005
230110241025
230110101003
230110101004
230299555003
230110102001
230110241013
230139709002
230190310001
230110102002
230110102003
230110102004
230110103003
230110103004
230050173042
230050045011
230050045012
230299900000
230190265002
230190225001
230190245002
230190270003
230190041002
230190043002
230190072001
230190071005
230199400001
230299562002
230299562003
230299563003
230299558003
230110107002
230110107003
230310330002
230310340016
230259653023
230259663002
230259653024
230259663001
230259653011
230010104001
230010104002
230010105002
230099653004
230099654001
230099667001
230099659003
230099662002
230099667004
230110230022
230310302021
230310302022
230310302023
230190311001
230190311004
230190020001
230239705003
230190006002
230190312003
230239706002
230190009002
230099657002
230099665003
230179666001
230190006003
230190140001
230190150002
230190003001
230190020003
230190030003
230190020005
230190030001
230190080012
230190100003
230190080013
230190007002
230190313003
230190245001
230190313002
230190140002
230270410002
230270440003
230190043004
230190215002
230190150001
230159756005
230159762003
230079706021
