240217668001
245102602022
245101308051
240253051004
245102606056
240317010042
240217675001
240099901000
240317008163
240317008172
240317008173
240317008183
240317008184
240317008192
240317008194
240317015091
240317015053
240317015063
240317015071
240317008193
240317009021
240317009051
240317009052
240317015073
240317016021
240317017013
240317017031
240217722001
240253028023
240253017025
240253033001
240253021002
240253053002
240253063003
240253063001
240217668002
240253041012
240253042025
240253032051
240217676001
240217516002
240317019002
240430010011
240338006062
240338006063
240054405002
240317010011
240317010013
240317010022
240317010023
240317017032
240317017033
240317017041
240317018001
240317018003
240317018004
240317019001
240054101001
240317019003
240317020002
240054025042
240054023034
240054101003
240054034022
240054070011
240054085022
240054045021
240054044023
240054501003
240054004005
240054204011
240054060002
240054022021
240054048001
240054906012
240054521002
240054302002
240054502001
240054112013
240317060081
240317035021
240317036023
240317045014
240317050002
240317057021
240317021023
240317001011
240317001042
240317010063
240317010041
240317010044
240317010052
240317020003
240317021012
240317021013
240317021021
240317021022
240317022003
240317034012
240317002062
240317011012
240317011013
240317011015
240317011024
240317012012
240317023011
240317033022
240317034011
240317036011
240317034013
240317034021
240317034031
240317034032
240317012021
240317012022
240317012051
240317035014
240317035022
240317036013
240135051023
240317036021
240317036022
240317037013
240317034033
240317037011
240317006152
240317006062
240317006071
240317006072
240317006073
240317006074
240317013031
240317013041
240317013043
240317013044
240317013061
240317032092
240317032102
240054111011
240317027004
240317027002
240317027003
240317028001
240317032023
240317032192
240317008352
240317008342
240317008103
240317008121
240317008122
240317014152
240217508031
240317014151
240317014231
240317032061
240317032062
240317032071
245100401001
240399901000
240399306002
240399306003
240317008133
240317008132
240317008131
240317008151
240317008152
240317008153
240317008161
240317015034
240317015032
240399302001
240399303003
240399301011
240399305003
240399301012
240399301013
240135020001
240135110003
240135076022
240135077022
240135075001
240135120001
240135061011
240135082002
240135142021
240135052082
240135051021
240135100001
240135078011
240135090011
240135061013
240338056012
240217735001
240037311033
240037312011
240037312013
240217756003
240098610032
240054203022
240054010001
240054070012
240338057001
240317012062
240317003062
240317003082
240317003041
240317003091
240317003101
240317012052
240317012061
240317024022
240317012063
240317012064
240317012101
240317023023
240317023021
240317024011
240317024012
240317026012
240317024023
240317025001
240317025002
240317026021
240317033014
240317029001
240317029004
240317029005
240317030001
240317030002
240317032151
240317032152
240317033011
240317033012
240317032012
240317003102
240317005003
240317006043
240317012102
240317012123
240317012132
240317012142
240317031001
240317031003
240317031004
240317032011
240054060003
240317032013
240317032014
240317032021
240317032081
240317007062
240317013062
240317013081
240317032123
240317032124
240317032143
240317032142
240054025033
240054082001
240054514022
240054401003
240054208003
240054906022
240054060004
240054111022
240054516001
240338005111
240338005112
240338005113
240338020011
240217753021
240217754005
240217735002
245101304001
240253037002
240253017022
240253042021
240217506001
240217506002
240217506003
240253031013
240253065002
240338002133
240338002131
240338074041
240338032002
240338033001
240338033002
240338033003
240378753002
240378754001
240378756004
240378757003
240379900000
240054041012
240054070022
240054306002
240054024061
240054041011
240054026032
240054083043
240054083031
240054081003
240054112021
240054113061
240054114081
240059801001
240378752021
240054008001
240317012181
240317008261
240317012103
240317012113
240317007182
240317032162
240317060111
240317060121
240378754003
240378761004
240378760021
240378755003
240378750003
240378758011
240378754002
240378759013
240378760024
240378762002
240378762004
240037080042
240378752011
240378755002
240037014002
240037080011
240037022081
240037301003
240037301002
240037311024
240039800001
240037025002
240037026013
240135052062
240135061021
240135075002
240135075003
240037405002
240037403054
240037026011
240037403041
240037515002
240037080012
240479508003
240479900000
240479512001
240479515001
240135062001
240135078022
240135078024
240135090021
240135130013
240135141002
240037401021
240037313113
240479503004
240135141003
240135142022
240135020002
240135041002
240135042022
240479508002
240135082001
240135110002
240135141001
240037312014
240037312021
240037312022
240037312023
240037312025
240037312031
240199704003
240199705001
240199705003
240199706002
240199707024
240399303001
240399301021
240399804001
240199704004
240199702001
240299503002
240054015031
240217675003
240217668003
240217501001
240217501002
240217502001
240217502002
240217503001
240217503002
240135076013
240135076021
240479509002
240479512002
240479510001
240479514003
240479510002
240135042013
240338074083
240338059081
240338066013
240338067132
240338067081
240338066023
240338074043
240338001092
240199704001
240217507011
240217508012
240217512023
240217508011
240338004112
240338026001
240338005161
240338005183
240338035272
240338012082
240135082004
240135082003
240135062004
240135010023
240135090022
240135052061
240135041001
240135061012
240135076012
240135110001
240135042014
240135090012
240135081011
240135062003
240135041003
240135042011
240135042012
240135142013
240135010021
240135142012
240135077021
240135082005
240135078023
240317006162
240358108002
240317033023
240317008154
240317022002
240317007041
240317016022
240317037024
240317048061
240317002042
240317013042
240317007172
240317005001
240135030003
240135010013
240253013021
240253016012
240338069002
240338035223
240338046002
240317010061
240317008292
240317012162
240317012135
240317008343
240317012013
240317035013
240317012161
240317012163
240317003063
240317008332
240317010051
240276023043
240276023061
240317007132
240317008171
240276030043
240276051032
240276054011
240276054012
245100909001
245101001004
245101001001
245101002001
245101002002
245101101001
245101101002
245101102001
245101102002
245101102003
245101201001
240054309001
240037026015
240399305002
240317032093
240317012141
240317010021
240317006061
240317015052
240317007112
240317041004
240317022004
240317060091
240317047002
240317060052
240317008101
240317056012
240317011011
240317005002
240317008112
240317001012
240317002052
240317006081
240317006042
240317008111
240317021011
240317007043
240317031002
240317011025
240317012111
240317002063
240317003122
240317009022
240317037021
240317056013
240317006044
240317014101
245102720053
245102720042
245102720052
245102720051
240317001032
245102720041
245102720031
245102720032
240317007173
240317018002
240317006083
240317060082
240317008102
240317012152
240317007171
240317008181
240317011021
240317033013
240317040001
240317026013
240317058003
240317012121
245102802002
245101201003
245101203001
245101203003
245101203004
245101204002
245101206001
245101206002
245101207001
245101207002
240450001003
245102720033
245102720034
245102720035
245102801011
245102801012
245102801024
245102801025
245101302003
245101207003
245101302001
245101302002
245101302004
245101306003
245101303002
245101303003
245101304002
245101306004
240358102002
245102002005
245102005001
245102005002
245102005004
245102006001
240178509042
245102802003
245102802004
245102802005
245102802006
245102803011
245102803012
245102803013
245102803021
240358106003
240358104002
240358101001
240358103001
240358104001
240358106002
240358102001
240358105001
240359901000
240358105002
240358103002
240054037022
240276054014
240276054021
240276055023
245101306001
245101307002
245101307001
245101307004
245101307005
245101308031
245101308032
245101308033
245102006002
245102707022
245102707033
245102708011
245102708012
245102708013
245102708014
245102708021
245102708022
245102803022
245102804011
245102804012
245102804013
245102804022
245102804032
245101308041
245101308042
245101308061
245101401001
245101401002
245101402004
245101403001
245101403002
245101501002
245102006003
240378757002
240054042013
240054081004
240054113031
240054514012
240054512001
245100907004
240135076023
240135077041
240135077042
240135077043
240037401042
240037313081
240317060101
240317012154
240317012122
240317028003
240317013082
240317032201
240276011033
240276012041
240276011032
240276011053
240037067001
240037406022
240037501021
240037502031
240037508014
240338057002
240338057003
240338058011
240479503002
240479511001
240135078012
240135078013
240135078021
240358108003
245102606053
240317008113
240317009012
240317010012
240276026002
240317006142
240317012211
240317012153
240317012133
240317008201
240317001033
240317007211
240317012151
240317007232
240317007222
245102611001
245102701011
245102701012
245102701021
245102701022
245102701023
245102701024
245102702001
245102702002
245102702003
245102703011
240317008232
240317008241
240317008231
245101206003
245100602001
245100806003
245101402003
245101507013
245101512004
245101601003
245101604003
245101903001
240317010062
240317010072
240317008191
245102008002
245102502055
245102504012
245100903001
245100903002
245100903003
245100904001
245100904002
245100905001
245100906001
245100906002
245100906003
245100906004
245100907001
245100908001
240150304001
245102715031
240253012024
240317003084
240317007192
240317008262
245101802001
245101802002
245101803001
245101803002
245101901001
245101901002
245101903002
245102002001
245102002002
245102002004
240150305012
240150306012
240150309062
240150307001
240150307002
240150306011
240150314001
240150302002
240150309031
240150309032
240150312012
240150301001
240150301002
240150305031
240150313012
240150309045
245102704014
240317007174
240317008162
240317007223
240317007212
245102503011
245102503031
245102504011
245102504013
245102504021
245102504023
245102504024
245102505004
245102703012
245102703013
245102703014
245102703022
245102704011
245102704012
245102704013
240338022041
245102704021
245102704022
245102704023
240317008134
240479513001
240479517003
240479501003
245102706002
240317006143
245100908002
245100908003
245100909002
245100909003
240276056022
240317007061
245102505003
245102505005
245102601011
245102601013
245102601014
245102601015
240317008221
240317012053
245102705011
245102705012
245102705013
245102705014
245102705021
245102705022
245102705023
245102706004
245102301001
245102706003
245102706006
245102706005
245102707011
245102007011
245102007012
245102007013
245102007014
245102007015
245102007021
245102008001
245102008003
245102708023
245102708024
245102708025
245102804033
245102804034
245102804035
245102804041
245102804042
245100704001
245100805001
245101511004
245101608013
245101701001
245102503033
240010017002
240358107002
240419604003
240419605011
240419900000
240419607004
240419609002
240419609003
240010016001
240010019001
240010008002
240010014021
240010014013
240010015021
245101506002
245101501003
245101502002
245101503001
245101504001
245101505001
245101505002
245101506001
245101506003
245102301002
245102101002
245102102002
245102201002
245102201003
245102201004
245102302001
245102302002
245101508002
240178515001
240178508011
240178508012
240178508013
240178509011
245102708031
245102505002
245102505001
245102605012
245102717006
245102719004
245102804021
240276055031
240276055032
240276055033
240276056011
245101506004
245101507011
245101507012
245101507023
245101508001
245101508004
245101508005
245101509001
245101509002
245101509003
245102708052
240178509052
240178509061
240178509063
245102401001
245102402001
245102402002
245102403002
245102403003
245102404002
245102708032
245102708033
245102708041
245102708042
245102708043
245102708051
245102708053
240178509041
245102708054
240178502021
240178514002
240178503001
240178501022
240338021062
240178502023
240178507091
240178507112
240178510011
240178510022
240178510023
240178510025
240450003002
240037026023
240450004001
240450004003
240450004004
240450005001
240450005002
245101509004
245101510001
245101510002
245101510004
245101510007
245101510003
245101511001
245101511002
240338035082
240338035083
240338035091
240338035092
240338035121
240217668004
240217523013
240217523012
240217525022
240217523032
240217505043
240217505035
240358109012
240358109021
245102506001
240338042003
240338043001
240338043002
240338044002
240338047002
240338047003
240338048021
240338048011
240338049001
240338049002
240338061001
240338061002
240338061003
240338062001
240338062002
240338063001
240338063002
240338064001
240135077032
240135010011
240135130023
240135130011
240135081013
240338014072
240338028042
240338036073
240338004081
240338010052
240317007131
240317007221
240317007151
240317007154
240317014081
240317014082
240317014083
240317014084
240317014091
240317014092
240317014093
240317007152
240317007153
240317014102
240317007161
240317007162
240317007163
240317014103
240317026022
240317014181
240317034041
240317034042
240317035011
240317035012
240317008321
240317014141
240317014142
240317014143
245102007022
245102603024
245102603031
245102604011
245102604012
245102604013
245102604021
245102715014
245102715015
245102716003
245102716004
245102716006
245102717001
245102717004
245102717005
245102717002
240317025004
240317028002
245102705024
245102602011
245102716001
245101903003
245101503002
245100805002
245102605011
245102609002
245102403001
245101301004
245100802001
245101401003
245102805004
245102802001
245100801011
245100801012
245100801013
245100801021
245100803022
245100802002
245100803011
245100803021
245100803023
245100803024
245101607004
245101607001
245101607002
245101607003
245101607006
245101607007
245101608021
240317026014
240276066033
240276066032
245101608011
245101608014
245101608022
245101608023
245101701002
240010005002
240054112012
240054114041
240054114075
240010021001
240010004001
240010017004
240010002003
245102604031
245102502051
245102502052
245102502053
245102604043
245100806001
245101702003
245101202025
245102604041
245102604042
245102719001
245102718011
245102718022
245102718023
245102719003
245102719005
240037013002
245102720072
245102720062
240037311021
245102720061
240037401023
240037516002
240037313082
240037313031
240037408002
240037014001
240037302033
240037013004
240037027021
240037021003
245101601004
245100201002
245101306002
245102002003
245101001003
245102608001
245102602021
245100702004
245102710021
245100602002
245102707031
245100805003
245100806002
245100901001
245100902001
245100901002
245100901003
245100901004
240450106061
245100902002
240178513021
240450106032
240450106033
240450107022
245102606051
245101702002
245101702001
245101703001
245101703002
245101801001
245101801002
245102502054
245102502061
245102502062
245102502063
245102502071
245102502072
245102606041
245102606042
245102606043
245102606052
245102610002
245102606054
245102607001
245102609003
245102610004
240037410001
240037508042
240037405001
240037070011
240037013003
240037306032
240037080041
240037517001
240037517002
240037313064
240037023003
240037302041
240037403032
240037021001
240037013001
240037511031
240037024022
240037408001
240037309021
240037303001
240037023001
240037306012
240037064011
240037410002
240276066042
240037312032
245100203001
245101307006
240037311022
240037312012
240276066012
240276066041
240338035131
240276066071
245102711013
245100807002
245100807001
245101001002
245101003001
245102404001
240338010042
240338050003
240338024043
240338035261
240338021042
240338022012
240338005091
240338019052
240338012151
240338006052
240338010062
240338014043
240054302003
240217510032
240317059022
240317059023
240317059031
240317059032
240317059033
240317060113
240317060112
240338067103
240338068003
240338069003
240338070001
240338070002
240338070003
240338070004
240338071021
240338071022
240338072001
240338073012
240338073011
240338073041
240338073052
240217512021
240253012041
240253013011
240253013013
240217507012
240054025052
240054025061
240054025062
240054026021
240054026022
240054026031
240338013072
240338058021
240054114092
240054114102
240054201002
240054201003
240054515001
240054515002
240338058022
240338059091
240135130021
240135081021
240135042024
240338059041
240338067062
240338067112
240338067121
240338068001
240338068002
240253016015
240253016014
240253016021
240253016022
240054035001
240054035002
240054035003
240054036011
240054206003
240054208001
240054208002
240054209001
240054518021
240054518022
240054518031
240054518032
240054519001
240054914011
240054914012
240054914013
240054914021
240054914022
240054915001
240054915002
240054915003
240054916001
240054916002
240338006061
240119552012
240119553023
240253061004
240253062001
240253062002
240253062003
240253064001
240317007231
240317012112
240253017032
240253024003
240253028011
240253028012
240054036021
240054037011
240054037013
240054037021
240054209002
240054209003
240054210001
240054211011
240054211012
240054211021
240054211022
240317012183
240317012164
240317012134
240054212001
240054212002
240054519003
240054520001
240054520002
240054521001
240317012054
240317009011
240317013032
240317007133
240317014071
240317012182
240317025003
240317014221
240317015061
240317015081
240317001051
240054916003
240054917011
240054926003
240054926002
240054926001
240317015051
240317048052
240317048062
240317032133
240253031011
240253041023
240253042015
240317048033
240317045031
240317060071
240317006101
240253037001
240253011021
240253033002
240253011062
240253012023
240253012022
240253028013
240253028021
240253029012
240253028022
240054038031
240054038032
240054041022
240054042011
240054213002
240054301011
240054301012
240054301041
240054302001
240054042024
240054303001
240054523002
240054524001
240054525001
240054919001
240054919002
240054920012
240054920021
240054920022
240054920023
240054920024
240054921011
240054921012
240253014013
240253029021
240253029023
240253031014
240054042021
240054042022
240054044042
240054525002
240054303002
240054303003
240054303004
240054304001
240054304002
240054304003
240054306001
240054402001
240054901002
240054901003
240054902001
240054921014
240054921022
240054922001
240054922002
240054922003
240419602013
240338005114
240338005192
240338005193
240419602012
240419607003
240253032061
240253033003
240054044032
240054044022
240054045011
240054045012
240054045022
240054045023
240054307001
240054307002
240054307003
240054308001
240054308003
240054309003
240054401001
240054401002
240054401004
240054904001
240054902002
240054902003
240054903013
240054903021
240054903022
240430112011
240338013121
245100808001
245100802003
245101502003
245102004001
240338017041
240338022042
240338036133
240119552011
240119552022
240119553011
240119553012
240119553022
240119554001
240119552021
240119553021
240338059082
240338066022
240338073051
240338001021
240299505001
240037512001
240037504004
240479510003
245100402001
245101401004
245101202011
245102606055
245100101003
240479504001
240479515003
240479515005
240479515006
240479515004
240479515002
240479513002
240217519022
240430107002
240430102004
240430101001
240430105003
240430115001
240430113023
240430104003
240430107001
240430114001
240430006022
240430007001
240430106003
240430102001
240430105004
240430109003
240217520011
240054906011
240217530016
240054005001
240054007021
240217518022
240217517022
240378756003
240253012052
240253012051
240378757001
240378750001
240378762003
240378755001
240378750002
240378753001
240378752022
240378761001
240378751001
240378756005
240217505061
240378753003
240378758021
240378751003
240217513011
240217512033
240217505033
240119551001
240054903011
240054112014
240399305004
240399305005
240399301022
240399305001
240399302002
240419603001
240119556001
240119554002
240119555003
240119550001
240119550002
240119551003
240054906051
240037511033
240037303002
240037312041
240037311041
240317032202
240317032212
240317032203
240317014172
240317014203
240317014202
240317014201
240317037023
240317014232
240276067063
240276011082
240276011052
240276023031
240276026001
240276026003
240119555001
240119555002
240119556002
240317001013
240317001031
240317013161
240317013152
240338050002
240338013131
240338014092
240338024082
240338048022
240338059092
240338067141
240338025011
240253036032
240338051011
240338051012
240338052011
240338052012
240338052022
240338055002
240037402012
240037514003
240037514001
240479503003
240479517004
240479501002
240054085052
240054085061
240054085062
240054085072
240054086011
240054405001
240054407012
240054407013
240054408001
240054906032
240054906052
240054907011
240054024051
240054907031
240054907032
240054908001
240037403031
240037515004
240037311052
240037310042
240037311023
240037313034
240037313063
240317014174
240317014173
240317014233
240317001053
240317060051
240317060102
240037503001
240276028001
240276054013
240276030013
240276030012
240037408003
240037409001
240037409002
240037409003
240054049001
240054087043
240037401032
240037501011
240037501012
240037501013
240037501014
240338021071
240338014082
240338017012
240338059061
240338056022
240338072003
245102502042
245102718013
245102718024
240037501022
240037502011
240054521003
240054523001
240054911003
240054921013
240054001001
240054086012
240054086013
240054086014
240054086021
240054086022
240054087021
240054087022
240054087031
240054409001
245102605013
245101301001
240317009041
240317009042
240338001082
240338005071
240338013091
240338017071
240338013051
240338019071
240338001053
240338021032
240338056021
240338074081
240338036072
240338067122
240338007012
240338001022
240338001023
240338035202
240338035241
240338035191
240338036011
240338036012
240338036021
240338036022
240338036051
240338021041
240338022011
240338022031
240338022032
240338022033
240338022043
240338022044
240338023013
240338023012
240338024081
240338024041
240338024042
240338024052
240338024061
240338028051
240338028052
240338028053
240338029011
240338029012
240338029013
240430009003
240338025012
240338025021
240338025022
240338026002
240338027001
240338027002
240338027003
240338028031
240338028032
240338028041
240338028043
240338028044
240338030011
240338030012
240338030021
240338030022
240338031002
240338033004
240338035123
240338035133
240338035142
240338035141
240338035161
240338035162
240338035201
240338036054
240338036061
240338036062
240338036063
240178512001
240338001031
240338001061
240338002031
240338064002
240338064003
240338065011
240338065012
240338065013
240338066011
240338013052
240338036064
240338036081
240338036082
240338036084
240338036121
240338036131
240338036132
240338037002
240338038011
240338038031
240338038032
240338038033
240338039001
240338039002
240338039003
240338040012
240338040021
240338040022
240338041011
240338041021
240338041022
240338041023
240338042001
240338042002
240338034011
240338034012
240338034021
240338034022
240338034023
240338035271
240338035081
240338035122
240338049003
240338058012
240338059042
240338059062
240338060001
240338060002
240338008003
240338013092
240338024062
240338031001
240338047001
240338056011
240338035132
240253024002
240253011051
240253011052
240054024032
240054024041
240054024042
240054024043
240054114082
240054024052
240054025031
240054025051
240054114063
240054114071
240054114073
240054114074
240178503002
240054511001
240054512002
240054513001
240338074071
240276066062
240338074073
240338074082
240276067011
240276067012
240276067072
240217402001
240217402004
240217756002
240217753025
240217754004
240358104003
240358108001
240358106001
240358107001
240358110001
240358109011
240358109022
240338067102
240253039001
240253017031
240317038001
240317039011
240317039012
240338072002
240253013024
240253013022
240253014011
240253014012
240317039013
240317039021
240317039022
240317039023
240317040002
240338074042
240338074051
240338074052
240054204021
240054204022
240054205002
240054206001
240054206002
240054517021
240054518011
240054518012
240054518013
240317050001
240317050003
240317051001
240317051002
240317051003
240317052001
240054910001
240054910002
240054912011
240054912012
240317052002
240317052003
240317002071
240317003111
240317003113
240317003042
240317003121
240317006112
240317004001
240317008351
240317006111
240317003103
240317006041
240317006082
240317008263
240317006163
240317007191
240317053001
240317053002
240317054001
240317055022
240317055023
240317055011
240317056011
240317056022
240317057011
240317057012
240253042024
240253052001
240253061001
240253061002
240253061003
240317057013
240317057014
240317057022
240317057023
240317059011
240317059012
240317059013
240253032062
240253034001
240253035021
240253036022
240419602011
240054070023
240054084001
240054085021
240054085031
240054085032
240054085051
240054402002
240054404001
240054404002
240054404003
240054404004
240054904002
240054905001
240054905002
240054905003
240054906021
240054906031
240253013023
240135142011
240317060083
240317032132
240317044012
240317032122
240135061022
240135062002
240253017023
240253017021
240253017042
240010018003
240010008001
240010020003
240010022002
240317060093
240178504001
240178513022
240178502011
240178510012
240178502022
240178514004
240178506001
240178514001
240010010002
240010014012
240217651003
240010015032
240010017001
240010017003
240419603002
240419604001
240178504003
240178508014
240178508023
240178506002
240178512004
240178514003
240054038011
240217505063
240054007012
240054008002
240054009001
240054011012
240054011021
240054012001
240054015032
240054015033
240054015034
240054015042
240054015043
240054012002
240054013011
240054013012
240054013013
240054013021
240054013022
240054015071
240054015072
240054015074
240054113021
240054411011
240054517011
240253031021
240253029022
240054015051
240054909002
240253028024
240253017024
240253035023
240054112011
240253064006
240338013053
240317016011
240054111023
240054101002
240054102001
240054050001
240054514011
240054912022
240054046001
240054022012
240054050002
240054010002
240054101004
240054049002
240054046002
245102801026
240054911002
240054309002
240054204014
240054089002
245102720073
240054014001
240054060001
240054070021
240217519033
240430004002
240217517012
240217519021
240217521021
240217519011
240217519031
240217518021
240217525011
240217530022
240217517013
240217517011
240217530011
240217530024
240450101012
240450106053
240450106052
240450106064
240450105022
240450106062
240430111004
240450106051
240450108004
240430103001
240430108022
240430109001
240430115004
240430107003
240430102002
240430112022
240430115003
240430104001
240430106001
240054213001
240054044021
240054911001
240054038021
240054037014
240054102003
240054044031
240054517022
240054022011
240054038022
240054308002
240054085023
240054025041
240054015041
240054112022
240054025032
240054087041
240054114072
240054411023
240054921021
240054406001
240450104002
240098610031
240098610042
240098610043
240098610041
240098610033
245101513004
245101602003
240217651002
240037312033
240037312034
240150309061
240150309042
240150313021
240150302001
240150305032
240037312035
240217523011
240217523021
240217523022
240217523023
240217523033
240217525021
240037312042
240037312043
240037312044
240037313032
240217510033
240217508033
240217513022
240217528011
240217522011
240217522012
240217519042
240217519041
240037313033
240037313061
240037313062
240037508034
240317012202
240317008281
240317003112
240317002053
240317003083
240317008291
240317044044
240419604002
240338010051
240338016001
240338014062
240338036053
240338074072
240317003081
240317003061
240317007113
240317007202
240317002082
240317032141
240338005043
240338005051
240338005052
240317021014
240317002061
240317001052
240317013173
240317006063
240317044031
240317006133
240317011023
240317012201
240317032211
240317014222
240317037012
240317013171
240338005181
240317013071
240317006131
240317007233
240317032181
240317032182
240317014154
240119556003
240119556004
240317006161
240317001043
240119551002
240135042021
240135052051
240135052072
245102004002
245102003002
240135052071
240135052052
240253011083
240253011081
245102101001
240054409002
240054410001
240054410002
240054411012
240054411021
240037313102
240037313103
240037401031
240037403053
240037404001
240317015092
240317015082
240317015094
240317015083
240317015093
240317003104
240317032101
240276056023
240276069072
240276069041
240276069043
240276068062
240037402032
240037502022
240054083042
240054083041
240054085073
240054113081
240253042011
240054113082
240054113092
240338074102
240338074092
240338012172
240338012092
240037409005
240037504002
240037406012
240037406013
240037406021
240217519035
240217519012
240217519023
240217521012
240037027022
240037063011
240054002001
240054002002
240054004001
240054004002
240054004003
240054006001
240054006002
240054006003
240054007011
240037406031
240037407021
240037063021
240037070013
240037403042
240037515003
240037512002
240037502021
240054015052
240054087032
240054087033
240054087034
240037502012
240317015062
240317032082
240317032084
240317016023
240054411022
240054411024
240054501001
240054502002
240054502003
240054503001
240317003043
240317022001
240317028004
240276068053
240276054024
240276011031
240276056013
240276067062
240037401033
240037401041
240037401051
240276067061
240054113093
240054113034
240054113032
240054113063
240054114083
240054114101
240419604004
240419608001
240419607001
240419605022
240037401052
240037402013
240217521024
240217518014
240217519013
240217525014
240037504003
240037512003
240037402031
240037402011
240037023002
240037302034
240037402014
240037305063
240037305052
240037514002
240037022091
240037508031
240037508035
240037313091
240037515001
240317029002
240317032161
240317060122
240317032131
240317032091
240317060132
240317033021
240317045013
240276022011
240276021006
240276069042
240276068052
240276068063
240054015053
240054925002
240054023021
240054023022
240054023031
240054023032
240054023033
240054087042
240054088002
240054089001
240054111021
240054503002
240054504001
240054504002
240054505011
240054505012
240054505013
240054114091
240054505031
240054513002
240054514023
240054514021
240054920011
240276011041
240276027001
240276027002
240276011072
240276023023
240217525013
240217530014
240217530023
240217530012
240217530013
240037011013
240037011012
240037516003
240037012001
240037407011
240037516001
240253032013
240253034002
240253035011
240253041022
240253042023
240253031022
240253053001
240253033004
240253051001
240253037003
240253042013
240253032011
240317048031
240037011011
240037025004
240317023022
240317048051
240317045022
240317048032
240276054023
240317014171
240317056021
240317058001
240317059021
240317058002
240276011081
240276011043
240378759023
240276011042
240276012031
240378761002
240378759011
240378756001
240378756002
240378751002
240378752012
240378752023
240378759012
240054407022
240054023035
240054023042
240054023043
240054023051
240054023052
240054023061
240054023062
240054407011
240054085071
240059802001
240054407021
240059800001
240054923001
240054113091
240054505032
240054505041
240054505042
240054505043
240276023042
240276012012
240276012015
240276012014
240276021003
240276022012
240276023032
240276030011
240276012042
240276040022
240276051031
240276055052
240276056014
240276055051
240276068051
240276051021
240276051024
240276051023
240276040024
240276069053
240276023033
240276051041
240276051042
240276068061
240276067071
240338074053
240338021072
240338005171
240338012081
240338012112
240037503002
240037504001
245102715011
240217512032
240217507022
240217508013
240217505052
240217510023
240217530021
240217520013
240217520012
240217512013
240037025003
240037063012
240037063023
240217651001
240037063013
240037407013
240037308001
240037305041
240037310033
240037311042
240217754002
240217753022
240217735003
240253032012
240253016023
240253041011
240253034003
240253064002
240253052002
240253012011
240253051002
240253052003
240253032014
240253063002
240317032191
240317032213
240317016024
240317007241
240317023012
240317008331
240317006151
240217754003
240217753024
240253012012
240253022001
240253041021
240253021001
240253042022
240253011022
240253051003
240317007111
240276011051
240276012032
240276011071
240276023022
240378760023
240378759022
240378762001
240054524002
240054403001
240054501002
240054508001
240054508003
240054505033
240054023072
240054024071
240054024072
240054024031
240054113062
240054113071
240054113072
240054114042
240054114061
240054114062
240054508002
240054509001
240054509002
240054510001
240054510002
240338001081
240338006073
240338004111
240338007071
240338011042
240338012162
240338021063
240338059072
240338059071
240338005072
240338013122
240338072004
240338002121
240338010032
240338012171
240338005041
240338011041
240338012142
240135052033
240338012102
240338012111
240338004012
240217505053
240217505042
240217508032
240217505041
240217510011
240217510022
240217510041
240217526021
240217523031
240217526022
240217753023
240037407012
240037022061
240037022041
240037022092
240037022062
240037312024
240037305062
240037304011
240037061013
240037405003
240317007042
240317002081
240317012131
240317012191
240317032022
240317011022
240317007181
240276066031
240276056024
240276069073
240276069071
240276066072
240378754004
240378761003
240378758012
240399303002
240054034011
240054083032
240054049003
240054081001
240054901001
240054518023
240054917013
240054205001
240054525003
240054912021
240054913002
240135010012
240054917012
240378758023
240378758022
240338006081
240338005092
240338006082
240338017072
240338035211
240338035252
240338035251
240338035242
240378759021
240317050004
240217512022
240217505051
240217510024
240217508022
240217512024
240217507013
240217512031
240217505044
240037022042
240037022052
240037022082
240037022063
240317032072
240317017012
240317017021
240317017042
240317040004
240338013101
240317054002
240317048041
240317055012
240276066011
240054011013
240054015061
240054081002
240135081022
240135130012
240054001002
240054001003
240054924021
240054025092
240054025093
240054925001
240054015073
240054114093
240054924011
240054015035
240054015063
240054023073
240338006072
240338067131
240338002141
240338002152
240338004101
240338052021
240338015002
240338019072
240338019051
240338019082
240338024051
240338004102
240338005201
240338017073
240338006051
240338005172
240338006011
240338012141
240338007052
240338010041
240338013132
240338013113
240338011043
240338012161
240054015062
240217505062
240217505031
240217510042
240217526032
240037022093
240037401022
240037406011
240037027011
240317007201
240317032193
240317007105
240317015033
240317013151
240317044011
240054025091
240054011011
240054011014
240054041021
240054024063
240054024062
240054048002
240450101013
240230006006
240338013071
240338055001
240338007061
240338012122
240338056013
240338012132
240338013111
240054044041
240054924012
240054083022
240054113033
240054113083
240378760011
240378760012
240378760013
240378760022
240338004103
240338067142
240338005133
240338005141
240338021061
240338021073
240338024072
240338024071
240338023011
240338035192
240338035193
240450101022
240217526031
240217526013
240217526033
240217526012
240037027012
240037027013
240037066003
240037403052
240037403051
240037302032
240317008341
240317010071
240317060123
240317027001
240317032163
240317014204
240317034022
240317045032
240054023071
240054924022
240054026033
240054909003
240054913001
240054034012
240054114103
240054036022
240054088001
240054201001
240054207021
240054213003
240338005191
240338005152
240338005162
240338005153
240338005182
240338032001
240338067061
240338067083
240338035262
240338035222
240338035203
240450102004
240450105023
240450105021
240450105013
240450107025
240430110001
240430111002
240430002002
240430003011
240430003012
240430003021
240430003022
240430004001
240430004003
240430005001
240430005002
240430005003
240430006011
240450102005
240450105024
240430006012
240430006021
240430007002
240430007003
240430008001
240430008002
240430009001
240430009002
240430010014
240430010012
240430010013
240430010021
240430010022
240299503004
240299503003
240299501002
240299502004
240299505002
240299501004
240299501003
240450102002
240430102003
240430103002
240450005003
240430106002
240430104002
240450106063
240430108012
240430108021
240430110002
240338012091
240430110003
240430111001
240430112012
240450108002
240430114002
240430116001
240430105001
240430109002
240430112023
240430115002
240430116002
240317002041
240450101014
240450101015
240450101011
240037021002
240037021004
240037021005
240037306011
240037306013
240037306014
240150312023
240150302004
240150302003
240150304004
240150305062
240150305033
240150301003
240150312011
240150312022
240150306013
240150305051
240037022053
240037022051
240150305034
240150304002
240150304003
240150305052
240150306022
240150307003
240150309041
240150312021
240150305011
240150306021
240037023004
240037024021
240037024023
240037025001
240037407022
240037409004
240037011014
240037026021
240037026012
240037011021
240037061012
240037061011
240037064012
240037064013
240037064021
240037064022
240037065001
240037065002
240037065003
240037065004
240037066001
240037066002
240399306001
240037066004
240037066005
240037070012
240037406032
245101202024
245100301002
245100804001
245101204001
245101504002
245101510005
245101603002
245102003001
245100302001
245102404003
240135030001
240135030004
240135052081
240037070022
240037070023
240037080043
240037301001
240037313073
240037302031
240037302042
240037302043
240037304012
240037304021
240037304022
240037011022
240037011023
240037011024
240037012002
240037304023
240037305021
240037305022
240037305023
240037311031
240037012003
240037012004
240037305051
240037305042
240037305043
240037306031
240037306042
240037306043
240037307001
240037307003
240037307004
240037307005
240037309011
240037313092
240037313093
240037313101
240037310041
240430112021
240338005131
240037310032
240037310031
240037310021
240037311051
240430104004
240430111003
240430113021
240430109004
240430105002
240430113012
240430108011
240338005132
240338001093
240338005042
240037307002
240338005134
240338001032
240338001052
240338001091
240450106043
240450108003
240450107011
240450104004
240450107012
240450107024
240450106042
240450107021
240450102001
240338002132
240338002032
240338002061
240338002062
240338002151
240338002142
240338002081
240338002082
240338002083
240338002091
240338002092
240338002101
240338002102
240135077031
240135052031
240135052083
240338002111
240338002112
240135081012
245102401002
245102201001
245101202021
245102102001
245101202023
240054102002
240054082002
240054026042
240054023041
240054204013
245101901003
245101902002
240317037022
240317055021
240317013142
240317034014
240317015072
240317026011
240317029003
240317014155
240317013162
240317051004
240317002051
240317014153
240317010043
240217707002
240317012011
240317017011
240317024021
240317032121
240338017043
240338017081
240338018011
240338018022
240135120002
240276021002
240276066034
240010003002
240010006002
240199704002
240338013112
240338013081
240338013082
240010001002
240010015033
240010013002
240010015031
240010002001
240010020001
240010003001
240010021002
240010012001
240010006001
240010013001
245101202022
245101201002
245101201004
240199703003
240037313065
240037313071
240037313072
240010012003
240010005001
240010004003
240199702004
240199708042
240199706003
240199706001
240199707022
240199702003
240199701003
240199701001
240199702002
240199703002
240338018081
240338018082
240338018083
240338019011
240338018023
240217510031
240217505032
240217513012
240217512012
240217507023
240217525012
240217526023
240217528022
240217530015
240217528012
240217528021
240217513021
240217521022
240217522042
240217517021
240217517023
240358110002
240358101002
240359902000
240276066061
240338014081
240338014111
240338014112
240338014102
240217722002
240217707001
240217756001
240217754001
240217707003
240276040023
240276030031
240338018042
240338018051
240338018071
240338018072
240338018073
240338018041
240276067041
240217402002
240217402003
240217753026
240054004004
240338014101
240338014041
240338014042
240338014052
245100803013
245100703002
245100808002
240150309051
240150313022
240150305063
240150313023
240276055022
240276023062
240276030041
240276028002
240276023052
240276023021
240276028003
240276068032
240276055021
240276021005
240276030032
240276054022
240276040013
240276040012
240276040011
240276030042
240276023051
240276029001
240276066035
240276021004
240276029002
240276067043
240276040021
240276069062
240276067042
240276067051
240276068031
245102711012
245102720071
245100203003
245102611002
245100604002
240338019013
240338019014
240338019081
240338019041
245102503012
240338014071
240338014073
240338014074
240338015001
240338016002
240338016003
240276068041
240276068042
240276069011
240276069012
240276069013
240276069014
240253029011
240338019042
240338020013
240338020012
240338020021
240338020022
240338020023
240338021031
240253042014
240253011061
240253065003
240253036034
240276069052
240276069051
240276069061
240253036031
240253032043
240253038021
240276023041
240276051022
240253064005
240253032031
240253038034
240253038032
240338017011
240338017021
240338017022
240338017042
240253038033
240253036033
240253064003
240253012021
240253036051
240253064004
240338019012
240338019061
240338019062
240253032033
240253032042
240276055041
240276068033
240098608011
240253031015
240253011071
240253035024
240253032041
240253032032
240253017041
245101303001
245101301003
240276012011
240276012013
245101205002
245100903004
245100905002
245101205001
245100909004
245101002003
240098609004
240098605012
240098606003
240098609001
240010001001
240276021001
240276022022
240276022021
240276022023
240338004031
240338004032
240338004121
240338004132
240338004122
240299900000
240430103003
240430002001
240037508033
240037511022
240217526011
240217526014
240217522041
240217522043
240217521011
240338004083
240338004092
245102303001
240037511032
240217521023
240338004093
240037511034
240037508041
240037509001
240037509002
240037508013
240037508011
245100801022
245100804002
245100908004
245100803012
240039900000
240037070021
240037026014
240037026022
245100806004
240054036012
240054036013
245102604022
240054037015
240054037012
240054042023
240037509003
240037510001
245102603025
240037510002
240037510003
240037508032
240054519002
240054518014
240054207011
240054301042
240054923002
240054903012
240037508012
240178512002
240178505001
240178507132
240178507093
240178511001
240179900000
240178507061
240178507101
245101504003
245101506005
240037305061
245101508003
245102801013
245101511006
240217507021
240217512011
240338035221
240338035232
240338035231
240338005094
240338037001
240338036052
240338036101
240338036102
240338066021
240430008003
240430113011
240430010023
240430112013
240430106004
240430002003
240430113013
240430112014
240217505034
240010007001
240010007002
240010010001
240217522044
240217522023
240217522021
240217522022
240217518023
240217518011
240217518012
240299503001
240299502003
240299504002
240037063022
240037309013
240037309022
240037310022
240317008164
240054042012
240054045013
240054045014
240054083021
240178507102
240178508021
240178507092
240178509012
240178509013
240450003001
240450102003
240450105012
240010011001
245102717003
240010012002
240010004002
245101403004
245101502001
245101503003
240338007041
240338007051
240338007043
240338013102
240338067113
240338067111
240338040011
240338066012
240338040013
240338041012
240338048012
240098604011
240098607011
240098607032
240098601021
240098603001
240098609002
240098610011
240098603003
240098608023
240098606002
240098601022
240098602002
240098603002
240098608013
240098608022
240098604021
240098608021
240098605022
240098607021
240098602001
240098606001
240098605011
240098604014
240098608012
240098607031
240098605021
240098601011
240098604013
240098601012
240338004011
240010018001
240010020002
240010022001
240010019002
240010001003
240010022003
240010002002
240010003003
240150309044
240010014011
240098604012
240098604022
240098607022
240098609003
240338004021
240338004022
240338004023
240338004024
240479504002
240479517002
240479800001
240479500001
240479500002
240479501001
240479506001
240479508004
240479511003
240479517001
240135076011
240199900000
240199708041
240199707023
240199709002
240199709001
240150305061
240150309043
240150309052
240150314002
240150313011
240178508022
240150309064
240150309063
240150312013
240479511002
240479506003
240479507001
240479506002
240479503001
240178515003
240178506003
240178509022
240178510021
240178512003
240178511002
240178505002
240178513023
240178501012
240178507062
240135052032
240217510021
240217508023
240217508021
240253036021
240253011023
240253065001
240253036052
240253036061
240253035022
240253042012
240317009031
240317011014
240217529002
240199703001
240199707021
240199701002
240199705002
240199703004
240037313111
240037313112
240253011082
240010018002
240338007042
240338010061
240338012163
240419606001
240419601002
240419602014
240419609001
240419605012
240419605021
240338012121
240338012131
240217675002
240217529001
240217516001
240217676002
240479514002
240479508001
240479509001
240479514001
240317060131
240317060053
240317060073
240317060072
245101307003
240317007193
240317007102
240317007103
240317007104
240317013141
240317013121
240317013122
240317013123
240317013124
240317013131
240317013132
240317014072
240317014073
240217676003
240217518013
240217519034
240217519032
240217519036
240253012053
240253022002
240253031012
240037309012
240037511021
240037401034
240037401043
245102801021
240135130022
240135010022
240135030002
240135042023
240135051011
240178501011
240178501021
240178504002
240178507122
240178507121
240178507082
240178513012
240178507131
240178507113
240178507081
240178515002
240178513011
240178510026
240178507111
240135051012
240135051022
245101203002
240338013022
240450104003
245101605005
245101606003
240178509062
245102501011
245102501012
245102501021
240450108001
240450107023
240450103002
245102601024
245102601025
245102602012
245102602013
245102712003
245102712004
245102712005
245102712006
245102713001
245102713002
245102713003
245102608002
245102609001
245102303002
245101501001
245101602002
245100702002
245100601004
245102712001
245101507021
245101607005
245102707023
245100901005
245100907002
240450105011
245102005005
245102503032
245102719002
245100302002
245101606004
245101606005
245101606001
240450001004
240450002002
240450106041
240450107013
240450107026
240450104001
240450106034
240450001002
240450103001
240450103003
240450101021
245102502041
245102501022
245102501031
245102501032
245102501033
245102501034
245102502031
245102502032
245102602032
245102602014
245102602023
245102602031
245102603023
245102603011
245102603013
245102603015
245102603021
245102603022
245101301002
245102714002
245102714003
245102714001
245102715012
245102715013
245102718021
245100601001
245102804014
245102710011
245102610001
245101304003
245100908005
245102603026
245101403003
245101601002
245102610003
245101508006
245101902001
245100102002
245101202012
245102706001
245102005003
245100401002
245102707021
245100603002
245102805002
245102805003
245100601002
245100601003
245100602004
245100602005
245100603001
245100604001
245102805001
245100701001
245100702001
245100702003
245100703001
240230006002
245100704002
245100704003
240450002001
240450106031
240450103004
240450001005
240450004002
240479507002
240479512003
240230001001
240230005002
240230006005
240230006004
240230004001
240230002002
240230002001
240230001002
240230003002
240230006001
240230007003
240230003001
240230001003
240230004002
240230005003
240230005001
240230007001
240230006003
240230007002
240230004003
240338009001
240338007011
240338010031
240338001062
240338036122
240338036071
240338018021
240338069001
240317047004
240338002122
240338006041
240338017082
240338044001
240253024001
240253011072
240359900000
240150302005
240317040003
240317041001
240317041002
240317041003
240338074101
240338074091
240054026041
240054026043
240054031001
240054031002
240054032011
240054202001
240054202002
240054203011
240054203021
240054203031
240054204012
240054515003
240054516002
240054517012
240054908002
240054909001
240338067063
240338067082
240317042001
240317042002
240317043001
240317043002
240317043003
240317043004
245101604004
245102001001
245102001002
245101606002
240317044041
240317044042
240317045011
240317045012
240317045021
240317060092
240317004002
240317032083
240317015031
240317020001
240253038012
240253038011
240253038031
240253035012
240253013012
240317046001
240317046002
240317046003
240317046004
240317047001
240317047003
240317036012
240054034023
240253014014
240253014021
240253014022
240253016011
240253016013
240054032012
240054032021
240054033001
240054033002
240054034021
240054034024
240338004091
240317008301
240317014144
240317008182
240317044043
240338012072
240338008001
240338036083
240338004131
240338014051
240338046001
240338004082
240338013021
240338014091
240338012071
240338017061
240338014061
240338059073
240338008002
240338006071
240338001051
240317003044
240338067101
240338009002
240338012101
240299504003
240299501001
240317014211
245102718012
240317012212
240299502001
240299505003
240299502005
240299502002
240299504001
240317003092
240317006134
240317003123
240317006141
240317006132
240317013172
240338050001
240419607002
240419601001
240419609004
240317002072
240317007101
240317001041
240338005093
240338005151
245101511003
245101511005
245102601021
245102708055
245102709011
245102709012
245102709013
245102709021
245102709022
245102709023
240178509023
240178509021
240178509051
245102709031
240419608002
240430113022
240430114003
240430001002
240430001001
240450001001
245102703021
245101402001
245100702005
245101903004
245102804031
245101507022
245102504022
245102601012
245102602024
245102603014
245102607002
245102704024
245102707032
245102710024
245102710025
245102716002
245100101002
245102801023
245102804015
245100101001
245100102001
245101513001
245101512001
245101512002
245101512005
245102604032
245101513002
245101513005
245101513003
240037311032
245101601001
245101602001
245101603001
245101604001
245101604002
240037306041
245102601022
245102601023
245102709032
245102709033
245102710012
245102710013
240178510024
240450106044
245102710022
245102710023
245102711011
245102711021
245102711022
245102712002
240276056012
240276056021
245100801014
245102801022
245102603012
245101510006
245102716005
245100105001
245100602003
245101608012
245100907003
245101402002
245100701002
245101512003
245102708044
245100102003
245100104001
245100102004
245100103001
245100103002
245100104002
245100105002
245100201001
245100202001
245100202002
245100203002
240054112023
245100301001
240037406014
245101605001
245101605002
245101605003
245101605004
