271630710031
271630710032
271630710033
271630710061
271630710062
271310708005
271450006011
270370609042
270370606042
270370608174
270370605032
270370601011
270370605024
271450006013
271450007011
271450007012
271450007013
271450007014
271450008012
271450008013
271450008011
271450009013
271630711011
271630703011
271630711022
271630712083
271310703005
271310704001
271310704002
271630701032
271630701033
271630701034
271630701041
271630701042
271310707003
271310702002
271310704003
271310703002
271310704004
271310701002
271310702004
271310707001
271310703004
271310701003
271310703001
271310702003
271310701001
271310702001
271659503003
271659502002
271659502004
271659501001
271034802003
271034805013
271034806004
271034806002
271630701052
271630701062
271630701063
270977804002
270977804001
270977804003
270977802003
270977807001
271034803001
271034803002
271034804002
271034804003
271034805011
271034801001
271034804001
271034801002
271034801003
271034806001
271034802001
271034802004
271034803003
271034805012
271617904004
270977801002
270977808004
270977806001
271130905002
270614808023
270614809005
270614809006
270530224004
270531008001
270531008002
270531108002
270530239021
270531062003
270530248011
270614807003
270614807001
271090003002
271090004001
271090017023
271090021003
271090022003
271090001001
270530215051
270530215052
270530215053
271219702001
271219701001
271219701002
271219704001
271219703002
271219701003
271219703003
271219702002
271219703001
270471804002
270471805001
270471805003
270471805002
270471806001
270471806002
270471806003
270471806004
271617902003
271617901001
271617903003
271617903004
271617903001
271617903002
271617902001
270471809002
270471808001
270471809003
270471809001
271230310004
270471810001
270471809004
270471808002
271617901002
271230321001
271230411042
271230303006
271230340002
271230423021
271159503002
270239506002
270017905012
270359502042
271554601002
270359514002
270332704002
270359501002
270359508002
270359505012
270359513023
270239505001
270239503001
271711003004
271711004004
271711010005
271711002043
270219606001
270219607004
270219608021
270434604002
270717902004
270717902005
270951705002
271159502002
271159502001
271159504001
271159508001
271159505001
271159504002
271159507002
271159506002
271159505003
271090009021
271090022004
271090009013
271090010002
271090020001
271090020003
271090019005
271090014021
271090019001
271090019004
271090020002
271090023002
271090017032
271090022002
271090016031
271090015021
271090023003
271090012031
271090021001
271090020005
271090016032
271090010003
270530216013
271090003003
270530216011
270530216012
270530216021
271230333003
271090001002
271090002001
271090002002
270799504004
270799505001
271090002003
271090002004
271090002005
271090003001
270530215042
270530215043
270530215044
271090004003
271090005003
271090004002
270799505002
271450111004
270190906011
271450104021
270190906022
270190906021
270190906012
270190907021
270190907022
270190909004
270190908005
270190908003
270190907013
270190903013
270190909002
271390804002
271390805002
271390807001
271390809032
271410305023
271410304023
271410303005
271410304022
271410315002
270119503003
270119501001
270119503001
270119502001
270119502002
270471801003
270471802001
270471804003
271659501003
271659503002
271659503001
271659501002
271659503004
271659502003
271230307041
271230419001
271230407061
271230418002
271230318014
271230303007
271230324002
271230407043
271230345002
271230430004
271230352002
271230375006
271230407071
271230424023
271230403011
271230371004
271230306023
271230350001
271230411052
271230334002
271230317022
271230310003
271230414003
271230308002
271230375003
271230353004
271230365001
271230423022
271230406013
271230410022
271230322002
270190912021
270190901003
270190911002
270190904012
271230372003
271230305004
271230315003
271230352003
271230317012
271230364002
271230347011
271230325002
271230326002
271574904003
271711010001
271711010002
271711010003
271711002034
271711011002
271574902003
271574904002
271574902002
271574904004
271574905001
271574901001
271574905002
271574901002
271574901003
271574904001
271574903001
271574902001
271574903004
271630709122
271574903003
270290003004
270290001002
270290003001
270290002003
271574903002
270290003003
270290001003
270290003002
271537901002
271537906002
271190201001
271630710103
271630710162
271630714003
271090016021
271090014011
270977807002
270370604023
271190204002
271190209003
271190202002
271190203002
270935605002
271190201002
271711009003
271711003002
270935602004
270935602001
270935602003
270935603003
270935606003
270935605004
270935601002
270935602002
270935602005
270935606002
270935606001
270935601001
270935601004
270890802002
270935604003
270935603002
270935605003
270717902002
271630711023
271630702032
271630707011
271711003001
270890801001
270890801003
270890804001
270890803002
270890803003
270890801002
270890803001
270890804003
270890802001
270890802003
270890804002
270017701001
270017701003
270017905011
270017702001
270017704003
270017701002
270017703003
270017702002
270017704001
270017703001
270017703002
270190901002
270190911001
270190912011
270190908002
270190903021
270190902002
270717903002
270190902001
270190903012
270717905003
270717902003
270530106002
271537908002
271230353001
271230338001
271230339001
271230307031
270614805003
270614805002
270190904011
270190904021
270190904022
271090013021
270190905011
271494803003
271494803004
271090014014
271090017011
271090018003
270190910002
270190910003
270190912012
270190912022
271479602002
271479603003
271479603001
271479603002
271479604001
271479604002
271479604003
271479606002
271479606003
270570704003
270570703002
270570707002
270990014001
270530249012
270530118005
270530276023
270531067001
270531101002
270530209022
270530229022
270530120016
270530240042
270530258051
270530268072
270530265123
270530267164
270531040003
270530221021
270531108003
270531012002
270531091006
270530238023
270531067003
270570701003
270570704001
270570704002
270570706003
270570705001
270570706001
270570702002
270530267022
270531039002
270530258021
270530252052
270530209031
270530216023
270530223021
270531013002
270531108004
270530068001
270530269031
270530229012
270531087001
270530085001
270530081003
270531069002
270531226001
270531057002
270530110002
270530120035
270434601002
270434605001
270434604004
270434603002
270434602001
270434603001
270434605002
271090014013
271090016033
270731802001
270731801002
271090012022
271090022001
271090023004
271090009031
271090012032
271090023005
271090019002
271090015012
271090014024
271090012033
270531093001
270530006012
270531060003
270530083001
270530245001
270530223022
270570707001
270530205003
270530268074
270530232005
270531102003
270531225003
270531004001
270530096002
270531028003
270530264021
270531069001
270530120034
270530256031
270530274001
270530209032
270530215034
270530249031
270531089002
270530260163
270570702001
270570701002
270570705002
270531258002
270531258003
270530229014
270530254011
270530268183
270530208042
270530260051
270530084002
270530121021
270531004002
271410303002
271410303001
271410301021
270530248023
270530038002
270530221011
270531007003
270531018003
270530208011
270530085002
270530081002
270530107001
270530262021
270530268102
270530260152
270530243003
270531007001
270531256001
270530229021
270530220002
270531008003
270530121024
270530275013
270531020002
270530260182
270530234004
270530240043
270530118003
270530259062
270530215054
270531055002
270530082004
270530254033
270530267163
270531087002
270531099001
271297904002
270530268076
270935604001
270935605001
271297906003
271297904001
271297906001
271297901002
271297906002
271297903002
271297905001
271297901001
271297902001
270190908004
270190905021
270190905031
270190905032
271494802002
271090012011
271090012023
271494803002
270190908001
270190909001
270190910001
270530269092
270530022002
270531037003
270531113004
270530261013
270531099003
270531260002
270531260004
270530264032
270530253021
270530267021
270530085005
270530233004
270530276014
270530238012
270531057001
270531009005
270531016002
270530239032
270530254012
270531098002
270434606003
271537903003
271537905002
271537907001
270530246001
271519602002
271519602003
270414501002
270414506002
270731803003
270530264023
270531048004
270530249021
270530265141
270530261042
270531064001
270530269091
270530268114
270530270011
270531057003
270531052011
270531025002
270531255003
270531048005
270530267072
270531016003
270531259003
270530265113
270530268123
271230366001
271537902002
271711008014
271711002041
271711007011
271711007013
271370033002
271370126006
271630710131
271630702064
271630702053
271630702061
271630703044
271630702062
271630714005
271630703031
271630709074
271617904002
271617905002
271617905001
271617904003
270530215041
271090009011
270717905002
270717902001
270717901001
270717903001
270717905001
270717903003
270959701001
270951705003
270530261032
270530262011
270530262051
270530262052
270530262053
270530265112
270530262061
270530265142
270530265143
270530265144
270530266123
270530266122
270530266104
270530266102
270530266111
270530266112
270530262062
270530262063
270530262071
270530262072
270530262081
270530263022
270530263021
270530263024
271711007032
271711001003
271711001002
271711002033
270799502003
270799503002
270219602003
270219603012
270530258052
270530258053
270530259031
270530259032
270530259033
270530259034
270530259035
270530259051
270530259052
270530259053
270530259054
270530259061
270530259063
270530259064
270530259071
271310709011
271310706011
271310706014
271310706012
271310709014
271310709013
271310706022
271390809031
271390807002
270530260183
270530261011
270530261012
270530261031
271019003003
270017905023
271537902003
271711009001
271711009002
270977808003
270977803002
270977801001
270977802002
270977802001
270977802004
270977803004
270977803003
270977805002
270977805001
270977808001
270977805003
270977801003
270977806003
270977805004
270977803005
270159607003
270159607002
270159602001
270159607004
270159604004
270159603003
270159602002
270159604002
270570706002
271230322001
271230306012
271230335001
271230422011
271230307022
271230371003
271230316002
271230346012
271230310001
271230409011
271230350002
271230414002
271230331001
271230401003
271230406011
271359704002
271359701001
271359702002
271359705001
270530217001
270530216024
270270204002
271230360001
271359703003
270270301032
270270301033
271230332001
271230367001
271230425031
271230370002
271230422021
271230369002
271230425041
271230405032
271090017014
271090017031
271230406045
271230406042
271230416011
271230408031
271230407031
271230409022
271230411072
271230416013
271230420021
271230421014
271230421022
271230423012
271230317024
271230421013
270774604002
271230403023
271230404022
271230411074
270774604001
270774603001
271230429002
271230413012
271230317011
271230358001
271230321002
271230430002
271230429004
271230429003
271230357002
271230347021
271230351001
271230332002
271230333001
271230323004
270359507005
270359509002
270359504003
271359701002
271359703001
271359704001
271359703002
271537906001
271537906003
270879401002
270879401001
271230318022
271230318023
271230318024
271230319001
271230319002
271230320001
271230320002
271230320003
271230322003
271230323001
271230323002
271230323003
271230326001
271230324001
271230325001
271230325003
271230337001
271230338002
271230340001
270251103021
270251105012
270251103022
271230344002
270251105023
271230345001
271230345003
270030508054
270370606031
270030502251
270030501101
270030508051
270030502322
270030506081
270030508113
270030505042
271230375004
271230305002
271230312001
271230316003
271230307032
271230418004
271230307043
271230318012
271230318013
271230318021
271230426023
271230330002
271230334003
271230325004
271230327002
270251103011
270251103013
271230331002
270251105011
271230333002
271230327001
271230334001
271230335002
271230335003
271230336001
270530267151
270531261004
270530227003
270539800001
270530227001
270530260181
270530269093
270530270012
271450115002
270530228011
270531259002
270530260151
270530258011
270530204001
270530001022
271019001002
271019001001
271019002003
270090202031
270090202051
270090202062
270090211013
270090211014
270090211015
271250102003
271250101001
271250102001
271250102002
271250101002
270690902003
270753701001
271390804003
271390805001
271390806001
271390808001
270531041001
270531051001
270531065002
270531262002
270531055003
270531056003
270531040002
270531062001
270531092001
270531092003
271390809041
271390809043
270090211012
270090202052
270090211022
270090211021
270090211011
270030501071
270030501161
270030501141
271390809061
271390809063
271390802021
271390809053
271390802033
271390802022
271390813003
270530241001
270530214001
270530221012
270530220001
270530264024
270531065001
270531091002
270530261043
270530240051
270530240061
270530245002
270530249032
271390802031
271390802032
271390802034
271390803011
270030501163
270030501081
270030516003
270030502101
271450113014
271450113011
271450102001
271450105001
271450113022
271450101023
271450003024
271450114002
271450113012
271450106003
271450004022
271450105003
271450109002
271450114001
271450104011
271450104022
271450109003
270190901001
271390808002
270530251002
270530257025
270530265051
270530265052
270530266114
270530266113
270530260221
270030502171
270030508183
270030508161
270030504011
270030502271
270030504012
271479608003
271479608004
270530260222
270530260192
270530261041
270530260223
270530263023
270530262022
270530268191
270030502272
270030505011
270030504022
270030502301
270030502371
270030502362
270370605023
270370605034
270370605053
270359511001
270359511002
270614806001
270614807005
270614809001
270614810005
270370606034
270074506002
270074507022
271370037002
270490801024
270490801022
270490801021
271370038001
271370038002
271370157002
271370157003
270490802001
271370124004
271370125001
271370125002
271370125003
271370122002
271370123001
271370123002
271370123003
271370123004
271370124001
271370124002
271370124003
271370126001
271370126002
271370126003
271370126004
271370126005
271370127001
270490802003
270490802002
270490807003
270490808003
271230308003
271230307042
271230308001
271230308004
271230309001
271230309002
271230309003
271310708003
271310708002
270530264041
270530265071
270530265072
270530265081
271310709012
270591305022
270510701001
270510702003
270510702001
270510701002
270530265082
270530265083
270530265091
270530265101
271630704042
270530265102
270530265111
270530267083
270530267084
270530267085
270530267101
270530267102
270530267103
270531104003
270530266061
270530266062
270530266092
270530266101
270550205002
271310703003
270731801003
270251102003
270530267062
270530267063
270530267073
270530267081
270530267082
270530267104
270530267105
270530267106
270530267111
270530267122
270530216022
270530265122
270530265124
270530265125
270530265127
270370606051
270370608263
270370604024
270370601042
270370601051
270531052042
270531056004
270531256002
270531109002
270531115001
270530260212
270531044002
270531260003
270530117043
270531105002
271711002032
270530266103
271370133001
271370133002
271370133004
271370133005
271370122003
270251103012
270251103014
270251103023
270251105021
270251104011
270251104022
270251105022
271297903001
270370607471
270370607451
271370134004
271370135001
271370135002
271370135003
271370138001
271370138002
271370138003
271370140001
271370152002
271370153002
271370153003
271370153004
271370153005
271370155004
271370012001
271370111003
271370114001
270530259072
270530259073
270530259074
270530260052
270530260053
270530260061
270917906002
271711007012
271711007021
270190903011
270190909003
270370608262
270917901001
270370607501
270370608192
270370609061
270530260062
270530260063
270530260071
270530260072
270530260073
270530260203
270530260201
270530260193
270251102001
270251104013
270251104012
270251105024
270251107002
271190206003
270370601013
270370601041
270530217005
270530260191
270530260131
270530260132
270530260133
270530260134
270530260141
270530269064
270531009004
270531257002
270530260142
270530260143
270530260161
270530260162
270251101003
270251107001
270251106002
270251101001
270251102002
270251106001
270530218001
270530218002
270530219001
270530219002
270530219003
270530229013
270530230001
270530230002
270530230003
270530231001
270530231002
270530232001
270530232002
270530232003
270530232004
270530233001
270530233002
270917904001
270917904002
270530222003
270530222004
270530222001
270530223011
270530223012
270917903002
270917903001
270917902001
270917905001
270917905004
270917901003
270917902002
270530234003
270530223023
270530224001
270530224002
270530224003
270370610052
270370608202
270530233003
270530234001
270530234002
270530234005
270530235021
270530235011
270530235012
270530235013
270530254032
270530235022
270531037002
270531093004
271711007023
270530227002
270530228012
270917901002
270530235023
270530235024
270530235025
270530236001
270530236002
270530236003
270530237001
270530237002
270859502001
270859505003
270370609051
271390813002
271390809051
271390811003
270370602012
271190206004
271190206005
271190207001
271297902002
270530237003
270530237004
270530238011
270530238014
270530238015
270530238021
270530238022
270530239011
270251102004
270530251003
270530252011
270530252013
271410304041
271410304025
271410305042
270530252051
270530252053
270530252054
270530252055
270530253011
270530253012
270530253013
270530253022
270530217002
270530217003
270530216025
270530217004
270530228021
270530228022
270530229011
270530253023
270530254013
270530254031
270530256011
270530256051
270530256012
270530256032
270530256033
270530258022
270530256052
270530256053
271370127002
271370128001
271370130001
271370130002
271370130003
270530256054
270530257011
270530257012
270530257013
270530257014
270530257015
270530257021
271711008011
271711008023
271711013004
271711013003
270359512002
271370131002
271370131004
271370131001
271370132002
271370132003
270359512003
271370132004
271370134002
271370136001
271370139001
271370151004
271370154002
271370155003
270530257022
270530257023
270530257024
270530258012
270530258013
271390801002
270530258031
270530258033
271370034002
271390802055
271390802042
271390803013
271390811004
270159605002
271390802012
271390809042
271310708006
270159606003
270159601011
270159604003
270159602003
270159606001
270159603002
270159603004
270159604001
270159605001
270159603001
271479601001
270159605003
271450009012
271450010012
271450010013
271711007024
271479601002
271479602003
271479605001
271479603004
271479608002
271479607001
271479605003
271479602001
271479601003
271479605002
271630706021
270434606002
271630711013
271630711014
271630714001
271630712071
271630705023
271630705022
271630705024
271630706012
270614803004
271630706022
271450106001
271450109001
271630712081
271630712082
271630712092
271630713001
271630713002
271630701031
271630707042
271630708021
271630709071
271630709072
271450115003
271450115006
271450115004
271630712061
271630709073
271630709092
271630709101
271630709102
271630710011
271630710012
271696705004
271696705005
271696705003
271696706004
271696706001
271696706002
271696704002
271696708004
271696710002
271119601021
271119605001
271119606002
271119608001
271119611004
271119613004
271119615003
271119617001
270677811003
271696704004
271696704005
271696707001
271696707004
271696707003
270833605002
270833606004
270677812002
271594803003
271594803002
270614810003
270614810004
271537904002
271537907004
271537907002
271537905001
271537904003
271537905003
271537903002
271537901001
271537907003
271537904001
271537902001
271537904004
271090016022
270619400001
270614809003
270614806004
270614803002
270614801002
270614806003
270614807004
270614805001
270614806002
270614801003
270614809004
270614803003
270614804001
270614810001
270614807002
270614810002
270614808021
270614804003
270614809002
271230346021
270614804002
270614804004
270677802003
270677803001
270677804001
270677805002
270833601002
270677807001
270677807003
270677805003
270677807002
270490801025
270490805003
270490806003
270935604002
270833601004
270833603001
270833603004
270833603002
270833603003
270677808001
270677709003
270677709001
270490804001
270677709002
270677810003
270677810002
270677810001
271230346022
271230430005
271230426012
271230365002
271230424021
271230428001
271230315001
271230342011
271230342023
271230428002
271230330001
271230344001
271230372004
271230342022
271230430001
271230430006
271239800001
271230346011
271230374021
271230425014
271230425013
271230349001
271230376021
271230376024
271230346023
271230346013
271230426013
271230427002
271230353003
270270301042
270270301044
271359703004
271359704003
271359705002
271359702001
271230326003
271230347012
271230347013
271230347022
271230347023
271230349002
271230350003
271230351002
271230352001
271230353002
271230360002
271230424011
271230424012
271230425012
271230425011
271230425042
271230427001
271230307033
271230342021
271230374023
271230376023
271230429001
271230425032
271230355001
271230355002
271230357001
271230358003
271230359001
271230361001
271230363001
271230363002
271230371001
271230363003
271230363004
271230364004
271230370003
271230370004
271230371005
271230372001
271230372002
271711001001
271230372005
271230374022
271230374031
271230374032
271230374033
271711001005
271711004003
271711007034
271711001004
271230403021
271230374034
271230374035
271230375001
271230375002
271230375005
271230376011
271230401005
271230402001
271230403012
271230317021
271230403022
271230404011
271230404012
271230404013
271230404021
271230405021
271230405031
271230407042
271230412001
271230302012
270614808022
271230430003
271230364001
271230402002
270619400002
271711004002
271230407062
271711004001
271711005003
271230405041
271230405042
271230406012
271230406031
271230406032
271230407051
271230407052
271230407063
271230427003
271230407072
271711010004
271230407073
271230408011
271230408012
271230408021
271230408032
271230408033
271230408034
271230409012
271230409021
271230410011
271230411071
271230411073
271230412002
271230412003
271230413011
271230413013
271230413021
271230413022
271230414001
271230414004
271230415001
271230415002
271230415003
271230416012
271230416021
271230416022
271090011003
271230422022
271230422023
271230423011
271230423023
271230423024
271230423025
271230426021
271230426022
271711013001
271711008021
271711008012
271711002031
271711012003
271711009005
271711008013
271711008024
271711013002
271711008022
271711012001
271711012002
271230367004
271711002021
271711002042
271090014022
271230364003
271230365003
271230366003
271230366004
271230367002
271230367003
270490801014
271230368001
271230368002
271230369001
271090015031
270490803002
270490805001
270490802005
270490801023
270490801012
270490804003
270490806002
270490807001
270490808002
270490803001
270490809001
270490809003
270490803003
270490806001
270490804002
270490805002
270490802004
270490807002
270490801011
270490808001
271230411062
270119503002
271230376012
271230376013
271230376022
271230401001
271230401002
271230401004
271090009032
271090013012
271090005002
271090015022
271230406033
271230406041
271230406043
271230406044
271230407033
271230407032
271230407041
271219702003
271219704003
271230410021
271230411031
271230411032
271230411041
271230411051
271230411053
271230411061
271230419003
271230417001
271230417002
271230417003
271230418003
271230419002
271230420011
271230420022
271230420012
271230421011
271230421012
271230421021
271230405023
271230306021
271230365004
271230349003
271230426011
270059400004
270530262012
270530263012
270530263011
270530264043
270530266121
270530267121
270530265121
270530248022
271479607002
271479607003
271479608001
270030504023
270030508213
270030508211
270030508201
270030508202
270030508212
270030507041
270030506103
270030507021
270054502002
270054509001
270054503002
270054505002
270054501002
270054503004
270054506001
270054503001
270059400002
270059400001
270054508001
270054502001
270054501003
270054507002
270753701002
270753703001
270753704002
270753704004
270753701003
270753703002
271410303003
270054504002
270054504001
270753701004
270753703003
270753704001
270753704003
270530266124
270530266051
270530266052
270530266131
270530267071
270530267112
270530267141
270030508131
270030510011
270030508102
270030508133
270030509012
270030510012
270030512061
270030508181
270030502352
271410301022
271410301013
271410301014
271410304043
271410304021
271410304033
271410304042
271410301011
270591306002
271410302002
271410301023
271410301012
271410302001
270591301003
270591304001
270591306001
270591301002
270591306003
270591301004
270591304002
270591304003
270591302002
270530268122
271370018002
271370018003
271370019001
271370019002
271370020001
271370020002
271370022001
270530267161
270530268111
270530269084
270530268232
270530203011
270530268222
270677812003
270530268203
270030502161
270030508191
270030508192
270030506061
270030508182
270030504021
271370023001
271370023002
271410304024
271410305031
270530272031
270530272033
270530272015
270530275041
270530275031
270531261002
270677804002
270677802001
270677812001
270677803002
270677801001
270677806002
270677804003
270677811002
270677806001
270677805001
270677801002
270677811001
270677806003
270677802002
270677803003
270414501003
270414505001
270414502003
270414502001
270414508001
270030502231
270030502332
270030502372
270030505053
270414501001
270414505003
270414509001
270414509002
270414506003
270414507012
270414502002
270414508002
270414505002
270530024002
271410315003
271410315001
271410303004
271370023004
270531075001
270531090001
270531056001
270530265103
271370156001
271370026001
271370156003
270530264042
270530264022
270530264031
270530268121
270531002003
270530006011
270531025003
271739704002
270530033002
270591303013
270591301001
271494802003
271739701001
271739703001
271739704001
271739702003
271739703003
271739704003
271739702001
271739702002
271739701003
270370601014
271739701004
271739701002
270370610012
270370610031
270370611021
270370607212
270370607091
270370611051
270370615021
270370610011
270370601021
270370607321
270370604022
270370601022
270370608122
270370601031
270090201001
271739701005
271739703002
271370009001
271370009002
270239506006
270239506003
270239504003
271370009003
271370010001
271370012002
271370157001
271370013001
270090203001
270090201003
270090201005
270090202022
270370611082
270370611023
270370611052
270370611071
270370611072
270370611081
270370611083
270074506005
270090201004
270090202061
270054506002
270054509003
270370615012
270370607342
270370608212
270090212001
270090212002
270090212003
270090212004
271711011003
270059400003
270370602021
270370602022
270090212005
270074503004
270074502001
270074505002
270074507021
270074503003
270074506001
270074502003
270074502004
270074506004
270074504002
270074504001
270074503002
270074501004
270074501003
270079400012
270074503001
270074505001
270074501005
270074501002
270359514004
270370603011
270370603012
270370603014
270370604021
271230311002
271230310005
271230311001
271230311003
271230312002
271230312003
271230313001
271390803012
271390808003
270270201001
270270201002
271230310002
271230313002
271230314001
271230314002
271230315002
271230316001
270359517001
270359502041
270359505011
270359508003
270359517002
271230307024
270359513022
271230307021
271230306022
271230306024
271230307023
271230307025
270370602013
270490809002
270490809004
270490801013
270370608121
270370608132
270370608141
270370605021
270370601052
270370605051
270370607303
271450113042
271450003023
271450110002
271450003011
270270203004
271230316004
271230317023
271230318011
270030516001
270030502203
270030508072
270030501142
270270206002
270270301072
270270301023
270270301041
270270302012
270270302021
270270201004
270270302024
270270301071
270270302013
270270302011
270270302023
271119603002
271370101001
271370101002
271370101003
271370103001
271370103002
271370103003
271450115005
271370033003
271370034001
270270201003
271450113024
271450111001
271450006023
271450101021
271119609001
271119609002
271119609003
271119609004
271119609005
271119610001
271119610003
271119610005
271119611001
271119611002
271119611003
271119613002
271370103004
271370104002
271370122001
271119606003
271119613003
271119606001
271119617002
271119605002
271119603001
271119612002
271119605004
271119616002
271119610002
271119615001
271119617003
271119603003
271119605003
271119608002
271119613001
271119612001
271119616001
271119608003
271119606004
271119609006
271450112003
271450115001
271450111002
271450112001
271450116003
271450110001
271450111003
271390813004
271390802051
271390801001
271119610004
270219602002
270219603022
271450003021
271450003022
271450006021
271450005002
271390802011
271390802041
271390802052
271390802054
271390802053
271390804001
271390803021
270219602001
270219400021
270219400023
270219601001
270219606002
270219606003
270219400022
270219601002
270219400012
270219400014
270219603021
270219608022
270219607001
270219608023
270219607003
270219608011
270219400013
270219608012
270219603011
270219400011
270219607002
270370607111
271390809033
271390810003
271390803023
271390809062
270634803002
270634803003
271190201003
271190202001
270370607142
270370607382
270370607482
270370607381
270370607141
270370607132
270370607371
270370607372
270370607171
270370607112
270370607101
270370607411
270370607413
270239505002
270239506001
270370608131
270370607462
270370607392
270370607452
270370607341
270370608063
270370610041
270370610042
270370607292
270370607331
270370607281
270370610051
270370607262
270370607311
270370607313
270370607393
270370607423
270370608142
270370608152
270370608161
270370608143
270370608163
270370608182
270370608291
270370608231
270370610071
270370610072
271051055002
270370609041
270370614011
270370614021
270370606061
270370608251
270370608183
270370608193
270370605093
270370606033
271190206001
271190206002
270370606041
270370614022
270370607161
270370601044
270370607282
270370614012
270370607461
270370609072
270370608232
271051054003
271051052003
271051052001
271051053003
271051051001
271051053001
271051051002
271051054004
271051054002
271051051004
271051053002
270030508091
271051054001
271051055003
271090006005
271090023001
271051056005
271090009012
271090021004
271090009022
271090012012
270530243004
270530201021
270370607253
270951707003
270717902006
271159507003
271159508002
271159503001
271159505002
271159507001
271696704003
271090013022
271090020004
270530216026
270030502152
271090009014
271090009023
271090010001
271090010004
271090011001
271090011002
271090006004
271090021002
271090021005
271230370001
271230371002
271090012013
271090012021
271230405022
271230410012
271230418001
271230424022
271230301001
271230301002
271051052002
271051051003
271051056001
270359513011
270359517003
270359505021
270359513021
271090013011
270030505014
270030505012
270030505013
270030505041
270030505052
270030505051
270030505054
270030506021
271090014012
270290001001
270290002002
270290002001
270030506022
270030506054
270030506071
270030506072
270030506073
270030506074
270030506082
270030506083
270030506091
270030506092
270030506093
270030506104
270030506101
270030507022
270030507042
270030507044
270030507045
270030508074
270030508082
270030508092
270030509023
270030508093
270030508103
270030508104
270030508112
270030508111
270030501152
270030501153
270030509021
270030509022
270030510023
270030509024
270030510021
270030510022
270951704003
270030511011
270030511012
270530241003
270959702002
270959703002
270951704002
270951707002
270951706002
270951705001
270959702001
270959703001
270951707001
270951704001
270951706001
270030513023
270030512062
270030513021
270030513022
270030513051
270030513052
270030515023
270030513053
270030514002
270030515011
270030515012
270030512033
270030515021
270030515022
270030511033
270030501154
270530265126
270030501162
270030502082
270030507114
270030507115
270030507122
270030507123
270030508053
270030508061
270030508062
270030508063
270030508064
270030508071
270030508073
270030502102
270030502103
270030502104
270030502151
270030507061
270030508132
270030508134
270030508135
270030508162
270030509011
270030502162
270030502163
270030502172
270030502182
270030502191
270030511013
270030511015
270030511022
270030511023
270030511032
270030512022
270030512011
270030512013
270030512021
271696708003
270030512031
270030512032
270530059012
270530059021
270530059022
271034806003
271034802002
271696710001
271696709002
271696701001
271696701002
271696705002
271696708001
271696701003
270530078012
270530068003
270531259001
270530077001
270530077002
270530078011
270530082002
270530081001
270530081004
270530082001
270530082003
270530083002
270530084001
270530085003
270530096003
270030502192
270030502201
270530095002
270530095003
270530096001
270530096004
270530107002
270530085004
270530106001
270530106003
270530107003
270530110001
270530110003
270530117031
270030502224
270030502204
270030502211
270030502213
270030502222
270030502223
270530119985
270030506062
270530117032
270530117034
270530117035
270530117041
270530117042
270530118001
270530118002
270530118004
270530119981
270530119984
270530119982
270530120011
270530120017
270530120012
270530120013
270530120015
270530120032
270530121013
270530120036
270530120031
270530121012
270530121022
270530121023
270530201011
270530201012
270530202007
270530201013
270530201022
270530202001
270530202002
270530202003
270530202005
270530202006
270530213002
270530211001
270530211002
270530212001
270030502241
270030502242
270530212002
270530212003
270530212004
270530213001
270530213003
270530203032
270530213004
270030502252
270030502261
270030507062
270030507063
270030507071
270030507072
270030507091
270030507092
270030507101
270030507102
270030507103
270030507104
270030507111
270530203012
270530203022
270530203031
270530203041
270530203033
270530205001
270530203042
270530203043
270530204002
270530204003
270530204004
270131709002
270131709003
270131713002
270131715002
270131701001
270131702001
270131705001
270131702002
270131710001
270131711012
270131715001
270131709001
270131714001
270131708001
270530214003
270131713003
270131706001
270131713001
270530215021
270530215011
270530215012
270530215013
270530215022
270530215023
270131703001
270530215031
270530215032
270530215033
270530214002
270030502281
270030502282
270030502291
270030502292
270030506051
270030506052
270030506053
270131701002
270131701003
270131703003
270131703002
270131707002
270131704001
270131704002
270131704003
270131705002
270131705003
270159605004
270159606002
270159602004
270131706003
270131706002
270131707001
270530206001
270131708004
270131708002
270131708003
270131710003
270131710002
270030502361
270131711011
270131711013
270530205002
270530207001
270530207002
270530208041
270530207003
270530207004
270530208012
270530208043
270530210014
270530209021
270530210011
270530210012
270531056002
270530210021
270131712023
270131712021
270131714003
270131715003
270131714002
270030502321
270030502341
270030502342
271335702001
271335702002
271335701003
271335701002
271335703001
271335703002
270030502351
271335702003
271335703003
271335701001
271079603002
270530269101
270530277002
270531020001
270531067004
270531076004
270531255002
270531089003
270531102001
270531113006
270530001023
270530001011
270530001012
270530001013
270530001014
270530001021
270530003003
270530001024
270530001025
270530003002
270530006031
270530003004
270530006013
270530006014
270530006032
270530006033
270530006034
270530011001
270530011002
270530017001
270530017002
270530024001
270530027001
270530032001
270530038003
270530032002
270530033001
270531262001
270530038001
270370601032
270530059011
271370036002
271090013023
271219704002
271696702002
271696703004
271696703002
271696703001
270434601003
271554601003
270370608211
270370607472
270370609071
270370608281
270370610081
270370606062
270370606032
270370608253
270370608261
270370602011
270370601053
270370604011
270370605061
270370605022
270370605031
270434602002
270370605092
270370605081
270370605055
270370605071
270370608062
270370601043
270370605072
270370608112
270370608113
271079601002
270370608203
270370610091
270370607414
270370607421
270370608213
270370607481
270370610092
270370610082
270434604001
270434604003
270634804003
270634804001
270634804004
270634801001
270634802001
271230358002
271230366002
271277502003
271277503002
271277504003
271277504002
271277505002
271277502002
271277505003
271277501003
271079601004
271079603003
271079601001
271079603001
271079601003
271079602001
271079602002
270170705004
270977803001
270170702002
270170701002
270170706002
270170703002
270170701005
270170705002
270170704003
270170705001
270170705005
270170706001
270170701001
270170703003
270170703001
270170704004
270170705003
270170706003
270179400001
270170704002
271450116001
270131716001
270170701003
270170702003
270170702004
270170702001
270170706004
270179400002
270179400003
270170701004
270054501001
270370607491
270370605091
271310707002
271310707004
270370611062
270370607441
270959701003
270917902003
270917905006
270917905003
270917905002
270054503003
270054507001
270370605033
270370608123
270370605082
270370607353
270370607322
270370608172
270370601012
270370602023
270370603021
270917905005
270917906003
270917906004
270550209003
270690901001
270690901003
270690901002
270690902002
270690901004
270690902001
270370607312
270510702002
270370607391
270370608052
270370607351
270370605084
270370608061
270054506003
270370607503
270370607251
270370607291
270370607323
270370607162
270370608111
270370603023
270370608242
270370603022
270370601023
270370611022
270370605052
270370607172
270370607431
270471810003
271450112005
271450112004
271370155001
271450004013
270370605062
270370605083
271450113023
271370024001
270959701002
271051055001
271051056004
271051056003
271051056002
270490802006
270990003005
270990008002
270990006002
271370030002
271370001001
271370111002
271370128004
271370128003
271370113003
271370154004
271370128002
271370038003
271370158004
271370106002
271370121003
271370103005
271370037001
271370112004
271370112001
271370154003
271370132001
271370151001
271370111004
271370136002
271370003005
271370151002
271370139002
271370152004
271370134001
271370104001
271370114004
271370003001
271370139003
271370003003
271370158005
271370106004
271370154001
271370134003
271370114003
271370141001
271370124005
271370157004
271370121004
271370002004
271370131003
271370014002
271370002002
271370112003
271370121001
271370152001
271370155002
271711005002
271379901000
270459601003
271370026002
271370111001
270074507012
270079400011
270079400013
271370153001
271370141002
270074507011
270079400021
270074507023
271711007033
271711003003
271711007031
270332702001
271370001002
271370001003
271370001004
270332702002
270332704003
270332701002
270332701001
270332703001
270332702003
270332704001
270414510002
270332701003
270332703004
271159501002
271159504003
270159601012
270159607001
270090201002
270090203002
270090202032
271190209001
271190209005
271519603001
270414510001
270414507021
270990001001
271174602001
271277503001
271277501002
270990010003
270990012001
270990013002
270990014002
270990013004
270434601001
270434606001
270917902004
270917906001
270833602003
270550202003
271370002003
271119615002
270090202063
270090202021
271370106003
271370036001
271370133003
271370140002
271370121005
271370023003
271370111005
270530212005
271370114002
271370106001
271370102001
271370151003
271696708002
271696709001
271696704001
271696708005
271696701004
271696702001
271696706003
271696707002
271370105002
270591305012
270251101002
271370009004
270359509001
270359509003
270359510002
270359510003
271370014001
271370112002
271370113001
271370113002
271370005001
271370121002
271370105001
271370152003
271119601033
271119604002
271119614002
271119601031
271119614001
270359504001
270859503005
270859504002
271119607002
271630710132
271630710122
271390803022
270634801003
270634801002
270634803001
270634802003
270359507001
270359504002
270359514001
270359508005
270359514003
270359508001
270359516002
270359516001
270359508004
270359507003
270359511003
270359501001
270359509004
270359507002
270359507004
270359510001
270359512001
270990012002
270990004106
270990010001
270990009001
270990013001
270990002003
270859506002
270990002001
270990013003
270990010002
270634802002
270634804002
271410305024
271410305033
271410305032
271410305034
271410304032
271431701982
271431704003
270859504003
270859504005
270859505002
270859506001
271630707031
271630707012
271630707013
271630707032
270990002002
270990003001
270990003002
270990003003
270990003004
270990004101
271119601032
271119607001
271119601022
271119604001
271034805021
271630702051
271630712062
271630703033
271630701051
271630701043
271630705012
271410305041
271410304031
271410315004
271630710151
271630710133
271630710153
271630710182
271630714004
271554601001
271554602001
271594802006
270434605003
271450105002
271450113021
270359513012
270359505022
270859503004
270859501001
270859502003
270859501004
270859501002
270859504004
270859506003
270859503002
270859503003
270859505001
270859502002
270859503001
270859504001
271630710102
271711009004
270859501003
271711011004
271711011001
270990004102
270990004103
270054509004
270591305021
270591303021
270990004104
270990004105
270990006001
270677808002
271277505001
271277502001
271277506001
271410305021
271410304044
270833604001
270833604003
270833604002
271594803007
271594803004
270054509002
270614808011
270614808024
270159601021
270591303011
270591305011
270591305013
270977806004
271630714002
271630712091
271630709121
271630709112
271630712073
271630710111
271630710101
271630712063
271630709062
271630712093
271630701061
271630701053
271630706023
271630710171
270859506004
270859507001
270859507002
270414507013
271630704034
271630709111
271630709063
271630709061
271630709093
271630709113
270414507011
271630709091
271630710123
271630707041
271630708011
271630709114
270319900000
271630710181
270990008003
270990008004
270990008001
270990009002
270314801001
270314802001
270314801003
270314802002
270314801002
270812010013
270591303022
270591303012
271696703003
271630705011
271630706011
271630703041
271630704051
271630704063
271630704052
271630710141
271630710161
271630712072
271630710112
270833605001
270833606002
270833602002
271630710152
271630710121
271630710142
270859507003
270859507004
271174604002
271174603003
271174603002
271174602002
271174601002
271174605002
271174604001
271174601001
271174603001
271174605001
271479606001
270359511004
271659501004
271659502001
271310705031
270570703001
270570701001
270812010022
270812010011
270812010021
271310705011
271310706013
270812010012
270654801001
270654802002
270654804004
270654804002
270654801003
270654803003
270654803001
270654802001
270654804001
270654801002
270654804003
270654802003
270530203021
271370011001
271370004003
270531226002
270531255001
270530003001
270530022001
270530120014
270530210013
271679501001
270879401003
270879403001
270879403002
270170704001
270170704005
271679501004
271679502002
271679502004
271679502003
271679501003
271679502001
271679501002
271130905001
271130904003
271130901003
271130902002
271130902001
271130905003
271130903001
271130901002
271130902003
270471803002
271130904001
271130901001
271130903002
270471801002
270471807001
270471802002
270471810002
270471803003
270471803001
270471807002
270471801001
270471802003
270471805004
270471804001
270399503002
270399502003
270399503003
270399505001
270399501002
270399504003
270399501003
270399502001
270030507112
270399505003
270399504001
270399505002
270399504002
270399502002
270654803002
270654803004
270399503001
270399501001
270759901000
270531225001
270531225002
270614803001
271090018001
270030508164
270030502081
270030512023
270030502221
270030502212
270030507113
270030513042
270030508163
270030501112
270030501113
270030514001
270030508081
270030502331
270030507043
270030512012
270030508101
270030511031
270030513041
270030508052
270030516002
270030507121
270030507124
270030511021
270030501082
270030501091
271630702031
271630702041
271630702042
270030514003
270030502181
270030511014
270030502202
270030501111
270030506102
270030507073
270030514004
270030501092
270030501093
270030501094
270030501102
271230303001
271630702052
271630702063
271630703012
271630703032
271230301004
271230301005
271230302011
271230302021
271230302013
271230301003
271230302014
271230303002
270531008004
271230303003
271230303005
271630703042
271230304001
271230304002
271230304003
271230305001
271230305003
271230306011
271630703043
271630703045
271630704032
271630704033
270270202022
271630704031
271630704041
270190910004
271277506002
271630711012
271277501001
271277504001
271630704061
271630704062
270270203001
270270203002
270270203003
270270204001
270270204003
270270302022
270530274002
270530274003
271019003001
271019003002
270530274004
270530275011
270530275014
270270205002
270270205003
270270205004
270270206001
270935601003
270270206003
270270206004
270270205001
270935603001
270530275012
270530275032
270530275034
270530275033
270530275043
270270301021
270270301022
270270301031
270270301043
270270301061
270530275042
270530276011
270530276013
270530276021
270530276022
270530276024
270530276025
270459605003
270531036001
270531036002
270531037001
270531039001
270530276026
270531023002
270531025001
270531026001
270531026002
270531028001
270531028002
270531029001
270531030001
270531030002
270531031001
270531034001
270531034002
270531034003
270131712022
270270301062
270270302014
270530267131
270530267132
270530267133
270530267134
270531040001
270531040004
270531040005
270531041002
270531044001
270531261003
270531261001
270531048001
270531048003
270530267142
270530267143
270530267152
270530267153
270530277001
270530277005
270531002002
270531002001
270531004003
270531005001
270531005002
270531007002
270531012001
270531009001
270531009002
270531009003
270531012004
270530268091
270530267162
270530268071
270530268075
270530268093
270531013001
270530268101
270530268103
270530268104
270531257001
270531016001
270531018001
270531018002
270531021002
270531019001
270531019002
270531019003
270531020003
270531021001
270531021003
270531023001
270530268113
270530268105
270530268106
270530268112
270530268144
270530268141
270530268142
270530268143
270530268153
270270201005
270270202021
270530268145
270530268151
270530268152
270530268184
270530268161
270530268162
270530268163
270530268164
270530268165
270530268181
270530268182
270530272013
270530268201
270530268202
270530268204
270530268221
270530269032
270530269033
270530269061
270530269062
270530269063
270530269071
270530269072
270530269081
270530269082
270530269083
270530269102
270530270021
270530270022
270530270023
270530271011
270530271012
270530271013
270530271021
270530271022
270530271023
270530271024
270530272011
270530272012
270530272014
270530272016
270531097001
270530272021
270530272022
270530272032
270530273002
270530273003
270530273004
271090014023
271090015013
271090015011
271090018002
271090019003
271090015032
271090016011
271090016012
270531115005
270531115003
270531116001
270531116002
270531116003
270531116004
271090016013
271090017012
271090017013
271090017021
271090017022
270531091003
270531091004
270531091005
270531092002
270531093002
270531093005
270531094001
270531094002
270531097002
270531098001
270531098003
270531099004
270531098004
270531098005
270531099002
270531100001
270531113001
270531090002
270531091001
271090017024
270531055001
270531055004
270531060001
270531054001
270531060002
270531062002
270531065003
270531111002
270531111004
270531112001
270531112002
270531112003
270531113002
270531113003
270531113005
270531076003
270531111003
270531114001
270531114002
270531114003
270531114004
270531066001
270531066002
270531074001
270531074002
270531075002
270531076001
270531258001
270531076002
270531080001
270531080002
270531080003
270531080004
270531086001
270531086002
270531086003
270531102002
270531087003
270531088001
270531088002
270531088003
270531088004
270531089001
270531049001
270531049002
270531049003
270531049004
270531049005
270531051002
270531051003
270531052041
270531102004
270531104001
270531104002
270531104004
270531100002
270531101001
270531101003
270531105003
270531105004
270531105005
270531109003
270531105001
270531108005
270531108006
270531109001
270531111001
270530262082
270531066003
270531067002
270531070001
270531070002
270531070003
270531260001
270977808002
271370016001
271370013002
271370014003
271370016002
271370017001
270190901004
271450101011
271450112002
271450005003
271450003012
271450113041
271450106002
271450102003
271450004021
271450116002
271450003025
271450006012
271450004011
271450004012
271450010011
271450010014
271450101012
270190907012
271450101013
271450101022
271450005001
271450113013
270030501151
270190907011
271450008014
271450006022
271450009011
271450005004
271450113043
271450104012
271450104032
271450104031
271450110003
271450116004
271370017002
271370018001
270530095001
270530210015
270530202004
270530277004
270530256034
270530276012
270531097003
270530252012
270531064002
270530117033
270530273001
270530268154
270530266093
270530267074
270530268092
270531108001
271310708001
270530258032
270530206002
270530277003
270530027002
270531093003
270530121011
270530238013
270530068002
270530268073
271594802001
270530221022
271554602002
270531007004
271310708004
270531048002
271594802005
271594803008
271594802004
271594801002
271594803005
271594802002
271190205002
271594801001
271594801003
271594802003
271594803006
271594803001
271696704006
271696705001
271130904002
271617902002
271617904001
270370609021
270370609043
270370615011
270370608173
271190204001
271190210003
271190203001
271190210001
271190204003
271190205001
270459604004
271190209004
271190209002
271190205003
271190208001
271431702002
271431702005
271431703003
270977806005
270977806002
270370607354
270370608051
270370604012
270370607271
270370611061
270370603013
270370607422
270370607211
270799502002
270799504002
270799506003
270799501001
270799502001
270799503003
270459602001
270459602003
270459603004
270459606001
270459603002
270459603003
270459602004
270459605001
270459605002
270459601002
270459606002
270459604003
270459601001
270459606003
270459602002
270459604001
270459604002
270459603001
270459605004
270799501004
270459606004
270799504001
270799501003
270799504003
270799506002
270799506001
270799503001
270799505003
270799502004
270799506004
270799501002
271519602004
271019002001
271019002002
271390809052
271390811001
271390811002
271390812002
271574905003
271574906002
271574906001
271390812003
271519604001
271519601002
271519602001
271519604002
271519601001
271519601003
271519603002
271519604003
271431703002
270251104021
270251104014
270434603003
271410305022
271630711021
271431702001
271431704001
271431704002
271431702003
271431701984
271431702004
271431701983
271431703001
271431701981
270530248012
271190207002
271190207003
271431704004
271297904003
271297905003
271297905002
271090005001
271297906004
271450102002
271090006001
270530239012
270530239022
270530239031
270530239033
270530240052
271090006002
271090006003
271711007035
271711005001
271297901003
271450109004
270717901002
270530240031
270530240032
270530240033
270530240041
270530241002
270530242001
270530242002
270530242003
270530243001
270530243002
271711007022
270530244001
270530244002
270833606001
270833601001
270833602001
270731802002
270731803002
270731803001
270731801001
270530246002
270530246003
270530247001
270530247002
270530247003
270530245003
270530248021
270833607002
270530249011
270530249022
270530251001
270833606003
270833605003
271310709022
270833607001
270833601003
270833607003
271310705042
271310705041
271310706021
271310705012
271310709021
270531115004
271390810001
270531052012
270531054002
270530110004
270530120033
270530119983
270531115002
270530239013
270530209033
270530222002
270530240062
270530260211
270530257016
271370156002
270614801001
271630705021
270017905021
270017702003
270017704002
270017905022
271370029001
270530260153
270530260202
270530266091
270074506003
270530262083
270530266132
271370002001
270530267154
270530265092
270530266063
270414508003
270753701005
270530267061
270530268223
270530268233
270530268231
270530268192
270531257003
270531012003
270054505001
270370607092
270074507013
270074501001
270074502002
270074504003
271390806002
271190210004
271190208002
271190210002
270591302001
271390812001
271390813001
271230303004
271230424024
271390810002
270550201003
271537908001
271537901003
271537903001
271370003002
271370003004
271370004001
271370004002
271370029002
271370030001
271370158001
271370158003
270370607093
270370607102
270370607131
270370607502
270370607252
270370607261
270370607272
270370607301
271370158002
271370033001
270370607302
270370607332
270370607333
270370607352
270370607412
270550209002
270550209001
270550205001
270550203001
270550202001
270550203002
271370006002
270550202002
270550201002
270550201001
271370004004
271370005002
271370005003
271370006001
271159501001
271370006003
270370605054
270370608151
270370608162
270370608171
270370608181
270370608191
270370608201
270239506004
270414510004
270414506001
270414510003
271450005005
270054505003
270370608221
270370608241
270370608252
270239504001
270239504002
270239506005
271370006004
271370006005
271370007001
271370007002
271370007003
270332703003
270332703002
271159506003
271159506001
271494803001
271494801001
271494801003
271494801002
271494801004
271494802001
