280490108052
281499503001
280490101013
280859502003
280490108083
280490108081
280539503001
280539503002
280539503003
280859504004
280859503004
280859503001
280859503002
280859502004
280859501002
280859504003
280859505003
280859503003
280859506001
280859505001
280299506002
280039503001
280490016003
280490016004
280490019002
280490020001
280490020002
280490021001
280490021003
281079506003
281639505002
281639506005
281510009001
281510009002
281510009003
280750006001
280990104002
280999401002
280990106002
281510010002
281510011001
281510012003
281510012002
281259502001
281259502002
280299503003
280299502004
280299505003
280299502001
280299505002
280299502003
280299501004
280419502003
280490034001
280299503002
280490016002
280490033001
280490033002
280490033003
280490033005
280490034002
280490035002
280490035003
280419502001
280419502002
280419501004
280419502004
280419502005
280419501001
280419501003
280419501002
280979501003
280870007001
280590411003
280590403002
280590403003
280590403004
280490001001
280890303012
280890305001
280890305003
280890308001
280890310002
280890302012
280890302013
280890305002
280890306001
281139506002
280179501002
280179502001
280179504003
280179504004
280179501004
280179501001
280179503004
280179504001
280179503001
280979503004
280979502002
280979503001
280979501001
280979503002
280979503003
280979502003
280979502001
280890301042
280890301072
280890301082
280890301041
280890301061
280890301051
280890301053
280890301054
280890301063
280679506001
280470033031
280470033042
280470012012
280010007001
280779603001
280779602002
280590401021
280590401012
280590408002
281379504001
281379504004
280870003003
280870004014
280870011002
280750106001
280279505003
280279501002
280279504001
280279505004
280330704111
280330706301
280330702221
280330708111
280330710001
280330701021
280330701012
280330701022
280779602001
280330702101
280350008004
280219503004
280219503002
280219503001
280219503003
280219501001
280219501002
280219501003
280119503004
280119502002
280119505002
280350107001
280179503003
280179504002
280179504005
280179501003
280179503002
280590402014
280590402041
280590404002
280590402032
280590402031
280590429001
280590413005
280679501003
280859501004
280679506002
280679503013
280679508002
280679502002
280679505003
280679509003
280679508003
280679509001
280679508005
280679510002
280679501004
280679506005
280679510004
280679502001
280330703242
280330703221
280330703231
280330703232
280330703241
280439503001
280330704221
280330703101
280330703222
280439505004
280439502003
280439501001
280439505003
280439502002
280439501003
280330706302
280439503002
280119506004
280330711102
280330705222
280330707102
280330705221
280119504001
280119504002
280119505003
280119504003
280119502001
280119501001
280119505001
280119502003
280119503001
280239502004
280239501001
280239501004
280239501003
280239504003
280239503003
280239502003
280239503001
280239504002
280239503002
280559501001
280859506003
280239501005
280239503004
280239502002
280239504001
280859502002
280859504002
280859502001
280859501001
280859501003
281079505002
280859506005
280859504001
280790406005
280559501002
280719503011
280719504012
280719503012
280719505022
280719501002
280719505015
280719503013
281079506004
281079506005
281079506001
281079506002
281079504001
281079503001
281079504003
281079503003
281079504002
281079505001
281079505003
281079501004
281079501001
281079503002
281079501002
280470012024
280470039003
280470009001
280470012011
280470012021
280470012023
280819510021
281510013001
281510017001
281510017003
281510020001
281510015001
280719502023
280819503011
280819507003
280819501021
280819503022
280819510011
280819511005
280819505004
280819511003
280819502012
281199502001
280819511002
280819511004
280819510022
281359503001
280719502022
280790404004
280719503021
280719502013
280719501001
280719504011
280790404003
280790406001
280790407003
280790407002
280819509021
280490007004
280490007005
281199502002
281199503002
281199501001
281199503001
281199503005
280819508002
281199503003
280819504021
280819507002
280819511001
280819511006
280470016004
280470016002
280470017001
280470017002
280470017005
280470019001
280470019002
280470020001
280470033012
280470031023
280470006001
280470012022
280470015011
280470019003
280819503023
280819507004
280819509012
280819502011
280819501022
280819502023
280819502022
280819503021
280819504012
280819505002
281299502006
280819505005
281230206002
280490006001
280819506022
280819506021
280819506023
280819506012
281299503005
281299503002
281299501004
281299501001
281299502005
281299503004
281299501002
281299502004
281299502002
281299502003
281299503003
280819507001
280470020002
280470038001
280470023001
280470023003
280470024001
280470024002
280470025001
280470026002
280470026003
280819508001
280819508003
281230206003
280819509011
280719502012
280470013001
280470014003
280470014004
280470015012
280470016001
280819502021
281230205001
281230201002
281230201005
281230201003
281230201001
281230203001
281230204001
281230205003
281230202002
281230202004
281230201004
281230205004
281230203002
281230202001
281230206001
281230204002
280470018001
281230204003
281230203003
281230202003
280470034022
280470031022
280470013002
280470032062
280470014002
280470037003
280470017004
280470039004
280470003003
280470027004
280470026001
280470031011
280470032041
281099504021
280490006002
280490006003
280490007001
280490007002
280490007003
280179502002
280470027001
280470027002
280470027003
280470028001
280470029001
280470029002
280470030001
281539504004
281539503004
281010502002
281010503002
281010501003
281059506023
280490019001
281099504022
281099507002
281099504013
281099501001
281099502001
281099501004
281099504012
281099505014
281099504023
281099501002
281099502002
281099503001
281099505023
281099503002
281099505011
281099501003
281099506002
281099505022
281010505003
281010504003
281010502003
281010504004
281099506003
281479503003
281099507001
280490024001
280490024002
281099506004
280490024003
280490025001
280470032051
280470032052
280470032053
280470033014
280470033013
280490022002
280490108082
280490108091
280490112024
280490013002
280490013003
280870001012
280490015003
280490015001
280070602001
280070603001
280870001021
280870004032
280870004033
280870003001
280870008001
280870006001
280870004031
280870007004
280870004042
280490027001
280490030001
280490030002
280490030003
281479503002
281479501005
281479503001
281479501004
281479501002
281479501001
281479501003
281479503004
281479502001
281479503005
280619502002
280070604002
280490032001
280590413002
280590413003
280590414003
280590414004
281510021001
280619503002
280619503004
280619504004
280619504001
280619501002
280619501001
280619501003
280619504002
280490112012
280490111024
280490111031
280490111021
280490112022
280490112021
280490111032
280490112011
281639504002
280490105005
280490107001
280490105003
280590416001
280590416002
280490006004
280490109012
281559502002
280679501005
281639501003
281639506002
281639505003
281639501004
280679502003
280679511003
280679511004
280679507001
280679501001
280679505001
280679511002
280679510001
280679508001
280590405005
280679506003
280679506004
280679507004
280590403005
280590404001
280590404003
280590405001
280590405003
280590405004
281619501001
280059503004
280059502003
281499509011
280719502011
280590402042
280679508004
280679509002
280679509005
280679510003
280679501002
280679503021
281619503001
281619502002
281619502003
281619503004
281619503003
281619502004
281619501002
281619502001
281010502001
281010503004
281010505001
281010504002
281010504001
281010504005
281010503005
281010503003
281010501002
281010501001
281010503001
281010505002
280330704211
281010505004
280330701011
280330702211
280330711101
280330712001
280330705212
280330707211
280330708121
280330710003
280119504004
281159501013
281159503004
281339501003
280939505004
280939501002
280939503005
280939505005
281339501002
281339501001
281339503003
281339502004
281339505003
280279505002
281339502002
281339502003
280279503003
280279501004
280279501003
280279503001
280279507002
281339504023
281339503001
281339504011
281339504012
281339504013
281339504014
281339504021
281339504022
280159502003
281339505002
280279504002
281119501012
281119502001
281119502002
281119502003
280159502001
280159501003
280159502005
280939505003
280159501004
280159501002
280750007003
280939503002
280939502004
280939502001
280939503001
280939504023
280939505001
280939503003
280939501001
280939505002
280939504021
280939502002
280939501003
280939501004
280099501003
280990104004
280099501001
280099501004
280099501002
280099502002
280099501005
281310201001
280099502001
280690302002
280990104003
280639501006
280299505004
280299502005
280299501002
280299504004
280299504001
280299505001
280299502002
280299501001
280119506001
280119506002
280119506005
280819506011
280819800001
280750102021
280750106004
281379501002
281379502004
280730202011
280730202021
280730202022
280730203022
280730203013
280439502001
280439505001
280439501002
281310202021
281310201003
281310202013
280959508002
281310202022
281310201002
280319503001
280010003002
280679503011
280679505004
280679504023
280679504021
280679504011
280679511001
280679800001
280679504022
280730203023
280719505013
280719503022
280719505012
280719505011
280719504023
280719504022
280750006002
280959506003
280959508001
280959508003
280959501003
280959503002
280959503001
280959506002
280959502005
280959505012
280959501004
281510002002
281510007012
281510001002
280959503003
280959506001
280959507002
280959504001
280959502003
280959502004
280959504003
280959505021
280959508004
280490107003
280750004003
281479502002
280959502002
280959502001
280959501001
280959505011
280959501002
280959505022
280730202023
280730203011
280730203014
280730206002
281359502003
280919502001
280919506002
280919505002
281510003002
280490105004
280490106001
280490112023
280490002005
280490108071
280490033004
280490102021
280490101015
280330708211
280490105001
280299501005
280470036002
280759800001
280750103012
280750103023
280750006003
281199501002
280750002003
280750004005
280490102025
280330707101
280330708221
280330708222
280330708112
280330703251
280330703243
280330703102
280490103012
280490104002
281039501005
281039502001
281039501003
281039502003
281039501004
281039501001
281039502002
281039503002
281039501002
280490104003
280490109011
280490109023
280490110022
280490111011
280330705223
280010001002
280330707212
280330708212
280330704222
280330708122
280490101021
280330705211
280490101025
280490102011
280490102012
280010001001
280010001004
280010005005
280010002002
280010008001
280010008003
280010008002
280010008004
280010001003
280010002003
280010009001
280010005003
280579501001
280010005004
280010003003
280490102023
281510004001
281510006001
281139505003
281139505006
281619503002
281510003003
281510015002
281510008001
281510014002
281510001001
281510010001
280579503001
280579502001
280579501003
280579501002
280579504001
280579502003
280579504002
280579505003
280579501004
280579503003
280579504004
281139503003
281510004004
281510003001
280579503002
281159503002
281510006002
281510006005
281510006003
281510007011
281510007021
281299501003
281359501003
281359501002
281359502002
281359502001
281359503002
281359504003
281359504001
281359501001
281359503003
281139504001
281139505005
281139505002
281139503001
281139503002
281139503004
281139503005
280059502004
280059503002
281139505007
281139507001
281139507004
281139506003
281279503004
281510014003
281510004003
281510002001
281559502001
281559503002
281559502003
281559501002
281559501003
281559501001
280679509004
281279502001
281279505003
281279505001
281279501002
281279501004
281279501003
281279504007
281279501005
280059501002
281279502003
280059501003
280059503003
280059501001
280059501005
280059503001
280059503005
281499508001
281079505004
280059502002
280059502001
280470033015
280470035051
280470035053
280470006002
280470030002
281339503002
281299502001
281339501004
281499501002
281499502004
281499507003
281339506001
281339501006
281299503001
281339505001
280659501003
281419503003
280659501002
280659502011
280659502012
280659501001
280659501004
281219800001
280679504024
280679507003
281279505004
281279504006
281279504004
281279504005
281279503003
281210203023
281210203021
281210202121
281210208025
281210202093
281210202072
281210202111
281210202094
281210210022
281210202064
281210210024
280590411001
280070605002
280070605004
280990102001
280590407003
280590407004
280590407005
280590409002
280590410001
280870007003
280590411002
280590411004
280590411005
281510017002
281310202023
281310202012
281499503003
280070605001
280990101002
280990106004
280990106003
280990105003
280990105002
280990105001
280990102003
280990101003
281499501001
280990104001
280070606002
281499506002
281499508002
281499506001
281499503002
281499511013
281499509013
281499506004
281499502002
281499511011
281499505002
281499501003
281499511021
281499502001
281499506003
281499502003
281499509022
281499511023
281499511022
281499511012
281510015004
281510013002
281510014004
281510015003
280070601002
281499503004
281499504001
281499504002
281499504003
281510016001
280490109022
281499505003
281499507001
280690302004
280690301003
280690302005
280690301001
280690301004
280690302003
281499507002
281499501004
280859505002
280439504001
281099507003
281099507004
280070604003
280070602002
280070601001
280070604001
280070606001
280070603003
280070603002
280890302021
280890301012
280890301013
280890301014
280350101022
280890302032
280890301085
280890303022
280890308002
280890301084
280890301011
280890301052
280890305004
280890309003
280350106002
280119501002
280119503002
280119503003
280119504005
280279501001
280279502002
280279503002
280279502001
280490013001
280819502014
280330702213
280679507002
280119507011
280159502002
280159502004
281339501005
280870006002
280159501001
280839508001
280839509002
280819509022
280819504023
280819502013
280819503012
280819505001
280750107002
280750002002
280750003001
280750003003
281510011002
280859505004
280119507013
280750104001
280750103011
280750102024
280750106003
280750011023
280750103022
280750007001
280750010001
280750105002
280750102011
280590405002
280590408003
280590410003
280590414002
280590413006
280590401023
280590409001
280590401014
280590401024
280590413001
280590410002
280590413004
280590401013
280890301081
280890301062
280890304001
280890309002
280890309001
280890302041
280890309004
280890310001
280590414001
280590401022
280350102002
280350103002
280350103001
280350105001
280590409003
280590402012
280590429002
280590417001
280590408001
280590402013
281579502005
280350107002
280350102003
280350101023
280350003003
280350103003
281579502003
281579502004
281579502001
281579501001
280350102001
280350106004
281579502002
281579501003
281579501002
280350102004
280350011001
280350005001
280350105003
280350101011
280350006003
280990102002
280139501003
280139503003
280990106005
280990107001
280990101001
280990106001
280990107002
280579502002
280590418002
280590421003
280579505001
280579505002
280579502004
280579504003
280350006002
280350002003
280350003001
280350003002
280350107003
280350006001
280470034021
280350006004
280350006005
280350007001
280350007002
280350007003
280350008001
280350002002
280350002001
281199503004
280450306011
280450303007
280450304001
280450302005
280450306023
280450306021
280450306012
280450306022
280470035021
280470035023
280350104001
280350008002
280350008003
280470035043
280470033033
280470034041
280470034042
280470034044
280350009002
280350010001
280350010002
280350010003
280350011002
280350106001
280350101021
280470035012
280470018003
280470016003
280470015023
280470034043
280470035014
280470034031
280470032081
280470032061
280470035041
280470031012
280730206004
280470028002
280519502004
280519503002
281099505012
281099505021
281099504011
280730203012
280730205001
280730206001
280730201003
280730203021
280730204002
280659502013
280259504004
281079501003
281259501004
280659502024
280779601001
281639503002
281119501021
281119501023
281310202011
281079502001
280870005001
280790404002
280870004015
280870004011
280219502002
280259503003
280259503004
280259504001
280259504002
280779602003
280779601004
280779603002
280779601002
280779602004
280779601003
280490101022
280490101023
280490101024
280259504003
281599503004
281599503002
281599502001
281599504002
281599505001
281599501002
281599504004
281599505002
281599503003
281599502002
281599503001
281599505004
281599504001
281599505003
281639506003
281639502001
281639502003
281639501001
281639503004
281639506001
281639506004
281639504001
281599502004
281599502003
281599504003
281599501003
280330707222
280330709001
280330704212
280490103013
280490103042
280490103043
280490103051
280490103052
280490104004
280490111012
280010004001
280010004002
280010004003
281639502004
281639503001
281639503003
281639505001
281639502002
280490111022
280490111023
280490113003
280010003001
280010005001
280010006003
280010006002
280010007002
281159502001
281159503003
280010009004
280010009003
280010002001
280010005002
280010009002
281159501022
281159504003
281159502003
281159503001
281159505001
281159502002
281159501023
281159501012
281159501021
281159505002
281159501011
281159504001
281159505003
280450305002
280450306024
280470012013
280470014001
280470033032
280470033011
281159504002
280470033016
280470037001
280470009002
280479800001
280470017003
280470015021
280470038002
280490010001
280490011001
280490008002
280490008003
280490008004
280490008005
280490009001
280490009002
280450303002
280470015022
280470034024
280470032071
280470032073
281259501002
281259501003
281259501001
281479501006
281619501003
281619503005
280819501013
280819501011
280819504022
280819510012
280819501012
280819504011
280819501023
280979501002
280979503005
280470032063
280470035042
280470032072
280470039002
280470001001
280470006003
280470020003
280470028003
280470035052
280479900000
280279504003
280279504004
280279506001
280279506002
280279507001
280279507003
280750007004
280750008002
280750009002
280279507004
280279507005
280279505001
280750009003
280750105001
281359504002
280330704123
280330708301
280330712002
280330704122
280330711201
280330703252
280330707221
280330705202
280330706101
280330710002
280330711203
281139501011
280750010002
280750010003
280750010004
280750011013
280750011014
280750011011
280750102025
280750103013
280750104002
280750009005
280330704121
280330709002
280330711202
281139501012
281139501022
281139502001
281139505004
281139507002
281139505001
281139506004
281139504002
281139506001
281139507003
281059501001
281059502002
281059507003
281059502004
281059502003
281059501002
281059507001
281059507002
281059507004
281059507005
280119501003
280119506003
280690301002
280690302001
280450304003
280450305001
280450301001
280450304002
280450303004
280450301002
280450301004
280450301005
281179501003
280639501001
281059503001
281059503002
281059504003
281059505001
281059505002
281059505003
281059505004
281059506022
281059506021
280119507021
280330705201
280330706201
280039505002
280039505005
280039504002
280039506001
280239502001
280239501002
280490032002
280490036001
280490036002
280490037001
280490037002
280490037003
280490038002
280490101011
280490101012
280490022001
280330702212
280619503003
280619504003
280619502001
280619503001
280490004003
280919503001
280919503002
280490110012
281119501013
281119501014
281119501011
281119501022
280839504001
280519502001
280450303005
280459900000
280450303003
280519501004
280519503001
280519505002
280519505004
280519501005
280519505003
280450303008
280450305003
280450302004
280450306013
280450301003
280450303001
280450302001
280450302002
280450302003
281179503005
281179503004
281179503003
281179502003
281179504002
281179501001
281179502004
281179502001
281179503006
281179501005
281179501004
281179503002
281179504003
281179501002
281179504001
281179502002
281179503001
280039507002
280450303006
280450302006
280399501013
280399503013
280039502005
280399503022
280039507003
280039505003
280039502002
280039501002
280039506002
280039502001
280039501003
280039504004
280039504003
280039504001
280039505004
280039503002
280039501004
280039507001
280039502004
280039501001
280039502003
280719505031
280070605003
280070606003
280039502006
280039503003
280039505001
281379502002
281379502003
281379503011
281379503012
281379504003
280399503021
280399501011
280399503012
280539501001
281099505013
280719505033
281099504014
280719505021
280719504013
280719505014
280519502002
281559503001
280519501002
280519505001
280519504002
280519503003
280519501003
280519504001
280519502003
280519504003
280519501001
280750004001
280750105003
280750009001
280750003002
280750107001
280750102014
280750002001
280750102022
280750102012
280750011012
280750102013
280750103021
280750009004
280750105004
280750106002
280790406004
280790407001
280790405002
280790401002
280790405003
280790404001
280839503002
280790406002
280790401001
280790405001
280219502001
280839503004
280839503003
280839501002
280839504002
280839502002
280839502003
280839502001
280839503001
280839507002
280839501001
280839506005
281399504003
281399502003
281399503003
281399504001
281399504005
281399503002
281399501003
281399503001
281399504002
281399504004
281399501002
281399502001
281399501004
281399501001
280719503014
280379501003
281079502002
280870008004
281539504002
281539501004
281539502005
281539504003
280719505032
280719502021
280839507001
280839506001
280839506002
280839506003
280839506004
280839506006
280379501001
280839507003
280839508002
280839508003
280750011021
280490005001
280490005003
280490005004
280379502001
280379501005
280379501002
280379501004
280379502003
280379502002
280919506001
280870008002
280870008003
280919505003
280919505001
280919501002
280919506003
280919504001
280919501001
280919501003
280919501005
280919504004
280919502002
280919504003
280919506004
280919503003
281539502002
280919504002
280919501004
280870009003
280870009004
280870009005
280870009006
281539503003
281539503002
281539501002
281539503001
281539504001
281539502003
281539502004
281539502001
280399501012
281539501001
281539501003
280819509023
280839508004
280839509001
280839509003
280839509004
280839504003
280399501022
280399502001
280399503014
280399501021
280399503011
280139501002
280490011002
280490012001
280139501001
280139502002
280139502001
280139504001
280139503002
281419504006
280859505005
280399502002
280719504021
280139505001
280139504002
280139505002
280139505003
280139504003
280139503001
280470023002
280470024003
280470032083
280470035011
280470035022
280470036001
280470003001
280470039001
280470039005
281419502001
281419501003
281419503005
281419502002
281419504001
281419501001
281419503004
281419503002
280490003021
281419502003
281419504004
281230205002
280750004004
281419503001
281419504003
281419504002
281419504005
281439501003
281439800001
280750105005
280470013003
281099502003
280859506002
281379503022
281379501001
281379503013
281379501003
281379503021
281379502001
281379504002
280299501003
280539502003
280299504002
280299504003
281210202085
281210202081
280319501001
280319504002
280319501002
280319503002
280319504001
280319504003
280319502002
280319504004
280319501003
280319503003
280319503004
280299504005
280299503001
280299506001
281210203011
281210203013
281210204012
280490035001
280490105002
280490113002
280490001002
280490001003
280490001004
280490002002
280490002004
281059504004
281210202063
281210202061
281210207042
281210202074
281210206003
281210202092
281210202122
281499509012
281499505001
281499504004
281499509021
280959504002
280599900000
280590402043
280590403001
280590410004
280490003022
280490003011
280490003012
280490003023
280490003024
280490004001
280490004002
280939504011
280939504012
280939503004
280939504022
280959507001
281059504002
281179504004
281179505001
280350106003
280350101012
280350105002
280350106005
281059502001
281059504001
281059501003
281059506012
281059506011
281210201022
281210202112
281210202091
281210202131
281210202082
281210202073
281210202062
281210201013
281210210021
281210204011
281210208021
281210209003
281210210012
281210201011
281210209004
281210208011
281210208024
280890301071
280890301083
280890307001
281210201021
281210203022
281210202083
281210209001
281210201012
281210201023
281210210032
281210209002
280350009001
281210202084
281210208023
281210203012
281210210023
281210204022
280119507022
281210206001
281210206004
281210207011
281210207044
281210207043
281210207041
281210207031
281210202071
281210208022
281210205002
281210205001
281210208012
281210204021
281210204023
281210208031
281210210011
281210210031
281210206002
281210202101
280639501004
280350104002
280350104003
280939502003
280490114002
280490115001
280490025002
281510007023
280590419002
280590429003
280590427002
281510007022
281510020002
281510014001
281510008002
281510007013
280859506004
280199503002
281279502002
280259503001
280590415001
280590422003
281510007024
281510006004
281510004002
281510012001
280350009003
280779603003
280890302061
280890303023
280890304002
280890303024
280890303021
280890304003
280890306002
281599501001
280439503003
280490114001
280439504002
280439504003
280439504004
280439505002
280490102032
280490103011
280490108041
280490104001
280490109021
280490014001
280490115002
280490038001
280490035004
280490105006
280490005005
280490012002
280490023001
280490010002
280490015002
280490021004
280490102024
280490110021
280490002003
280870001022
280870002001
280870005003
280870010001
280819505003
280490008001
280490108051
281139502002
281139501013
281399504006
281399502002
281639501002
281459504001
281459505001
281459506001
281459503001
281459502001
281459502002
281459503003
281459505003
281459503002
281459505004
281459504003
281459501003
281459501001
281459506002
281459502003
281459505002
281459501002
281459504002
281139501021
281139502003
281339502001
281339506002
281419501002
280470034023
280470033041
280470037002
280470035013
280470003002
280470018002
280010006001
280639501002
280639501003
280639502001
280639501005
280590418003
280590416003
280590417002
280590418001
280590418004
280590420002
280590420001
280590422001
280590419001
280590420004
280590421001
280590421002
280590421004
280590426001
280590422002
280590422004
280590425001
280590425002
280590425003
280590426002
280590406001
280490002001
280490108061
280590426003
280590427001
280590401011
280590402011
280870007002
280890301064
280890302011
280890302014
280890302022
280890302023
280890302031
280890302042
280890302051
280890302052
280890302062
280890303011
280659501005
280659502022
280659502021
280659502023
280470031013
280470031014
280470031021
280470032082
280470032042
280470032043
280059501004
280990107003
280990101004
280999401001
281210202102
281210202103
280590420003
281279504002
281279504001
281279503001
281279503002
281279502004
281279501001
281279504008
281279504003
280590406002
280590406003
280590406004
280590406005
280590407001
280590407002
280870005002
281099506001
280259503002
280259505003
280259501004
280259502002
280259505001
280259501003
280259502001
280259501001
280259505002
280259501002
280319502001
281459506003
280119507012
280539501003
280490033006
280490113001
280490021002
280490102022
280490107002
280490108072
280490110011
280490016001
280490103041
280490101014
280490005002
280679503012
281039503001
280679502004
280679504012
280679503022
280490106002
280539501002
280539502002
280539502001
280490102031
280490108012
280490027002
280490106003
280490014002
280490108062
280870003002
281439501001
281439502001
281439502003
281439502002
281439501002
281510016003
281510016002
280870010002
280870011001
280870004013
280870003005
280870009002
280870009001
280870003004
280870004012
280870001013
280870001011
280870004041
280730202012
280730204001
280730201004
280730204004
280730205002
280730201002
280730201001
280730204003
280199501003
280730205003
280730204005
280730206003
280750007002
280750004002
280750011022
280750102023
280750106005
280790401003
280790406003
280199502003
280199503001
280199502002
280199501001
280199502001
280199502004
280199501002
280490108011
280750008001
281279505002
280679505002
