290398703003
290398703004
290398701005
290398701001
290398701004
290398701002
290398703001
290398702004
290718011014
292198201021
292198202022
292198201031
292198201011
292198201033
292198201025
292198201013
292198201032
292198202021
292198201024
292198201022
292198201023
292236903004
292236903002
292254703012
292254701022
292254701013
292254704021
292254703022
292254703021
292254701021
292254701012
290398702003
290398702005
290398702002
290398702001
291869601001
291869601002
291869602001
291869604001
291869601004
291869602003
291869604002
291869603001
292198202023
291869603002
291869603003
290770023004
290770050021
290770055001
290770055002
290770055003
290770056002
290770040022
290770046005
290770048013
290770048031
290770051002
290770052003
295101186001
292134804011
292134802015
291869601003
291869604003
291869602002
291869602004
291869602005
290318813001
290630802003
290970122001
290630801003
290630802001
290630801005
290630801001
290630802002
290630801004
290630802005
290630801002
290630802004
291833103021
291833103022
290318813002
290079506002
290414701001
290414702002
290414703001
290414702001
290414703002
290414702003
290414703004
290414701002
290414703003
290910907006
290910908004
291094704002
291450202002
291450201004
291450209003
291450204001
291450204006
291450206021
291450201002
291450202003
291450208004
291450201003
291450201005
291450205021
291450207002
291450204005
291450204003
291450204004
290910907002
290910907003
291094706012
291450202004
291450202005
291450203001
291450203002
291450203003
291450204002
290539504001
290539505005
290539502002
290539505001
290739603002
290739605004
290739602002
290739605001
290739604001
290739604002
290739603001
290739601003
290739602001
290739601001
290739605003
290739605002
291833104001
290910902001
290770043022
290910907001
290910904003
290910905004
290910905003
290770044001
290770044002
291154905002
290770045001
291319625004
291319629002
291319629006
291319626003
291319625001
291319628001
291319628002
291319626001
291319625006
291319627001
291319625005
291319625002
292236903003
291892131013
291892137004
291833106021
291833106022
291892111015
291770801002
291770803001
291770803003
291770802002
291770800002
291770800004
291770803004
291770800003
291770801001
291770801003
291770800001
291770803002
290539503003
290539501001
290539505003
290539502001
290539503001
290539505002
290539505004
290539504002
290539501002
291279601002
291279603001
291279602003
291279604001
291279601003
291279601001
291279603004
291279602001
291279602004
291833122061
291833113121
291833107003
291239602005
291450207001
291450208001
291450208002
291833103012
290459501001
291138104005
290099601001
290099601004
290099601003
290099602004
290099603006
290099605004
290099606001
290099605001
291618910002
291618905001
291618903003
291618901001
291618910003
291618901004
291618906003
292214601002
291094704003
291094704004
291094704005
291094705004
291094705005
290470214032
291019607001
291094706014
291138104004
291833107001
291833108023
291154904004
290499603003
290499604002
290499601002
292214602002
292214605003
292214602001
292214601003
290997001112
292198202011
292198201014
291892148003
291892148004
291892148005
290899602002
290899601003
290899603002
290899602001
290899603001
290899601002
290899602003
290899603004
291974702001
291974701001
291994801003
291994802001
291892149001
291892149002
291892152021
291892152024
290899603003
290899601001
290693602001
290510105002
290510105003
290510105004
290510106001
290370601002
290370613003
290370613004
290370602021
290370603011
290370603012
291892152312
290510105001
290594802004
290370603013
290370603021
290370603023
290370600011
290370600012
291694704005
291694704002
291694701021
291694706002
291694704003
291694701014
292090904002
290370608001
290370611003
290370607002
290370601001
290370611002
290370612001
290370605001
290370611004
290370610011
290370606002
290370608002
290370606003
290370612002
292090901001
292090902003
290950058013
290370603022
290370605002
290370612003
290950134013
290370600013
290370600042
290370600043
290950132103
290950051001
290950057001
290950079003
291694701013
291694704004
291694704006
291694705003
290270706004
290270706003
290270707001
290270704002
290270706002
290270701001
290270702003
290270703002
290270703003
290270701004
290270706005
291258802982
291258803001
291258802981
291258801002
291258801001
290693605003
290693606004
290693606003
290693606002
291450205011
290693606001
290693607002
290693607003
291770802001
290693607001
290693608002
290693609003
290693610002
290693610003
290910907005
290910907004
291770802003
291770802004
291770802005
291770801004
291450207003
291450208005
291450210001
291450210002
291450201001
291450207004
291650301032
291650306003
290470202011
290470202021
290470210011
290470216002
290470206042
290574802004
290574802001
290574801002
290574801003
290574801001
290574802003
290574801005
291399702002
291399703003
291399701001
291399701002
291399703004
291399703001
291399702003
291399701003
291650302093
291650303081
291650303055
291650303057
291650302091
290259501004
290770022002
290770022003
290770023001
290770023002
291594802003
291594808003
291594802002
291594811004
291594801003
291594801002
291594803001
291594804003
291594803002
291594802004
291594811002
291594802001
291594804004
291594808004
291833122041
291734703003
291734701001
291734703001
291734701002
291734702003
291734703002
291734701003
291734702001
291734702002
290510103001
290510103002
290510103004
291892127004
291892131011
291892131012
291892118011
291439605002
291439603004
291439603001
291439601002
291439602001
291439602003
291439601003
291439603002
291439603003
291694702872
291694702871
291694705004
290430202022
290430202031
290430203061
290370613001
290370603051
290370602023
290318802003
290318803004
290318804003
290318802002
290318803001
290318815001
290318812001
290318801005
290318801003
290318802001
290318805004
290318803003
291279603003
290259502003
291070905002
291070901003
291070904006
291070904002
291070904001
291070901001
291070905001
291070901004
291070905004
291070906021
291070901002
291070902004
291070902005
291070903001
291070903002
290318815003
290318803002
290318805002
295101269005
295101165003
290318807001
290318809002
290318814002
290318801002
290318801001
290318804002
290318806001
290318801004
290318804001
290318806003
290318807002
292017802001
290318804004
290318805001
292017811003
292017801003
290318805005
290318806002
290318807003
290997013003
290997003021
290997008021
290997005042
290997012002
290997006043
290997011012
290997006012
290997006053
290997004021
290997001131
290997002072
290997012006
290554504002
290554503023
290554502002
290554504003
290554502001
290554504004
290554501021
290554501011
290554503021
290554504001
290554504005
290554502003
290554501023
290554502004
290554501024
291892215022
291892216283
290997004012
291892115002
290499602003
290499603001
290819501004
290819503002
290819502001
290819501001
290819503001
290819503004
290819502002
290819501002
290819501003
290819503003
290819502003
290839506001
290839506002
290839506003
290839506004
291892216281
291892120021
291892120022
291892105025
291892108054
291019800001
291019800002
291892204314
291279606001
291190701003
291190703002
291190703003
291190704002
291190701002
291190702001
291190702002
291190703004
291190702003
291190704005
291190703001
291190704003
291190701004
291190701001
295101256003
291892111021
291892152022
291892157003
291892101004
291892107024
291892108063
292236902004
292236904003
292236904002
292236904001
292236901003
292236902003
292236902001
292236903001
291319627002
291892179433
291892179233
291892179412
291892181022
291892180031
291892159003
291892165002
291892178023
291892178421
291892179442
291892184023
291892191002
291892199002
291892201004
291892207021
291892179314
291892184021
291892219004
291833111242
291833119081
291833117351
291833118011
291833121921
291833102011
291319626004
290210011001
291094703001
291094706021
291154903001
291154903004
291154902002
291154901003
291154904003
291154902001
291154901002
290997006054
290997012003
292017804003
292017806001
292017811002
292017812003
292017810001
292017801002
292017804002
292017802003
292017803001
291399702001
291399704002
290130701002
290130702002
290130704001
291793802003
291892132025
292179504003
291793802001
291793802002
291793801001
291793801002
291793801003
291892143003
291892142003
291892117001
291892138001
291892165001
291892178522
291892205024
291892120015
291892178024
291892215032
291892108042
291892199001
291892105024
291892105022
291892105023
291892105021
291399701004
291399703002
291399704001
291399704003
290499602004
290499601003
290499601005
291892116001
291892117002
291892117003
291679601005
291679603005
291679604005
291892117004
292114801001
292114803001
292114802001
292114801003
292114802002
290950080003
290950130034
290950009001
291892106001
291892116002
291892116003
291892106002
291892116004
291892116005
291892116006
292114803002
292114803003
292114801002
290950122001
290950060001
290950071002
290950116006
290950093003
290950134083
290950141083
290950034004
290950115005
295101123003
295101271001
295101074002
295101121002
295101191011
295101191013
295101255001
291892213351
291892216261
291892101002
291892102001
292198202024
292198201012
292198202012
292198202025
290190005001
290190005002
290190006001
290190006002
291892178423
291892113315
291892175003
291892177013
291892151411
291892212023
291892156001
291892126005
291892188005
291892102003
291892102004
291892103001
291892204442
290190020002
290190020003
290190011042
290190014004
290190015021
290190017022
290190018051
290190020004
291892221003
291892120016
291892105012
291892109251
291892127005
291892192001
291833111461
291892202001
291892199005
291892202005
291679603002
291892203001
291892177024
291892101003
291892109123
291892177023
291892109272
291892188003
291892177011
291892213353
291892147002
291892108041
291892127002
291019602004
291019604001
291019605004
291019606004
290190017011
290190017013
290190003002
290190019023
290190020001
290190018052
290190016021
290190018031
290997001093
290997001162
290997008022
290210001001
290210007023
290210001002
290210007021
290997002081
290997002031
290997001181
290997003033
290997001173
290997006011
291379602004
290370607001
290370607003
291353853002
291070905003
291892138004
291892138005
291892138006
291892141002
291892142001
291892142002
290770041032
290770046004
290770052004
290770049002
290770050012
290770048011
290770023003
290770015003
290770050011
290770047004
290770052002
290770048012
290770043021
290770046001
290770046002
290770041012
290770009002
291892143001
291892144001
291892144003
291892144004
291892144005
291833102021
291833120012
291833119031
291833113312
291892168001
291892158006
291892178422
291892113312
291892124001
291892152321
291892178022
291892180033
291892208012
291892215031
291892114011
291892179421
291892185002
291892152023
291892103003
291892103004
291892103002
291892216254
290950148063
291892112013
291892109261
291892109262
291892150041
291892150042
291892101001
291892109283
291892151432
291892107023
291892151424
290019503001
290019504003
290019501001
291892143002
291892213024
291892111014
291892202003
291892134001
291892185004
291892109271
291892152011
291892154003
291892104001
291892104002
291892104003
291892104004
291892104005
291892105011
291892204462
291892204453
291353854001
291353851003
291353852003
291353851002
291353851001
291353852002
291353852001
291353853001
291353853003
290019505001
290019505005
290019502002
291892114012
290190006004
290190007002
290190007003
290190021001
290190009001
290019502003
290019510003
291892114013
291892114021
290190009002
290190010012
290190011031
291892179414
290190011033
290190012011
291892181021
290950133091
291892208013
291892204443
291892205025
291892204311
291892220001
291892215062
291892216251
291892216253
290190013002
290318816001
290318806004
291892135002
290190011032
290190010021
290190019012
290190014002
290190016022
290190016011
290190021003
290190010013
290190014001
290190019022
290190012021
290190011012
290190018053
290190018033
290190011041
290190015042
290190017012
290190019024
290190015031
290190015044
290190007001
290190014003
290190015023
290190017021
290190018032
290190019011
290190019021
291892135004
291892109282
291892109121
290190002001
290190003001
290190003003
290190022002
290190022003
291892113343
291833116022
291833106011
291833106012
291833106023
291833111501
291833111542
291833111541
291833117223
291833120961
291833121941
290950114011
290950114013
290950114014
290950114051
290950114052
290950114061
290950114062
290950114063
290950137032
290950137041
290950138011
290950138012
290950138021
290950138022
290950138023
291239601004
291239602002
291239603001
291239601003
290950138024
290950139011
290950136084
290950139013
291239603002
291239603003
291239602004
291239602001
291239601002
291239601001
295101081003
295101082001
295101083002
295101083003
295101096001
295101096002
295101096003
295101096004
295101096005
290910908003
291154902003
291154905001
291154904001
291154903002
291154901001
295101142004
295101143001
295101143002
295101143004
295101143005
295101151001
295101151002
295101151004
295101151005
295101257003
295101257001
291154903003
291154904002
290997003042
290997011011
290997010003
290997010005
290997001071
290997001101
290997001092
290997006014
290997011025
290997002061
290594802005
295101269002
295101269001
290997011023
290997002101
290997007005
290997014041
290997001132
290997006051
290997011026
290997004013
290997005023
290997010001
290997006041
290997005022
290997011013
290997013002
290997012001
290997001103
290997011024
290997014031
290997004011
290997001191
290997001151
290997001102
290997014042
290997006042
290997001072
290997006052
291833110031
291833110042
291833119072
291833110041
291833109031
295101081001
295101081002
291833110043
291833109033
291833113223
291833111512
290950186001
290950136081
290950141141
290950143002
290950141143
290950149043
290950141144
295101156002
291534701004
295101156003
295101156004
295101156005
295101156006
295101157001
295101157002
295101157004
295101161001
291534702003
291534701002
291534702004
291534702002
291892213352
290950141052
290950133132
290950136121
290950141053
290950133092
290950133131
291892214232
291892108052
291892108031
291892108032
290950157002
290950157001
290950044001
290950162001
290950148061
291892108033
291892113011
291833112962
291833119091
291833119073
291833120952
290950141055
290950140021
290950140051
290950140052
290950141054
290950127014
290950134085
290950136083
290950174002
290950151003
291892108043
291892108044
291892109252
291892113012
292154802005
291892113013
291892113342
291892113324
295101112001
295101113001
295101103001
295101103002
295101104002
295101111001
295101111002
295101161002
295101161003
295101161004
295101162001
290950129061
290950135042
295101162002
295101162003
295101162004
295101162005
295101162006
295101163011
295101163022
290950121003
290950144001
290950134084
290950185001
295101112002
295101113002
290950193002
290950193003
290950128022
290950144002
290950129064
290950132081
290950132101
291833119034
291833105021
291833105011
291833105012
291833112123
290950177001
290950149041
292017802002
292017803002
292017804001
292017806003
292017806004
290950150003
290950134161
290950141142
290950140042
290950140041
290950128044
292017806002
292017807001
292017807003
292017807002
292017810002
291892180034
291892214214
291892215021
291892216273
291892216262
291892221002
295101163021
295101163012
295101164001
295101164003
295101164005
295101164006
295101165002
295101165005
295101165001
291892152013
291892216292
291892159001
291892216272
291892214241
290950155001
290950006001
295101114002
290059502001
290059501001
290059501003
290059502003
290059502002
290059501002
290059501004
290950140061
290950174001
290950141111
290950139163
290950003001
290950182001
290950162002
290950139042
290950139043
290950006002
290950019004
290950020001
290950020002
290950021001
290950021002
290950021004
290950022001
290950022002
290950022003
290950023001
290950023002
290950160001
290950153003
290950089002
290950090001
290950090004
290950090005
290950091001
290950091003
290950091004
290950092001
290950092002
295101172002
295101172004
295101172006
295101273002
295101273001
290950130033
290950131001
290950158001
290950161002
290950034001
290950034002
290950164001
290950165001
290950165003
290950165002
290950038001
290950124003
290950132102
290950133013
290950167003
290950167001
290950178003
290950178004
290950178001
290950052002
290950053001
290950053002
290950056011
290950056012
290950056022
290950057002
290950057003
290950057004
290950037001
290950043002
290950046002
290950055001
290950054001
290950058011
290950105003
290950063002
290950066002
290950072002
290950080002
290950081002
290950087001
290950094003
291892216212
290179503002
290179501002
290179501001
290179503003
290179501004
290179501003
290179502001
290179502003
290179502002
290950060002
290950061003
290950063001
290950169002
290950169001
290950065002
290950066001
290950119003
290950119004
295101174001
295101174003
295101174004
295101174005
295101181001
295101184001
295101273003
290950176001
290950127011
290950067001
290950168004
290950168003
290950168002
290950071001
290950071003
290950072001
290950073003
290950073001
290950074001
290950074003
290950074004
290950075001
290950075002
290950076001
290270708001
290270704004
290270702004
290270702001
290270705002
290270701002
290270707002
290270706001
290270705003
290270705001
290270703004
290270704003
290270704005
290270702002
290950134071
290950134072
290950076002
290950076003
290950077001
290950077002
290950171002
290950078021
290950078022
290950078023
290950079001
290950079005
290950080001
290950081001
290950082002
290950082003
295101267001
295101202001
295101105001
290950117005
290950142043
290950083002
290950084001
290950084003
290950085001
290950085002
290950085003
290950086001
290950086002
290950083001
290950086003
290950086004
290950086005
290950087002
290950088001
290950088002
295101097001
290210012001
290210012002
290210030002
290210011002
290210015001
290210015002
290210015003
290210015004
290210016001
290210016002
290210016003
290210017002
290210018001
290210018002
290210030004
291679602002
291679604006
291679602003
291679603003
291679602001
291679603004
291679604002
290210021002
290210021003
290210023001
290210021001
290210023003
290210024001
290210024002
290210025001
290210025002
290210025003
291594806001
290510104002
290510104003
292090906013
290210007022
290997008013
290997004022
290970121002
290970115002
290970101004
290970121001
290970120002
290970117005
290970111002
290950079002
290950044002
290950134082
290950134052
290950138025
290950128021
291094706023
291094706022
291094706011
290950133071
290950100023
291094706013
290370600041
290970105001
290970105004
290370600031
290970107002
290970115003
290970122002
290970117002
290970120003
291892151441
291892151422
291892179212
291892179321
290210004002
290210003001
290210007011
290210011003
290210017001
290210022001
291019601002
291019609004
291019607002
291019603001
291019607003
291019609003
291019603002
291019602003
291019605002
290950148041
290950181001
290950136082
290950067002
290950105005
290950088005
290950123002
290950160002
290950166001
290950169003
290959891001
290997003032
290210030003
291070902001
291070902002
291070902003
291070904004
291070904005
290370609041
290370606001
290370604003
290370602022
290370600044
290370600032
291892214211
291892204461
291892204451
291892215023
291892216211
291892216271
291892216282
291892216252
291892214231
291070904007
291892145003
291892102002
292214601001
292214603001
292214604004
292214602003
292214604001
292214601004
292214604003
292214605004
292214603003
292214603002
290370606004
290370613002
290370614001
290370614002
291534702005
291534701003
291534701001
291379602001
291379601001
291833111511
290370609042
290614701003
290470208012
290470221004
292279601001
292279601003
290019503002
290019503003
290019503004
290019505004
291818703001
291818702003
291818703004
291818704002
291818701003
291818704003
291818701001
291818702002
291818704001
291818702001
291818701004
291818703003
291818701002
291892220002
291892214242
291119701003
291119702001
291119704001
291119701002
291119703002
291119703003
291119701001
291119703001
290470212064
290459502001
290459503002
290459503001
290459503003
292279601002
291892216242
291892179443
291892216263
291892181031
291892221001
290739601002
291119702002
291119702003
291119704002
290950177002
290950089001
290950100022
290950151002
290950134051
290950126004
290950133011
290950133012
290950180001
290950179002
290950137033
290950139021
290019501003
290019501002
290019510002
290019510001
290019504002
290019509003
290019502001
290019505002
290019504001
290019509002
290019505003
291892214222
295101193002
295101193003
291474702001
291474704004
291474703004
291474705004
291474704003
291474704001
291474703005
291474702002
291474703001
291474705001
291474703003
291892214223
291892215033
291833109021
291833103023
290239509001
290239501001
290239501002
290239506003
290239506001
290239501004
290239503003
290239509003
291892211001
290950140022
290950193001
290950147011
290950147022
290950136061
290179502004
290130701003
290130701001
290130702003
290130702004
290130704002
290130703004
290130703001
290130704003
290130703003
290130702001
291892106003
291892106004
291892106005
291892109122
291892109211
291892109231
291892109232
291892109242
291892109241
291618903002
291892107031
291892107032
291892107042
291618904003
291618906002
291618907001
291618909002
291618909001
292294904004
291594804001
291594804002
291892113332
290318814003
291892113331
295101164004
295101232001
295101141013
295101051983
291618901002
291618908001
291618907003
291618906001
291618905003
291618910001
291618907002
291618904002
292294903004
292294904006
292294904005
292294904003
291892110001
291892110002
291892110003
291892113311
291892113313
295101053001
295101074001
292294903003
292294904001
292294902002
292294901003
292294902001
292294902004
292294903005
292294901002
292294903001
292294901001
292294904002
292294903002
290510206002
291892107041
291892107021
291892107022
291892108053
291892110004
291892110005
291892111011
291892111012
291892111013
291892111022
291892111023
291892113314
291892113321
291892113322
295101143003
291892108062
291892108061
291892108051
291892112012
291892112011
291892112021
291892112022
291892113323
295101174006
295101141014
295101151003
295101064001
291892149003
291892149004
291892150011
291892152322
291892152324
291892153011
290997002063
290997006033
290997002083
290997002102
290997001183
290997001095
290950069002
290950116005
290950058012
290950149032
290950146032
290950018001
290950167002
290950018003
290950082004
290950061001
290950061002
290950069001
290950019002
290950007001
290950115006
290950090002
290950074002
290950051002
290950056021
290950139162
290950128041
290950134081
290950118001
290950146041
290950065001
290950021003
290950082001
290950075003
290950121002
290950146012
290950088003
290950007004
290950168001
290950018002
290950115001
290950115004
290950116001
290950116002
290950116003
290950116004
290950117001
290950117002
290950117003
290950117004
290950118002
290950119001
290950186002
290950139041
290950140072
291892155001
290693604003
290693607004
290693610001
290693603004
290693603001
290693603003
290950120001
290950120002
290950120003
290950119002
290950121001
290950141051
290950141081
290950142042
290950145011
291070906011
290950147023
295101124003
295101273004
295101275001
290950141082
291892157001
291892158002
291892159004
291892159005
290950122004
290950122003
290950124001
290950099002
290950100012
290950100011
290950100021
295101270002
290950102031
290950102032
290950102041
290950102042
290950102043
290950172003
291892153024
291892154001
291892154002
291892155002
291892155003
291892155004
290950175001
290950175002
290950124002
290950124004
290950125011
290950125021
291833114223
290950172004
290950172001
290950172002
291892154004
291892154005
290950175003
290950105001
290950105002
290950105004
290950106001
290950106002
290950106003
290950106004
290950170002
290950107021
290950107022
290950170001
290950101031
290950101032
290950101033
290950173001
290950101052
290950101053
295101271002
291892157002
291892157004
291754901001
291754902002
291754902003
291754903002
291754906001
290950156001
290950110001
290959808021
292074707003
292074708002
290950173004
290950173003
290950173002
295101276003
290950130031
290950130032
290950131002
290950131003
291070906013
291070906014
291379601002
291070906022
291379602003
290950141011
290950141012
291892157006
291892158001
291892158004
291892158005
291892159006
291892159007
290950147021
290950149031
290950149051
290950098003
291892160001
291892160002
290950098004
290950132031
290950132032
290950132033
290950132034
290950132082
290950133072
290950141014
291892161001
291892161002
291892161003
291892161004
291892162001
291892157005
290950099001
290950134011
290950134012
290950134053
295101271003
295101274003
295101135002
295101135004
295101141011
295101141012
295101141022
295101141023
295101141024
295101141021
295101142002
295101142003
295101246002
295101255002
295101256001
295101256002
292090906011
291892108064
291892109281
290950150002
290950098002
290950181004
290950181002
291892215061
291892150051
291892150052
291892151412
291892184013
291892179432
291892139002
291892145002
290950110003
290950110004
290950111001
290950111002
290950112001
290950112002
290950136122
290950179003
290950180002
290950137031
291833113911
290950139161
290950135022
290950141201
290950141121
290997003031
290997003043
290997006013
290659603001
290659603002
290659603003
290659604001
295101154001
295101155001
295101155002
295101155006
295101155007
295101155004
295101156001
292214603004
292214605002
292214604002
292214605001
290950135041
290950134101
291258803003
291258803002
290950135021
291353854002
291353854003
290950122002
290950143003
291833110011
291833105013
291833107002
291833112122
290950177003
290997007004
290950102011
290950102033
290950126002
290950181003
290950111003
290950112003
290950113002
290950123001
290950125012
290950125022
290950125023
292134804021
292134802014
292134803013
292134803021
292134804023
292134804014
292134805022
292134801051
292134803012
292134805012
290770043012
290770051001
290770017003
291450208003
291679601004
291679603001
291679604001
291679601001
291679601003
291679601006
291679601002
291679604004
291679604003
291679602004
290950092003
290950093001
290119603001
290119603003
290950093002
290950094001
290950094004
290950094002
290950095001
290950095002
290950095003
290950095004
290950096001
290950096002
290950097001
290950097002
290950098001
290119602001
290119602002
290119602003
290119601003
290119601001
290119601002
290119602004
290119603005
295101192001
295101192002
295101193001
290950129062
290950179001
290950146013
292254703013
292254704013
290119603002
290119603004
290950043001
290950153002
290950046001
290950046003
292017810003
292017801001
292017811001
292134801053
292134804022
292134801061
292134801054
290318815004
290950149022
290950146043
290950171003
290950171001
290950091002
290950137042
290950006003
290950006004
290950007002
290950007003
290950008001
290950008004
290950008003
290950009002
290950009003
290950009004
290950010001
290950010002
290950010003
290950011001
290950011002
290950137043
290950149021
290718004013
290718005002
290718006024
290718010003
290950154001
290950154002
290950018004
290950019001
290950019003
290950034003
291279605001
291279605002
291279605003
291494801001
290950038002
290950149052
290718011012
291879507003
291879507004
291879503001
291879504003
291879508004
291879507002
291879510001
291879504004
291879511003
291879507005
291879503004
291879510003
290270703005
290270708003
290270701003
290270705004
290270707003
291879509023
291879510002
291618904001
291618909003
291494801004
291494803002
291494802003
291494802002
291494803003
291494801002
291494802001
291414702001
291414705004
291414701003
291414705003
291414704003
291414701002
291414701004
291414705001
291414701001
291414705002
292254704012
291414702002
291414704001
291414704002
291414703003
291414703001
291414702003
291414703002
291319625003
291319626002
291319629001
290470218033
290470210032
290770056001
290770048021
290770037001
290770038003
290770049001
290770045002
290770001001
290770003002
290770013022
290770041011
290770047001
290770038002
290770049003
290770040021
290770046003
290770047003
290770052001
290770041022
290770047002
290770048032
290770001002
291892118012
291219605001
291219605003
291219601002
291219603001
291219605002
291219604003
295101186002
295101211001
291892122007
291679602005
291879506003
291879508001
291974702003
291974701002
291059603003
291059602985
291059602983
291059601002
291059601003
291059603005
291059603004
291059601004
291059602982
291059603001
291059601005
291059601001
290950113001
291059604003
291833113913
290950114012
291174801001
291833124002
295101191022
295101172003
291650300021
291650300022
291650301012
291650301021
291279604002
290210029002
290210003002
295101042004
295101135003
295101191024
295101241004
295101072001
295101073001
295101073002
295101073003
295101073004
295101073005
290430203032
290430203052
295101073006
295101073007
295101075001
295101075002
295101075004
290019505006
290950115003
295101012003
295101013001
295101013004
295101191023
295101031003
295101055003
295101097002
295101114001
295101154003
295101242003
295101274001
290318810002
290318810001
290318811001
295101083001
295101152002
290318812004
290318812005
290718001002
290718004014
290718008004
290718008001
290718005005
290718006021
290718005001
290718008003
290718002021
290718004011
290718001003
290718004012
290718002012
290718005004
290718004015
290718003001
290718006013
290718002022
290718007021
290718004022
291019601004
291019601001
291019601003
291019609001
291019602002
291019607004
291019602001
291019603005
291019603003
291019604002
291019602005
291019605001
291019609002
291754901003
291754906004
291754906003
291754902004
291754904001
291754905001
291754902001
291754901002
291754906002
292134802012
292134802024
292134802011
292134802013
292134802022
292134802021
292134802023
290470213054
290470213072
291594806002
292090906023
292090905003
291594808001
291594808002
291594809004
291594809002
291594809003
291618901003
291618905002
290910904001
290910903003
290910908002
290910906001
290910906002
291594809001
291594810003
291594810002
291594810001
291594811003
291594811005
291594801001
291594803003
291594807002
291594811001
291594805001
290510104005
291650307001
291650303054
291650304013
291650304014
291650306005
291650302051
291650302011
291650305004
290950141013
290950140071
290950133093
291594805002
291594805003
291594806003
290510109004
290510109005
290510109006
290510109007
291019604003
290718002014
291019605003
290718003003
292179503003
292179503004
292179503005
292179504002
290718003002
290718004021
290879601002
290879602001
290879603002
290879602002
290879601001
290879603001
290693601002
290693609002
290693604001
290693604002
290693608001
290693609001
290693603002
290693601001
290693601003
292179501001
292179506001
292179503002
292179502002
292179505001
292179501003
292179505002
292179503006
292179503001
292179501002
291892162003
291892185001
291892131022
290659601002
290659602002
290659602001
290659602003
290659601001
290659601003
291892146023
291892152311
291892204411
291892177021
291694703891
291694701012
291694702862
291694702861
291694701022
291694705002
291650306004
291650300014
291650306006
291650306002
290430203053
290430203033
291174803003
290718003005
290718004024
290718005003
290718005006
290718006012
290718006023
290718007013
290718008002
290718008005
290718009022
290718010002
290718010004
290718001004
290718007011
290718006022
290718004023
290718008006
290718010001
290718011013
290718001001
290718002011
290430202052
291892133003
291892133004
291892133005
291892134002
291618903004
291618902002
291618902006
291618902005
291618902001
291618903005
291618908003
291618908002
291618902003
291618902007
291618903001
291892136003
291892136004
291892136005
291892137001
291892137002
291650303058
291650305003
291650305005
291650305006
291650306001
291650307002
291650303061
290470212084
290470218053
290950115002
290470210031
290950149042
290430204003
290430203031
290430202011
290430201013
290430202032
290430201022
290430201011
290430202041
290430201021
290430205002
290430203041
290430204001
290430205001
290430205004
290499604001
290510203003
290510206001
290510107021
290510204002
290510202002
290510204003
290510203001
290510109003
290510203002
290510107011
290510205001
290510201982
290510108001
290510104004
290510103003
290510201981
291892109253
290499601004
290499603004
290470206043
291474704002
290470223022
290470213032
290470213053
291174804002
290470213091
295101097003
295101101001
295101101002
295101102003
295101102004
295101102001
295101103003
295101212001
295101275002
291833111502
291833111223
291833111492
291892218001
291892178523
291892179441
291892204321
291833111142
291833111032
291833111141
291833123001
290950153001
290950152001
290950155002
290950158002
290950159001
290950161001
290950163001
290239503006
290239507002
290239503005
290239502022
290239508001
290239505001
295101103004
295101104001
295101105002
290299501002
290299502001
290299501001
290299504001
290299511001
290299505001
290299504002
290299502003
290299508002
290299512002
290299508005
290299502002
290299505003
290299505002
290299508001
290299509001
290299502005
290299512001
290299508003
290299507002
290299506001
290299511002
290299503002
290299503001
290299509002
290299507003
290299507001
290299508004
290079507002
290079507004
290154607002
290154601003
290154603003
290154603001
290154604001
290154608001
290154603002
290154607001
290154601001
291833110012
291833112111
291833112112
291833112961
290950164002
290950166002
290950178002
290950163002
290950171004
290959892001
292074706001
292074706002
290959883001
290950128032
290154602002
290154602001
290154601002
290154604002
290154608002
292074704002
292074705001
292074705002
292074706003
295101115001
295101115002
295101274002
295101231001
295101231002
295101231003
295101232002
295101232003
295101233001
295101233002
290239502021
290239503001
291833111472
291833111452
291833111521
291833111482
290950156002
290950128042
290950180003
290959801011
290239503002
290239503004
290239504001
290239504002
290239504003
290239504004
291450209001
291450209002
291450202001
291879510005
295101121001
295101121003
295101122001
295101122002
295101122003
295101123001
295101233003
295101276001
295101276002
295101241001
295101241002
290239505002
290239505003
290239507001
290239507003
290239509004
290239501003
290239502013
291833111491
291833123002
291833117352
291833117323
291833112941
291833112942
290239506002
290239506004
290239509002
291833113111
291833113113
291833113122
291833113311
291833113313
295101123002
295101124001
295101124002
295101272001
295101272003
295101272004
295101272002
295101135001
295101242001
295101242004
295101242002
295101243001
295101243004
295101243002
295101246001
291833111471
291833111221
291833112031
291833112033
292034701004
292034702001
292034702002
292034701003
292034701001
292034702004
291833104002
291833103011
291833108011
291833117211
291833117341
291833117342
291833117222
291833117221
291833112211
291833112212
291879511004
290339603004
290339601002
290339603003
290339601003
290339601001
290339602002
290339602004
291833108021
291574703001
290339603001
290339603002
290339602003
290339602001
291474701002
291574701001
291574704003
291574705003
291574703003
291574704001
291574702002
291574703002
291574702003
291574705001
291574701003
291574704002
291574705002
291574701002
291574702001
291574704004
292254703011
292254702021
292254702011
292254702012
291892151443
291892216291
291892179213
292254702013
292254702023
291474702003
291174802003
291174802001
291174802004
291174802002
291174803002
291174803001
291174804001
290574802002
290594803006
290594802003
291219603002
291219601001
291219604001
291219602003
291219601003
291219602002
291219603003
291219602001
291219603004
291219604002
291219605004
292074707002
291319629004
290770029003
290770005024
290770025023
291754905002
290770057001
290770040032
290770025021
291439606004
290770038001
290770044004
290770002001
290770033003
290770042012
290770050022
290718006011
290718009023
290718007012
290718006014
290718011022
290718011021
290718003004
290718011011
290718009011
290718009012
290718009021
290470217024
291019603004
290939504002
290939503002
290939503001
290939503003
290939501002
290939504001
290939502001
290939502002
291279608002
290470217023
291279608003
291279608004
291279608005
291279609001
291279609002
291279609003
290693602003
290950110002
291279609004
290470217021
290970101001
290970101003
290970102001
290970102002
290950143001
290950154003
290950110005
290970102003
290970102004
290970103001
290970104001
290970104002
290970104003
290970105003
290970105005
290970105006
290970106001
290970106002
290970106004
290970106005
290970106006
290970107001
290970107003
290970108001
290970108002
290970108004
290970108005
290970109001
290470213073
290470218043
295101097004
290470212072
290470212052
290970109002
290970109003
290970109004
290970110002
290970110003
290970110004
290970110005
290970111001
290970112001
290970113001
290679505004
290679502004
290679502003
290679505001
290679501002
290679501001
290679501003
290679505002
290679502001
290679505003
290679502002
290970113002
290770040012
290770040013
290770040031
290770041021
290970113003
290970113004
290970113005
290970114001
290970114003
290970114004
291319629005
290770042022
290030103001
291833111321
290970115001
290970115004
290970115005
290970115006
290970116001
290970116002
290970116003
290970116004
290970117001
290970117003
291019606001
290970118001
290970118002
290510107022
290970118003
290970118004
290970119001
290970119002
290970119003
290970117004
290970120001
290470216003
290470213101
291833115002
291833115001
291839800001
291833111241
291833119071
291833119041
291833108022
291833111451
291833122043
291833117361
291833122051
291833117322
291833116011
291833117122
291833119092
291833117321
290318814001
290318815002
290318816002
290970120004
290970120005
290970121003
290970122004
290970122005
291754903004
291754903001
290950079004
290950090003
290950101051
291833121951
291833120941
291833121931
291833117121
291833120971
291833117362
291833101003
291833111483
291833111031
291833111453
291833122062
291833117331
291833118022
291833111531
291833102022
291833119042
291833101002
291754903005
291019606002
290759601001
290759602003
290759602002
290759602001
290759601002
290759601003
290759602004
292154802002
292154803004
292154804004
291019606003
290430203022
290430203023
290430203042
290430204004
290430205003
290430201012
290430202012
290430203021
290430204002
290770022001
290770024021
290770024022
292154802004
292154803005
292154804005
292154801001
292154803003
292154802001
292154803001
292154801003
292154801005
292154802003
292154801004
292154801006
292154803002
290770026001
290770026002
290770027001
290770027002
290770028001
290770029002
290179503001
292154803006
292154804002
292154804003
290770058002
292154801002
290770030021
290770032001
290770032002
290770033001
290770033002
290770031001
290770036001
290770036002
290770037002
290770037003
290770037004
290770039001
290770039002
290770040011
290770041031
290470210041
290970103002
290970112003
290970108003
290970103003
290970112004
290470214012
290470217011
290970110001
290970101002
290970106003
290970122003
290970116005
290970114002
290970105002
290470218063
291892208024
291892208031
291892208032
291892208033
291892219001
292090901006
292090906022
290470212062
291892219003
292090906012
292090904001
292090905001
292074705003
292074706004
292074701004
292074703003
292074702002
292074702003
290470213102
291450205012
291450206013
291450206012
291450206011
291450205013
291450206023
292154804001
291892206022
291892206023
291534702001
291892207011
291892207012
291892207022
291892207023
291892218002
291892218003
291618902004
291534701005
291094705003
291094705001
290459501002
290459502002
290470217022
291319629003
291319628003
290470217026
290470217025
290470206025
291754905003
291754903003
291754904002
291892204412
291892204413
291892204421
291892204422
291892205011
290470202023
291059606004
291650302101
291650302111
291650303062
290470218032
290470218031
290359601002
290359602003
291892206012
291892206013
291892206021
290359601003
290359601001
290359602001
290359602002
295101102002
290854705001
290854705002
290190015024
290190010022
291694706001
291694702873
291694703892
291694701023
290190016013
291892205012
291892205013
291892205014
291892205022
291892205023
291892169001
291892210001
291892210002
291892210003
290470206045
291892210004
291892219002
291892207031
291892208021
290470220002
291892208022
291892208023
290190010023
290190011034
290190010011
290190015022
291494801003
291494803001
290190022001
290190006003
290190013001
290190015041
290318812003
290318805006
290318808002
290318805003
290318813003
290318813004
290510104006
290510205002
290510206003
290510204001
290370610012
290370610021
290079501002
290370610022
290370610023
290370611001
290190015032
290318809001
290318808001
290318811003
291950902001
290079507001
291650300011
290499602001
290499604003
290499603002
290499601001
290499602005
290499602002
292074703002
292074702004
292074707001
292074701002
292074704003
292074701001
292074701003
292074704001
292074708001
292074703001
292074702001
291694705001
291694701011
291694703901
291694704001
290079503003
290079506001
290079501001
290079505001
290079504003
290079502004
290079507003
290079502005
290079503001
290079503002
291650300013
291833124001
291833111481
291833122042
291833122044
291892212011
291892212012
291892212021
291892212022
290370604002
291833120011
291833120951
291833113112
290970112002
292254703023
292254702022
292254701011
292254704011
292254701023
292254704022
291892213011
291892213012
291892213013
291892213014
290030104003
290030101004
290099604021
290099605003
290099603001
290370608003
290099603002
290099602001
290099602005
290099601005
290099601002
290099605002
290259501003
290259502001
290259502004
290259501002
291138102022
290259502002
290259502005
290099602002
290099603003
290099603004
290099603005
290270708002
290370604001
290370614003
291833112032
291833109022
291833113222
291833111462
291833117212
291833113221
291833101001
291650301031
291650302094
291650302112
291650303082
291650300012
291892213021
291892213022
291892213023
291650301034
290099605005
290099606002
290099602003
290099604011
290939501001
290190011013
290190011011
290190015033
290190015043
290190012022
291892213354
291892213321
290318812002
291892213322
290510108004
290510108003
290510202001
290510107012
290510104001
291892214212
291892214213
290030101002
290030101001
290030102001
290030102002
290030104001
290030101003
290030102004
290030103002
290030104002
291892214221
290030102005
290030102003
291650302052
291650302053
291650305002
291650302092
291650304012
291650304011
291650303063
290430203051
291138103015
290079502001
291450206022
291450205023
291450205022
290854703001
290854701002
290854705004
290854703002
290854701001
290854701003
290854705003
290210027001
291039601003
291039601002
291039602002
291039601001
291039602001
290210028002
290210028001
290210018003
290210028003
290210029003
290210028005
290210028004
290210015005
290210002001
290210029001
290210023002
291892172001
291892172002
291892173001
291892173002
291892173003
291892174001
291892174002
290997003022
290997005021
290997009003
290997014011
291059604001
291059604002
291059604004
291059605002
291059605003
291059605004
295101255003
295101191021
290470214031
290470214042
291892174003
291892174004
291892175001
291892175002
291892175004
292236902002
292236901002
292236901004
292236901001
291059606001
291059606002
291059606003
290270703001
290270703006
290270704001
290470214041
291892175005
291892182011
291892182012
291892182013
291892183001
291892183002
291892183003
291892177012
291892177022
291892177025
291892178061
291174805001
290770029001
291892178073
291892178074
290770042011
290770030022
290770038004
291892178411
290190016012
290799604001
291892178521
290799603003
290799604002
290799602001
290799601002
290799602002
290799601001
290799601003
290799603001
291892179211
291892179431
291892179231
291892179232
290910901004
290910904004
290910903002
290910906004
290910903001
290910901002
290910905001
290910905002
295101011002
295101013003
295101014003
290910902002
290910904002
290910908001
290910902003
290910906003
290910901003
290910901001
291892179313
291892179411
291634605002
291634602002
291634601004
291634601002
291634601003
291634603002
291634601001
291634603004
292034702003
292034701002
291634604003
291634602003
291634605003
291634603001
291634604001
291634602001
291634604002
291634605001
295101052001
290099604022
290099604023
290079502003
291138103043
291138103042
291138102021
291138103032
291138103041
291138103033
291138102011
291138102012
291138104002
290574801004
292134803011
292134801055
292134801052
292134805025
292134805011
292134804012
292134803022
291138103014
291138102025
291892179422
291892180111
291892180112
291892180121
291892180122
291892180123
291892181032
291059602984
292017812001
292017812006
292017812005
292017812007
292017812004
292017812002
292017812008
292017813001
291892176001
291892176002
291892176003
291892176004
290470218044
291594807001
291190704004
291190704001
292017813002
292017813003
291059603002
291059605001
291059602986
291059602981
290470206044
290470218062
290470203003
290470223013
290470211025
290470223011
290470212042
290554503024
290554501012
290554501022
290554503022
290470219001
290470205006
290510207002
291892178062
291892178063
290510207003
290799604003
290799604004
291892178071
291892178072
290318811002
290154608003
290154608004
290239502012
290239502011
290239508002
290239502023
290554503011
290554503012
290470218051
291879501023
291879501011
291879501022
291634603003
292294901004
292294902003
291650301011
291650303071
291650307003
290470211012
290470211021
290470216001
291554704003
291892115001
291892120014
291892123001
290799603002
295101018003
295101015003
295101037002
295101018004
295101142005
291879509011
291879509021
291879501014
291879501012
291879509025
291892178412
291892178413
290190011043
290190012012
290190012013
290190012014
290190021002
291892178424
291892178511
291892178512
290190002002
290470219002
290470203005
290470218042
290470202013
290470209015
290470221002
290470202014
295101054002
295101055002
295101065003
295101066003
295101067004
291892123002
291892126001
291892126002
291892126003
291892162002
291892162004
291892162005
291892162006
291892126004
291892127001
291892162007
291892179311
291892179312
290470213051
290470213052
290718007014
290718009024
291650303056
291892123003
291892123004
291892124002
295101013002
295101014001
295101014002
295101015001
295101015004
290470208015
290470222002
290470223021
290470216005
290470212071
291892125001
291892125002
291892125003
291892125004
291892163001
291892163002
291892163003
291892164001
291892164002
291892164003
291892164004
291892162008
291892179413
290430202023
290470213071
290470216004
290470217012
290470218041
290470221001
290470222003
290470218054
290470217013
290470223023
295101174002
295101053002
295101104003
295101157003
295101015002
291892164005
291892165003
291892165004
291892166001
291892166002
290398703002
290398701003
291879509024
291879501021
295101018001
291892166003
291892167001
291892167002
290079501003
290770026004
290770042021
290770048022
290770057002
291892208011
295101172005
295101075003
295101011001
295101012001
295101012002
291892167003
291892167004
291892168002
291892170001
291892170002
291892170003
295101018002
295101021001
295101021002
295101021003
295101022001
295101022002
295101022003
295101022004
295101181002
295101143006
295101165004
295101172001
295101022005
295101022006
295101072002
295101101003
295101082002
295101022007
295101023001
295101023002
295101024002
295101024003
295101025001
291339502001
291339503001
291339501002
291339504004
291339501003
291339503002
291339502004
291339502002
290130703002
291892120013
291554703002
291554703003
295101025002
295101031001
295101031002
290770005021
290770030023
290770048023
290770042023
290770007003
290770017001
290770008002
295101034001
295101034002
295101036001
290770031002
290770019002
290770058001
291554704002
291554704001
291554706002
291554706003
291554706001
295101036002
295101037003
295101037001
295101038001
295101038002
295101038003
291554705002
291554702002
291879504002
291879511005
291879507001
291879508002
291650300015
291554702003
291554702001
291554701002
291554704004
291554703001
291554705001
291554701003
291554701001
291554705003
295101038004
295101038005
295101268004
295101268001
295101268003
295101171001
292054502001
292054502002
292054501001
295101153005
295101155005
295101154002
295101163013
292054501002
292054503002
292054503001
292054502003
295101042001
295101042002
295101042003
295101045001
290770057003
290770025022
290770026003
290770044003
295101045002
295101045003
295101051981
295101051982
291339504001
291339504002
291339504003
291339501001
291339502003
295101052002
295101053003
295101054001
290594802002
290594802001
290594801003
290594803003
290594803005
290594803001
290594801001
290594801002
290594803002
290594803004
290594801004
292134804013
295101055001
295101061001
295101061002
295101061003
295101061004
295101062001
295101076001
295101076002
290259502006
295101062002
295101062003
295101063002
295101063003
295101063004
295101064002
295101064003
295101064004
295101065001
295101065002
295101076003
295101269004
290430202021
290430202051
291994802002
291994801002
291994801001
291994802003
291994801004
290510107023
295101066001
295101066002
295101067001
295101067002
295101067003
291070906012
291070906023
291070901005
291070904003
291650301033
291892112023
291892151431
290470212065
290470212082
290470212063
290470213031
290470212051
291833113912
291892158003
291892168003
291892169002
291833124003
291833114221
291833114222
291833116024
291833116023
295101051984
290839503003
290839504003
290839501002
290839502001
290839506005
290839502003
290839504001
290839501001
290839502002
290839503001
290470212053
291833116021
291833118023
291833118021
291950904003
291950905001
291950905002
291950906001
291950907002
291950907003
291892150054
291892151413
291879506002
291879503003
291892183005
291892183004
291879506001
291879508003
291879504001
291879510004
291879501013
291879509022
291879511001
291879503002
291879511002
291833119032
291833119033
292179504001
291833121952
291950901003
291854803001
291950906002
291950901002
291950901004
291950903002
291950903001
291950904001
291379601003
291379601004
291379603002
291379602002
290510107013
290510107024
290510109002
291379603001
291379603003
290510207001
290839501003
290839503002
290839504002
290839505001
290839505002
290839505003
290839505004
290470202022
290470203001
290470203002
290470203004
291950906003
290470204001
290470208011
290470208013
290470208014
290470202012
290470209011
290470209012
290470209013
290470209014
290470209021
290470209022
291279602002
290470210012
291279604003
291474705002
291474701001
291474703002
291474705003
291854803002
291854802001
291854802002
291854802003
291854801003
291854801001
291854801004
290470211024
290470211026
290470211031
290470211032
290470211033
290470211034
291279606003
291279603002
292179506002
291892206011
291279606002
291892191004
291892192002
291892193001
291892195002
291892195003
290470212083
290470212081
290470212041
290470212043
290470212061
291439605003
291190702004
291279608001
291439606003
291439606002
291892193002
291892204322
291892204323
290470210043
290470210042
290470211011
290470211013
290470211014
290470211015
290470211016
290470211022
290470211023
291892202004
291892204441
291892204431
290470213061
290470213062
290470213063
290210002002
290210002003
290470204002
290470205001
290470205002
290470205003
290470205004
291892204432
291892204452
291892204312
290470205005
290470206021
290470206022
290470206023
291892184022
290210004001
290210005001
290210005002
290210005003
290210006001
290210006002
290470206024
290470206031
290470206032
290470206033
290470206041
290470222001
291892195005
291892195006
291892196001
291892196002
291892196003
291892196004
291892185003
291892185005
290210006003
290210007012
290210009001
290210009002
290210009003
290210009004
290210009005
290210010002
290210010003
295101212002
295101231004
291833112121
292179502001
291892196005
291892196006
291892197001
291892197002
291892197003
291892197004
291892199004
291892200022
291892200023
291892200013
291892200011
291892200012
290539503002
291892201005
291892201006
291892202002
295101266003
295101268002
291892193003
291892194001
291892194002
291892194003
291892194004
291892194005
291892195001
295101269003
295101269006
291892184011
291892184012
291892195004
291892197005
291892198001
291892198002
291892198003
291892198004
291892198005
291892199003
291892199006
291892201003
291892201001
291892201002
292090902004
292090902001
292090905002
292090904003
292090901003
292090901002
292090902002
292090904004
292090906021
292090901004
292090901005
292090902005
291892186001
291892186002
295101241003
295101243003
291892188001
291892188002
291892188004
291892188006
291892189001
290079505003
290079505004
295101266001
291892189002
291892189003
291892189004
291892189005
291892191001
291892191003
290079502002
290079504001
290079504002
290079505002
295101164002
295101155003
295101241005
295101024001
295101074003
295101063001
295101142001
295101163023
295101257002
295101266002
290718002013
291892121022
291892121023
291892121021
291892122001
291892122002
291892122003
291892122004
291892122005
291892122006
291892121012
291892121015
291818703002
291892121011
291892121013
291892121014
291094702002
291094702005
291094703003
291094704001
291094702001
291094701004
291094703004
291094702006
291094701003
291094701002
291094702004
291094705002
291094703002
291094702003
291094701001
290950008002
290950129042
290950084002
290950088004
290950052001
290950139012
290019509001
291892150053
291892150031
291892150032
291892150033
292134805021
292134805023
292134805024
291650305001
290770043011
291719602003
291719601001
291719602001
291719602002
291719601002
291719601003
290950148062
290950073002
290950150001
290950127012
290950151001
291892127003
291892137003
290770002002
290770003001
290770003003
290770003004
290770004001
290770004002
291892137005
291892137006
291892138002
291892138003
295101171002
290770004003
290770005023
290770005022
290770005011
290770005012
290770006001
290770006002
290510106002
290510106003
290510106004
291694703902
291694703903
291439604001
291439604003
291892151442
291892151021
291892151022
291439606001
291439601004
291439601001
291439605001
291439604002
291439602002
291892145001
291892146014
291892146021
291892146022
291892146011
291892146012
291892146013
291892151031
291892151421
291892151423
291892152012
291892147001
291892147004
291892147005
291892147006
291892147007
291892148001
291892148002
291892153012
291892153021
291892153022
291892153023
290693602002
290693603005
290693605001
290693605002
290470223012
290470218061
290470221005
290470221003
295101270001
291294701002
291294702001
291294702002
291294701001
291650302071
291650302072
291650302073
291650302074
291650302081
291892118022
291892118023
291892118021
291892119001
291892144002
291892156002
291892204315
291892204313
291892205021
290510108002
291892216241
291892179234
291892179322
291892141001
291892115003
291892131021
291892151051
291892134003
291892159002
291892200021
291138103012
291138104001
290950176003
290950176002
290950126003
290950126001
290950127013
290950142031
290950142032
290950142041
290950176004
290950128031
290950128043
290950129063
290950129065
290950129031
290950129032
291892156003
290950145012
290950145021
290950145022
290950146011
290950146014
290950146031
290950146042
290950129033
290950129034
290950129041
290950129043
290099604013
290099604012
290997007001
290997007003
290997008011
295101152001
290659604002
290659604003
291138103013
291138103031
291138104003
291138101001
291138101003
291138101002
291138102023
295101152003
295101153002
295101153003
295101153001
295101153004
295101267002
295101191012
290997008012
290997008014
290997008015
291138102024
291138103011
290997009001
290997009002
290997010004
290997011022
290997012005
290997013001
290997001172
290997001192
290997002111
290997005024
290997007002
291833111222
291833105022
291833110032
290950133133
290997011021
290997012004
291854801002
291892132031
291892132032
291892132041
291892132042
291892132021
291833109011
291833109032
291892132022
291892132024
291892132023
291892133001
291892133002
291892134004
291892134006
291892134007
291892135003
290510109001
291514901001
291514902003
291514903001
291514904001
291514901002
291514904002
291514903003
291514902002
291514901003
291514902001
291514903002
291892135001
291892136001
291892136002
290770010001
290770010002
290770011001
290770011002
290770011003
290770012001
290770012002
290770012003
290770013011
291974702002
290770013012
290770013023
290770013021
290770014001
290770014002
290770015001
290770015002
290770017002
290770018001
290770018002
290770018003
290770019001
290210027002
290210010001
290210030001
290299502004
290299506002
290997001091
290997002062
290997006031
290997006032
290997005041
290997003041
290997010002
290997001152
290997002112
290997002084
290997002032
290997005031
290997010006
290997001111
290997014032
290997002071
290770006003
290770007001
290770007002
290770008001
290997001182
290997001171
290997001153
290997002082
290770009001
290770009003
290770009004
291892134005
290997001094
290997001184
290997002033
290997005032
290997002091
290997014043
290997005043
290997001141
290997014012
290997001142
290997001161
290259501001
291892131014
291950904002
291950905003
291950901001
291950908001
291950908003
291950908002
291950902002
291950903003
291950907001
290470214011
290470218052
290430203062
291650303053
291650303052
291650303051
290950118003
290614701001
290614702004
290614702002
290614701002
290614702005
290614702003
290614702001
291892109212
291892113341
291892133006
291892178021
291892152323
291892180032
291892147003
291892180113
291892119002
291892119003
291892119004
291892119005
291892120012
291892120011
290470220001
291892139001
291239602003
