301039635001
300179616001
300510501001
300490012012
300959664001
300959665001
300959666002
300250001002
300250001003
300250001001
300559540002
300439623004
300439623001
300490012022
300490005012
300810004011
300490002003
300130101002
300130004001
300130019003
300130012002
301010002003
300290004022
300290010001
300290001003
300290001002
300290004014
300479403011
300479403012
300470002002
300479405001
300479403013
300479403014
300479403032
300479404003
300830703002
300930004002
300530003001
300530003004
300810001002
300810002022
300810002024
300810002014
300810004023
300810004012
300310001013
300359760003
300619646001
300619645001
300619645002
300619646002
300359402003
300290002033
300290002012
300290012001
300290011004
300290002013
300290008002
300310001022
300310005024
300310005021
300310012003
300310001031
300310002003
300310012001
300310007022
300310011011
300310001021
300310005031
300310005041
300310002001
300890002001
300890002002
300890002003
300890001002
300650001002
300310005022
300310001033
300310011021
300310005011
300479405003
300479407001
300479403034
300479406004
300479403033
300479403035
300290004023
300290010002
300310010024
300310010021
300310010022
300310010012
300310007013
300310005032
300490012014
300490009004
300490005021
300490011004
300490007004
300490007005
300490007007
301110012002
300630002024
300150103004
300150103002
300150102002
301110011001
301110013003
300899403002
300890001001
300890002005
300890002004
300890001003
300739770004
300739770002
300739770003
300979670003
300979670001
300979670005
300979670002
300979670004
301010002005
301010001002
301010001001
301010002004
301010002001
301010002002
300590001001
300310006001
300310006002
300310007011
300310007012
300310008001
300310008003
300310009001
300310009002
300310004003
300310008002
300210003001
300210002003
300210002001
300210001002
300210002004
300210003005
300210002002
300770002006
300270302003
300270302002
300270302001
300270301003
300270301002
300959664003
300990002002
300990001001
300990002001
300990003002
300990003003
300990003001
300650001001
300650001003
300650002001
300630018003
301110017023
300650002002
300310009003
301059406003
301059406002
300870001001
300770002001
300770002002
300810002012
300479404001
300479405002
300810003002
300810004022
301090001001
300130011001
300130022002
300130017003
300130022003
300630013041
300630001001
300850801001
300230005004
300230004003
300230005003
300230003003
300230005001
300230004001
300230003002
300230004004
300230005002
300630013033
300630013032
300630013025
301110007062
301110004011
301110018024
301110015013
301110015012
301119400001
301070001002
301110019021
301110014015
301110018022
301110018023
301110019014
301110019023
300670004006
300679806001
300359404004
301110011004
300670004002
300710602004
300710602002
300290004013
300670004004
300670004005
300290003003
300290003004
300110003002
300110003001
301110013004
300630004002
300490004002
300630004001
300530004003
300530004004
300570001001
300570001002
300870003002
300359800001
300179616002
300179616003
300179618002
300179620001
300179620002
300179620003
300399617001
300399617002
300399617003
300179615002
300230003001
300510501002
300770002005
300770002003
300770002004
300290001001
300290007002
300290017004
300290013022
300290013021
300290017002
300290017003
300290004012
300290013023
300290013013
300290014002
300290014001
300050002003
300059402001
300050001002
300059401001
300050002002
300050002001
300050001001
300179619001
300179618001
300179613001
300179615001
300179619002
300290002021
300290002022
300290013011
300290002011
300290004021
300290012004
300290014003
300290006013
300290002032
300290008004
300290006023
300290011005
300290003001
300290017001
300290013012
300290002031
301110017032
301110017033
301110014022
301110017024
301110018021
301110006003
300039406002
300039405002
301110018013
301110018011
301110014021
301110014012
301110014023
301110015011
301119400003
301110014016
301110019011
301119400005
301110014013
301119400004
300630013031
301110008001
300830701001
300830702001
301110002003
301110007051
301110004023
300450001001
300310001012
300310004002
300310005023
300310012004
300310012002
301110006001
301110002001
300690001001
300810002013
300810005004
300810006001
300810006002
300810007002
300039404001
300010002001
300010001001
300010002002
300010003004
300010003001
300010003003
300010003002
300810008002
300179613002
300230004002
301110012001
300959665002
300490003002
300490004001
300439623002
300439622021
300439622024
300439623003
300439622022
300439622023
300439622012
300439622011
300810005001
300359760005
300359760001
300359402004
300359404003
300359402001
300359760002
300359404002
300359404005
300359404001
300359402002
300750001002
300750001001
300630013043
301051005002
300870002001
300910904002
300490012011
300490012015
300490008002
300490003001
300490008001
300490010005
300490001002
300490007002
300490002001
300490007006
300090003002
301110009021
301110007021
301110018041
301110007022
301110008003
301110018043
301110003003
301110005002
301110009013
301110014014
301110018012
301110015023
301110015021
301110007043
301119400002
301110007023
301110015022
301110007013
301110010002
301110014011
301110019022
301110008002
301110004012
300359760004
300090001003
300090002001
300090001002
300090004002
300090003001
300090004001
300090001001
300090003003
300090005001
300090002002
301110004021
301110004022
300490012021
301110005001
300790001001
301110017043
301110017041
301110017021
301110017022
301110018031
301110018032
301110018042
301110019013
300630009014
300630003002
301110019012
301110007012
300330001001
301110013005
301110017031
301110017042
300410405003
300410403001
300410403004
300419403001
300559540001
300410404003
300859400014
300850801002
300859400012
300859400023
300859400011
300859400021
300859400013
300859400022
300859400024
300410405002
300410401002
300410403002
300490006001
300490002002
300490012013
300490012023
300490004004
300490004005
300490006002
300490008003
300410402002
300410404001
300410403005
300410401001
300410403003
300830703001
300290008001
300370001001
300410405001
300410404002
300410404004
300410402001
300130022001
300030001001
300030001003
300770001001
300770001002
300490005023
300490005022
300490004003
300490005011
300490007003
300290007003
300290012002
300290006012
300290011002
300290012003
300290006011
300290008003
300290017006
300039407002
300030001004
300039405001
300030001002
300290004011
300490008004
300490009001
300130003004
300570002001
300570002003
300570003001
300570003002
300290003005
300290003002
300130106002
300570002002
300059402002
300490009002
300130016003
300130016005
300490010001
300490010002
300490010003
300490011001
300490011002
300130107002
300130101001
300130004002
300130106001
300130023004
300130001002
300130008002
300130104002
300130002001
300130016002
300930005005
300130023003
300130017002
300590001002
300490011003
300910902002
300910902003
300910902001
300910904001
300810002021
300810005002
300830704002
300930001004
300930001006
300130009002
300130009003
300130009004
300130010001
300130010002
300130010003
300130010004
300130011002
300130018003
300130018002
300130018004
300130019001
300930008001
300930008002
300930008003
300930001003
300930006006
300930006005
300930001005
300930008005
300930002002
300930008004
300130008001
300930001002
300930002001
300930002003
300930002004
300930003001
300930007001
300130019002
300130021002
300130021004
300930003002
300930003003
300930005001
300930005002
300930005003
300930005004
300930005006
300930006001
300930006002
300130022005
300130023002
300130106003
300130107003
300830704001
300830704003
300830703003
300930006003
300930006004
300930007002
300930007003
300470001001
300470002001
300479404002
300479406001
300479403031
300130108001
300130108002
300130108003
300130007001
300130007002
300810006003
300130009001
300810002023
300810006004
300630009021
300630004003
300630002022
300810005003
300810001003
300630013044
300630009012
300630016002
300630016004
300630015001
300630013024
300630015004
300810004021
300810002011
300810003001
300810007001
300810001001
300530004001
300810005005
300810008001
300479405004
300479406002
300479406003
300479407002
300130011003
300130011004
300130016001
300130003002
300130003003
300130104001
300130002002
300310016001
300310002002
300310016002
300310010023
300310005012
300310005042
300310015002
300070001002
300070001001
300530001002
300530001003
300530005003
300530002003
300530004002
301110013001
301110013002
300530002002
300530001001
300530005001
300530003003
300530005002
300130101003
300530003002
300530002001
300710602003
300710602001
300130021001
300130107001
300130003001
300630007003
300630002011
300630005002
300630005003
300630005004
300630007001
300630010003
300630008001
300630008002
301019800001
300630008004
300630009011
300630009013
300630008003
300630009015
300630010002
300630001003
300630010004
300630015002
300630013023
300630011002
300630002023
300630018004
300630014001
300630018002
300630016003
300630016001
300630012002
300630011001
300630011003
300630012001
300630012003
300630012004
300630010001
300630013021
300630013022
301110010003
301110010004
301110010005
301110009012
301110009022
300630014004
300630014005
300630001002
301110009023
301110009024
301110010001
300859400015
301070001001
300310004001
300310003003
300310003002
300310003001
300310007014
300630002012
300630001004
300630002014
300630018001
300630015003
300630013034
300630002015
300630003001
300630005001
300630007002
300630002013
300630014003
300630014002
300630002021
300670003003
300739770005
300670004001
300290007001
300290007004
300290007005
300290009001
300290009002
300290009003
300290009004
300290009005
300290011001
300290011006
300290011003
300290017005
301051005001
301051001002
301051001001
301059406001
300290006022
301051005003
300290006021
300190203001
300039406001
300039407001
301110011003
301110011002
300990001002
300210003002
300210003003
300210003004
300190203002
300870002002
300870001002
300879404002
300879404001
300930002005
300930001001
300930004001
300930004003
300899403001
300010001002
300130001001
300130021003
300130012001
300130018001
300130002003
300310007021
300310010011
300310011013
300310011012
300310015001
300310001032
300310011022
300310001011
300210001001
300130106004
300130023001
300130016004
300130017001
300130022004
300959664002
300959666001
300739770001
300630013042
300870003001
300739772002
300739772001
300490010004
300450001002
301110005004
301110006002
301110007011
301110005003
301110007024
301110007025
301110007052
301110007064
301110007063
301110007061
300270301001
301110007041
301110007042
301110009011
301110007053
300070002001
300070002002
300490001001
300419403002
300419403003
300670003002
300670002002
300670002003
300670002001
300670005002
300670003001
300670005001
300670001001
300670004003
300670001002
300490007001
300490009003
300150103003
300150102001
300150103001
301110002002
301110003001
301110003002
301110003004
