311090037151
311090102021
311090001002
311090001003
311090022001
311090023006
311090104003
311090104002
311090013021
311090101002
311090030021
311090002021
311090014002
311090020012
311090037071
311090023005
311090029002
311090036041
311090008003
311090027011
311090027012
311090002014
311090016003
311090020021
311090017004
311090037074
311090037094
311090011013
311090011021
311090015002
311090036051
311090104004
311090006002
311090022006
311090030022
311090003002
311090014001
311530104022
311090004002
310939706004
310939706001
311139575001
311459633003
311459633002
311459633001
311519608001
311619517004
311010002002
311299601001
311090031042
311090031044
311090036091
310679651001
311239525005
310139512003
311819650001
310679650002
310679650004
310679651002
310679647002
310679649004
310679646002
310679650003
310679647003
310679646001
310679650005
310679649002
310139513001
310139513002
311119605001
311419653004
310139512002
310279772004
310279772002
310539638003
310539643003
310539637003
310539643004
310539636004
310539640003
310539639002
310539644001
310539636005
310539638002
310539639001
310539639003
310539640002
310539640004
310539641003
310539641002
310539641001
310539642002
310119601002
310119601001
310119602001
310119602002
310119601003
310119601004
310539642003
310539642005
310539643002
310539643001
310119601005
311739401003
310139511001
310139512004
310139513005
310139511002
310139512001
310139513004
310139512005
311699632001
310239676002
310239676003
310699521001
310159758001
310159758002
311759714002
311359593003
311739402001
311739401002
310659639005
310659639001
310659639004
310659639006
310239676001
310239678002
310239678001
310419718003
311499746001
310379647001
310379648002
310379646001
310379648001
310379648004
310379648003
310379646003
310379647002
310959637002
310959636002
310959636001
310959637001
310959638001
310959636003
310619647002
310619646001
310619646002
310939706002
310359622002
311299600002
311299600001
311299600003
310059583001
310099724001
311499746002
311219668001
310179750002
310179750001
310379648005
310379646002
311530106143
311299601002
311159728001
311530107024
311530106314
311530106271
311530103063
311530106222
311530106262
311530106343
311119602002
310550075162
310550073141
310550074712
310550073093
310550073184
310550075161
311639701002
311639701001
310859615001
310639611001
310639611003
310999667001
310999667002
310999666001
311279681004
311279681003
311279682003
311279682001
311279681002
311279682004
311279681001
311279682002
310819693001
310819691002
310819692001
310819693003
310819693002
310819692002
311090002015
311090102022
311090014004
311599604004
311079763001
311439600002
311439600001
311439601001
311439601003
311439601002
310579623003
310579623002
310579623001
310779709002
310779709001
310550073151
310550075123
310550075133
310550075173
310550074691
310550075152
310550018003
310550074704
310550074702
310199692032
310550074692
310550074613
310550073134
310550073091
310550073142
310550073162
310550073183
310550075131
310550075141
310550075151
310550075171
311079762001
311079762002
311079763002
311079764002
311079764001
310550073172
310550075172
310550023002
310550075112
311090002011
311090002012
311090002013
311090002022
311090002023
311090003001
310790007004
311179579001
310619647001
311699631001
311699631002
310019656001
310019656003
311619517002
311530106342
311530104012
310259659001
310259657003
310259658003
310259657002
310259656004
310259656003
310259659003
311530106333
310259656002
310259661001
310259659002
310259656001
310259658002
310259660002
310259657001
310359621001
310359621002
310359622003
310359622001
310359621004
310359621003
310259659004
310259660001
310259661004
310259661003
310259661002
310259658001
310259660003
310019656004
310019655003
310019662001
311010003001
311010003003
310790005003
310790005002
310790007003
311010002004
311010002003
311010003002
311010001001
310550036002
311530102053
311530106215
310279772001
310279771003
310279771005
310279771001
311530106221
311530106255
311530106263
311530106261
311530106253
311530106291
311530106292
311530106321
311530106272
311530106282
311530106323
311530106312
310039796003
310039798003
311799786001
311799786004
311799786002
311799786003
310639611002
311219667003
311770501023
311770501025
311770501021
311770502013
311770502022
310479680003
310479681001
310479686001
310479680002
310479680001
310479685003
310479682003
310479686002
310479683002
310479683003
310479684001
310479684002
310479684003
310479685001
310479685004
310479685005
310550071024
310550067032
310550050005
310550027001
310550059013
310550063031
310550074533
310550074664
310550022002
310550040001
310550074451
310550034012
310550060004
310550070021
310550005001
310550074671
310550070022
310550062025
310550073122
310550033001
310550038002
310550056004
310550075081
310550073131
310550073181
310899743003
310899743005
310550036004
310550036005
310550037001
310550037002
310550037003
310550038001
310550038003
310550038004
310550039001
310550039002
310550043001
310550040003
310550042001
310550042002
310550043002
310550044001
310550074092
310550049001
310550074093
310550074242
310550074243
310550074291
310550074292
310550035003
310550040002
310550044002
310550045001
310550045002
310550046001
310550046002
310550048001
310550046003
310550047001
310550047002
310550048002
310550050002
310550048003
310550048004
310550049002
310659639003
310550049003
310550074293
310550074312
310550074313
310550074314
310550074321
310550074322
310550074323
310550049004
310550049005
310550049006
310550050003
310550050004
310550051001
310550054001
310550051002
310550052001
310550052002
310550053001
310550053002
310550054002
310550054003
310550054004
310550074351
310550055001
310550074331
310550074332
310550074334
310550074335
310550074342
310550074343
310550057003
310550074352
310550074353
310550055002
310550055003
310550055004
310550055005
310550055006
310550056001
310550056003
310550057001
310550057002
310550057005
310550058001
310550058002
310550074354
310550058003
310550058004
310550058005
310550074722
310550074361
310550074362
310550074363
310550074364
310550074721
310550074073
310550074723
310550074381
311090028004
311090030023
311090030031
310550058006
310550059011
310550059012
310550060001
311090031041
311090031032
311090032021
310199692031
310199692033
310199694003
310430103002
310430103003
311090036081
311090037041
311090037042
311090037043
311090037044
311090037061
311090037062
311090037063
310550074064
310550074071
310550074084
310550074081
310550074082
310550074083
310550074091
310550074061
311090037072
311090037073
311090037081
310999666002
311090037082
311090037091
311090037092
311090037093
311090037161
310550073101
310550073102
310550073103
310550073112
310550073121
310550073132
310550073133
310550074051
310550074052
310550074053
311199613001
310550074062
311090038011
311090038012
311090038013
311090038021
311090038022
311090101001
311090101003
310550074063
310279771004
310279772003
311090103001
311090103002
311090103003
311090104001
311090104005
311699632002
311090017006
311090028005
310539636001
310539636003
310539637001
310539642004
310539636002
310539642001
310539640001
311199611001
311199613002
311199613003
311199612001
311199606001
311199610001
311199606003
311199609005
311199612002
311090010021
311199606002
311199607001
311199607002
311199608013
311199608011
311199608012
311199609002
311199609003
311199609004
311199610003
311530101082
311199611002
311199612003
311199612004
311199613004
311199613005
311199607003
311199609001
311199610002
311199608021
311819650002
311119597001
311119604002
311119606003
311759714001
311859697004
311859698001
311859698002
311859698003
311859699002
311859697002
311859697001
311859696001
311859697003
311859699001
311859696002
311090009001
311530101071
311530101072
311530101081
311530101083
311530102031
311530106211
311530102032
311530102033
311530102041
311530102052
311530102051
311530102062
311530102063
311530102064
311530102071
311530102082
311530104011
311530104024
311090010031
311090031043
311090013011
311090013013
311530104023
311530105011
311530105012
311530105013
311530105014
311530105015
311530105022
311530105024
311530105031
311530105032
310939705001
310939705002
311530105033
311530105034
311530106212
311530106214
310479683004
311530106231
311530106232
311530106311
311459633004
311530106254
311530106251
311530106252
311530106341
311530106283
311530106141
311530106144
311530106145
311530106146
311530106331
310339550002
311530106151
311530106152
311530106161
311530106171
311530106173
311530106174
311530106175
311530106176
311530106181
310550075132
311530106191
311530106192
311530106195
311530106201
311530106202
311530107021
311530107022
310550074703
310550073182
310550074711
311530106194
311530107012
311530101031
311530106332
311459631002
311459632004
311530101032
311530101033
311530101041
311530101042
311530101051
311530101052
311530101053
311530101061
311530101062
311530101063
311530101064
311090030013
311090030012
311090036052
311090037171
311090004003
311090036053
311090034022
311530105021
310699521002
311530106193
311530107023
311530101073
311530106322
311530106213
311530102072
311530106313
311530106234
311530106172
311530106162
311530105023
311530102042
311530106142
311530102043
311530104021
311530106233
311530101065
311530101034
310079540001
310719732001
311219666002
311219667002
311219666001
311219668002
311219668003
311219667001
310719732002
310019654001
310019658001
310019660001
310019655002
310019654002
310759563001
311699631003
311479686001
311479685002
311479685001
311479645001
310399727002
310399727001
310399728002
310399728001
311719571001
311479686003
311479645002
311479686002
310479681002
310479685002
310019660002
311770503004
310479682001
310479682002
310479682004
310479683001
310299619001
310299619004
310299619002
311799787002
311799787003
311799787004
311799787005
311659501002
311659501001
310019659002
310019659003
310019659004
310339548001
310999666003
310019657001
310019657002
310339549003
310339548002
310339549004
310339548004
310339550001
310339548003
311559681002
310019660003
310019660004
310019661001
310019661002
310339549001
310339549002
311039754001
310219633002
310219632001
310219633001
310019662003
310019656002
310019662002
310019655004
310219634002
310019658002
310550018002
310219632002
310419717001
310019658003
310419720001
310419717004
310419718001
310419719003
310419717003
310419720002
311559684001
311559681003
311559685002
311559682002
311559685001
311559681001
311559684002
311559682003
310550002002
311799787001
311799787006
310419717002
311559682001
311559682004
311559683001
311559683002
311559683003
311559683004
311559684003
310419718002
310550057004
310550074241
310550005002
310550074421
310550034021
310550074511
310550027002
310550051003
310550074592
310550030006
310550075043
310550073111
310550062023
310550019002
310550074522
310550002001
310550056005
310550024001
310550056002
310550066025
310550045004
310550074333
310550030001
310550071022
310550064007
310550043003
310550074341
310550035002
310550074561
310550074633
310550074311
310550064003
310550059021
310550059022
310550074523
310550068062
310550074573
310550029001
310550061012
310550050001
310550074582
310550053003
310550074072
310550075051
310550068041
310430102003
310550074434
310550066021
310550045003
311359593001
311359593002
310430101001
310430102002
310430102004
310430101004
310430101003
310430104001
310430101002
310590916001
310430103001
310430102001
310430104002
310550073092
310590917001
310590916002
310590917003
310199689002
310590917002
310199690003
310199691003
310199691004
310199692022
310199695001
310199695003
310199696002
310199697003
310199690002
310019654003
310019655001
310199689001
310199691002
310199697002
310199689003
310199693002
310199696003
310199689005
310199691001
310199697004
311819651001
310199689004
310199690001
311059545004
311059545001
311059545003
311059545002
310659639002
310299619003
311739401004
311739401001
311739402002
310839642002
311199608022
310939706003
311459631003
311459632005
310039797001
310039798002
310539637002
311530106241
311530106182
311530106183
311530103051
311530103062
311530103053
311530103021
311530103052
311090034023
311639701003
311239525004
311419651002
311419655003
311419652981
311419652984
311419651001
311419653001
311419652982
311419652983
311419657004
311419651003
311119597003
311119606002
311119597004
311119598003
311119598002
311119598001
311119599003
311119605003
311119597002
311119606001
311119604001
311119599006
311119602001
311839736001
310679649001
310679649003
310679650001
310679652002
310679648004
310679652001
310679648001
310679648002
310679647001
310839642001
310839642003
310790003004
310790002001
310790002003
310790002004
310790003001
310790003002
310790003005
310790004001
310790004002
310519776001
310790004003
310790004005
310790005001
310519778002
310519776002
310519776003
310519778001
310790006003
311339678002
311339678001
311339678003
310790006001
310790006002
310790008002
310790007001
310790008001
310790008003
310790009001
310790009002
310790013002
310519778003
310519778004
311519607001
311519606003
311519606002
311519607002
311519609001
311519609002
311519606004
311519608002
310790002002
310790014001
310790014002
310790007002
310790001001
310790003003
310790009003
311579531003
310790004004
310790001002
310790011001
311579529001
311579530002
311579537003
311579531001
311579534001
310790010003
310790009004
310790010001
310790010002
311579529002
310790010004
310790011002
310790011003
310790012001
310790012002
310790012003
310790013001
311579530004
311579535001
311579539002
311579532002
311579530001
311579538002
311579529003
311579530003
310219634001
311530102061
311579531002
311579532001
311579533001
311419653002
311530102081
311530106281
311530107011
311530106242
311530103061
311579533002
311579533003
311579534002
311579535002
311579535003
311579536001
311579536002
311579536003
311579537001
311579537002
311579537004
311579538001
310550061013
311579538003
310550060002
310550060003
310550060005
310550061011
310550061024
310550061021
310550061022
310550061023
310550061025
310550074394
310550062021
310550074382
310550074391
310550074392
310550074393
311599604001
310550074395
310139513003
311579538004
311579539001
311579539003
311579539004
311579539005
310550062022
310550062024
310550063011
310550063012
310550063013
311599601002
311599601003
311599602001
311599604002
311599601001
311599604003
311599603001
310550074412
310550063021
310550063022
310550063023
310550063024
310550074401
310550074402
310550074411
310550064005
310550074422
310550063032
310550064001
310550064002
310550064004
310550065033
310550064006
310550065031
310550065032
310550074431
310550065043
310550065044
310550074423
310550074424
310550074425
310550066043
310550074432
310550074433
310550074441
310539644002
310539638001
310550065041
310550065042
310550065051
310550065052
310550065061
310550065062
310550065063
310550066022
310550066023
310550066024
310550074442
310550074443
310550074461
310550074462
310550074463
310550074464
311379671004
311379671001
310550066026
310550066031
310550066032
310550066033
310550066041
310550066042
310550066044
310550074521
310399728003
310550074471
310550074472
310550074481
310550074482
310550074483
310550074492
310550074501
310550066045
310550067011
310550067012
310550067013
310550067031
310550067033
310550067041
310550067042
310550074502
310550074503
310550074513
310550074514
310550074515
310550074542
310550074531
310550074532
310550068031
310550068032
310550068051
310550068052
310550068053
310550068054
310550068061
310550068063
310550069031
310550074541
310550074543
310550074551
310550011003
310550074552
310550074563
310550074571
310550074572
310550074581
310550074583
310550007001
310550008001
310550008002
310550011001
310550011002
310550012001
310550016002
310550012002
310550012003
310550016001
310550069042
310550018001
310550069032
310550069041
310550074623
310550069043
310550069044
310550069051
310550069052
310550074591
310550074593
310550074601
310550074602
310550074612
310550074621
310550074622
310550074624
310550074625
311319667001
311319668002
311319666002
311319666001
311319669001
311319668001
310550020003
310550019001
310550020001
310550020002
310550024003
310550021001
310550021002
310550022001
310550023001
310550024002
310550024004
310550070024
310550069061
310550069062
310550069063
310550070011
310550070012
310550070013
310550070023
310550074631
310550074632
310550074651
310550074634
310550074641
310550074642
310550074643
310550074644
310550003002
310550074652
310550074491
310550074562
310550074675
310550002003
310550002004
310550003001
310550003003
310550026001
310550025001
310550025002
310550025003
310550028002
310550026002
310550027003
310550028001
310550070032
310550028003
310550029002
310550070031
310550074661
310550071011
310550071012
310550071021
310550071023
310550073031
310550074653
310550074654
310550074666
310550074662
310550074663
310550074665
310550074681
310550074672
310550074673
310550074674
310550030003
310550004001
310550004002
310550006001
310550006002
310550029003
310550029004
310550030002
310550030004
310550030005
310550031003
310550030007
310550031001
310550031002
311379672004
310550031004
310550032001
310550073032
310550073033
310550073041
310550073042
311319669003
310550074682
310550074683
310550075041
310550075042
310550075052
310550075061
310550075062
311319667002
311319669002
311319670002
311319670001
311319670003
311379672001
311379672002
310550035001
310550032002
310550033002
310550034011
310550034013
310550034014
310550034022
310550034023
310550035004
310550036001
310550036003
310550073152
311379670002
311379672003
311379670001
310550073171
310550073173
310459507003
310550075082
310550075091
310550075092
310550075093
310550075094
311379670003
311379671002
311379671003
311119599002
310239677002
310199691005
310199692041
310199692042
310199692021
311419655002
311419655005
311239525002
311239525001
311239525003
311259661005
311259661002
311259661003
311259661001
311259661004
310199693001
310199694001
310199694004
310199694002
310199695002
310199696001
310199696004
310199697001
310199690004
311419653003
311419654001
311419654003
311419654002
310459506002
310459506003
310459506001
311419656002
311419655001
311419656001
311419656004
311419655004
311090016002
311419656003
311419657003
311419657002
311419657001
310459507004
310459507002
311419653005
310739676002
310739676001
310919567001
310979675001
310979676001
310979676002
310979675002
310899743002
310319558001
310319558003
310319558005
310319559001
310319558002
310319559002
310319558004
311090009003
311090009004
311090010011
310899743004
310899742001
310899740001
310899742002
310899741002
310899740002
311090025003
311090025004
311090025005
311090027013
311090027021
311090027022
311090027023
311090027024
311090027025
311090028001
311090028002
311090028003
310899741003
310899741001
311090015004
311090016001
311090016004
311090016005
311090017001
311090018001
311090017002
311090017003
311090017005
311090018002
311090019001
311090011011
311090022005
311090023001
311090023002
311090023003
311090023004
311090023007
311090025002
311090024001
311090024002
311090024003
311090024004
311090025001
311090014003
311090012001
311090012002
311090012003
311090012004
311090013012
311090013022
311090013023
311090014005
311090015001
311090007002
311090021001
311090021002
311090022002
311090022003
311090022004
310239677001
310279771002
310899743001
310679648003
311090031022
311090036071
311090031021
311090030011
311090037181
311090005001
311090033012
311090037141
311090030032
311090010013
311090031031
311090015003
311090037131
311090102011
311090020013
311090035001
311090102023
311090010032
310550075142
311090010012
311090037191
311090032022
311010001002
311010002001
311519606001
311759714003
311459632001
311459632002
311459632003
311759713002
311759713001
311119599004
311119599005
311119599001
311119602003
311119602004
311119603001
311119603002
311119603003
311119603004
311119603005
311119603006
311119604003
311119604004
311119604005
311119604006
311119605002
311090034021
311090006001
311090034011
311090037201
311619517001
310459507001
311090029001
311099832001
311090036011
311090033011
311090033021
311090011012
311090011022
311090031023
311090020011
311090020022
311090020023
311090004004
311679622001
311679622003
311679622002
311679621001
311679622004
311679621002
310499554002
310499554001
310399728004
311619516001
311619516002
311619517003
311399792001
311399792002
311399792003
311399791002
311399791001
311399791003
310039797002
310039796001
310039796002
310039798001
310459507005
310550074512
310550074452
311599602002
311599603002
311599603003
310879627004
310879627001
310879627003
310879627002
310550075121
310550073161
310550075111
310550074701
310550075113
310550075122
310550074611
310419719002
311770503003
311770503002
311770501012
311770501011
310419719001
310019659001
310419719004
311770501024
311770502023
311770503001
311770501013
311770502012
311770501022
311770502021
311770502011
311459631001
311819651002
310399729002
310399729001
311530106301
311090001001
311090003003
311090003004
311090009002
311090004001
311090007001
311090008001
311090008002
310819692003
310819691001
310819693004
