320050016001
320050022001
320050020002
320030005172
320030057031
320030058561
320030029512
320030054361
320030057033
320030029851
325109900000
320030001014
320030001063
320030001081
320030001092
320030001061
320030015022
320030005192
320030029803
320030005182
320030005194
320079508001
320030028432
320030049214
320030028441
320030007002
320030029762
320030022031
320019506001
320030005163
320030022033
320030022012
320079509001
320079510001
320079513001
320079502001
320079517003
320019503021
320030057152
320150003003
320030053511
320030053502
320030053551
320199603011
320199609002
320199601011
320199603012
320199602021
320199601022
320079502002
320079512023
320079516002
320079516001
320079509002
320110001001
320110001002
320079514011
320079510002
320079517001
320079514021
320079507024
320079512012
320019503023
320019506002
320019503024
320019503025
320030017181
320079512011
320030032492
320030032491
320030032512
320030032502
320030032482
320030032521
320030031023
320030053561
320030053572
320030057144
320030053351
320030036201
320030036311
320030036312
320030036222
320030036242
320030036202
320030029652
320030029671
320030029673
320030053553
320030032472
320030032231
320030034302
320030036191
320030036381
320030036132
320030016113
320030049121
320030049243
320030049242
320030050061
320030018014
320030018013
320030018041
320030018043
320030058511
320030058501
320030058502
320030058463
320030032206
320030032271
320030053571
320030053541
320030053592
320030053591
320030053411
320030053542
320030053363
320030029752
320030029581
320030058241
320030058442
320030058431
320030058432
320030058451
320030058453
320030046013
320030050151
320030051094
320030058471
320030058443
320030046021
320030019014
320030019013
320030019022
320030019023
320030025013
320030022043
320030057162
320030057132
320030057143
320030029741
320030058031
320030058034
320030032262
320030051024
320030058521
320030058522
320030032351
320030053582
320030052003
320030053355
320030053432
320030053364
320030053423
320030054335
320030057161
320030058461
320030058132
320030058491
320030058131
320030058512
320030058281
320030058291
320030053552
320030022041
320030022062
320030022071
320030029541
320030029543
320030029373
320030022073
320030029544
320030029562
320030029841
320030029821
320030024041
320030024044
320030033181
320030033122
320030033103
320030033202
320030056135
320030033072
320030034151
320030034152
320030053602
320030058392
320030005213
320030005232
320030055011
320030055014
320030058321
320030058352
320030029823
320030056122
320030032432
320030032433
320030034293
320030036163
320030058111
320030024061
320030024052
320030026042
320030028471
320030026052
320030026051
320030026031
320030026041
320030050143
320030028292
320030028291
320030034153
320030034131
320030034133
320030036161
320030034182
320030034193
320030034202
320030034231
320030001015
320030055013
320030058182
320030055023
320030055022
320030055043
320030033092
320030033091
320030058115
320030058113
320030029501
320030029701
320030029951
320030029952
320030029964
320030028423
320030026033
320030024053
320030025063
320030019011
320030047095
320030042005
320030043023
320030050121
320030057122
320030027071
320030027073
320030028233
320030028232
320030058372
320030058382
320030058551
320030058552
320030029642
320030029641
320030029662
320030029651
320030029692
320030029691
320030029703
320030034292
320030034312
320030036164
320030036182
320030036181
320030036211
320030036411
320030036271
320030036362
320030056142
320030033211
320030056121
320030057022
320030058064
320030078003
320030060013
320030060015
320030015013
320030018015
320030018012
320030016124
320030049241
320030050062
320030016073
320310001013
320310003003
320310022101
320310023022
320310022062
320310026185
320310031052
320319901000
320310035013
320310032042
320310018013
320310023014
320310035012
320310022091
320030036261
320030010051
320030028231
320030032303
320030058242
320030029533
320030043012
320030068004
320030059021
320030047126
320030014012
320030032232
320030076003
320030061041
320030054351
320150003002
320150003005
320150003001
320099501001
320099501002
320310017021
320310017011
320310024011
320310017022
320310018011
320310018021
320310019011
320310019021
320310019022
320310028013
320310028021
320310028023
320310029011
320310029022
320310029023
320310029024
320310030002
320310012022
320310030003
320310030006
320310004005
320310019023
320310019024
320310021071
320310021042
320310031061
320310031063
320310018012
320310022111
320310022042
320310022043
320310022052
320310022053
320310031102
320310031101
320310031081
320310032041
320310033051
320310033061
320310033072
320310033081
320310033091
320310033094
320310035151
320310035141
320310012013
320310004004
320310007001
320310021072
320310024071
320310032023
320310033082
320310033092
320030054391
320310026182
320310027063
320310001012
320310001022
320310031064
320310032031
320310035154
320310001014
320310002011
320310002012
320310002022
320310003002
320310004001
320310004003
320310007002
320310007003
320030017131
320319803001
320310010081
320310031011
320310029021
320310028024
320310009001
320310010152
320310010151
320310010153
320310010142
320310010091
320310024012
320310024072
320310024073
320310024061
320310024062
320310028022
320310021031
320310021043
320310022041
320310011034
320310026031
320310010082
320310010051
320310010052
320310010121
320310010132
320310026191
320310027061
320310010131
320310001011
320310001023
320310019012
320310024063
320310025003
320310025002
320310026183
320310011011
320310011032
320310011042
320310011043
320310011044
320310026184
320319801001
320310004002
320310030001
320310032022
320310027062
320310032024
320310026181
320310033093
320310012012
320030053132
320030036072
320030047092
320030029481
320030055012
320030045004
320030054211
320030013004
320030049202
320030055021
320030028251
320299702003
320219707001
320219707003
320030032152
320030076002
320030005143
320030044013
320030010044
320030058071
320030053211
320030034181
320030029482
320030034213
320030068002
320030057051
320030034091
320130107013
320130105004
320130106002
320130107022
320199601021
320199603021
320199603023
320199602011
320199602012
320019503011
320199601012
325100008001
325100007021
325100007012
325100005014
325100009003
325100010012
320130107011
320130107012
320310010134
320079507022
320079507011
320079507012
325100010023
325100010022
325100007023
325100005011
325100007022
325100005023
320130107014
320130107023
320030058341
320030028483
320030028481
320030028383
320030028372
320030051021
320030028375
320030005141
320030005164
320030029742
320030058541
320030058543
320030029151
320030029513
320030029192
320030029534
320030036371
320030036392
320030072001
320030036401
320030036412
320030036402
320030036301
320030058032
320030058481
320030058114
320030058462
320030058452
320030058532
320030058251
320030050112
320030050101
320030051016
320030028213
320030028384
320030028482
320030028102
320030057021
320030036322
320030049211
320030004031
320030075001
320030028101
320030028381
320030028382
320030060012
320030028343
320030028331
320030049071
320030049201
320030049191
320030028293
320030028332
320030028301
320030049252
320030024034
320030024032
320030029411
320030029414
320030029611
320030058383
320030058381
320030058371
320030036341
320030036331
320030036321
320030036361
320030036351
320030036221
320030036352
320030036353
320030058252
320030058253
320030058261
320030058263
320030058482
320030049192
320030053491
320030062031
320030062032
320030078001
320030032315
320030029802
320030029963
320030044012
320030033163
320030032305
320030032281
320030032313
320030032282
320030032342
320030032333
320030032352
320030067004
320030067002
320030028303
320030028302
320030028374
320030028294
320030053192
320030028323
320030028322
320030028321
320030028342
320030058331
320030029831
320030029522
320030029521
320030029401
320030029402
320030029531
320030029421
320030036343
320030028431
320030044021
320030044022
320030042001
320030042004
320030045003
320030044023
320030046012
320030003021
320030005272
320030059031
320030058351
320030058361
320030058362
320030028451
320030058311
320030058301
320030033201
320030032383
320030058492
320030058441
320030058223
320030058222
320030033111
320150003004
320239604052
320239604042
320239603002
320239604051
320239604013
320239604023
320239604022
320030036292
320030059051
320030078002
320030032304
320030032292
320030036241
320030029663
320030058533
320030056133
320030034183
320030029582
320030024045
320030005281
320030015024
320030050065
320199601031
320199601014
320199601013
320199603031
320199603022
320199602022
320199601032
320310022073
320310026121
320310032021
320310009002
320310030004
320310013001
320310013002
320310014001
320310028011
320310028012
320310012011
320030033063
320339702004
320339702003
320339702001
320339703001
320339702002
320339703003
320339701001
320339703002
325100009004
325100010013
320030057163
320239604021
320239604033
320239805001
320199608003
320199608004
320199609004
320199608001
320199609001
320199609003
320199608005
320199608002
320030036252
320030023031
320030029811
320030029961
320030047125
320079515002
320079513002
320310022072
320030050152
320030051092
320030058391
320030055042
320030058272
320030049261
320030043024
320030032341
320030057151
320030057153
320030029791
320030029801
320030036281
320030057111
320030004012
320030053472
320030053482
320030004022
320030034225
320030005261
320030047091
320030028452
320030024033
320030050052
320030050051
320030050054
320030016121
320030050063
320030024043
320030057121
320030022044
320030022072
320030029962
320030025062
320030058271
320030029621
320030027061
320030028484
320030028142
320030028373
320030028352
320030029761
320030029661
320030058542
320030029372
320030029583
320030030053
320030058231
320030033131
320030032403
320030029702
320030032272
320030033093
320030059041
320030034195
320030036262
320030036231
320030062041
320130105002
320030036342
320030028442
320030043011
320030047134
320030049262
320030056134
320030054371
320030053181
320030053462
320030053581
320030054363
320030054352
320030054341
320030055024
320030056132
320030057023
320030058531
320030047103
325100006002
320239601002
320239604061
320239604012
320239604011
320239602002
325100007011
325100003001
325100008003
325100010021
325100010011
325100003003
325100007013
320059900000
320030034142
320030034154
320030034155
320030034161
320030036303
320030001082
320310035142
320310024091
320030053492
320179501001
320030036071
320030036073
320030036391
320030036091
320030036092
320030043021
320030044011
320030045001
320030045002
320030047031
320030047032
320030047071
320030047072
320030017112
320030008001
320030034083
320030032221
320030029491
320030022032
320030058033
320030016131
320030027062
320030030041
320030032312
320030051052
320030051061
320030034121
320030051013
320030034093
320030001033
320030053182
320030053201
320030053202
320030053203
320030053421
320030055033
320030058401
320030062012
320030001013
320030001011
320030034082
320030036094
320030029053
320030051081
320030032204
320030005101
320030059022
320030028252
320030053111
320030058062
320030005102
320030041004
320030056131
320030053212
320030053213
320030053221
320030027082
320030055032
320030032042
320030032141
320030010061
320030040002
320030054212
320030054213
320030054221
320030054222
320030054223
320030054231
320030054232
320179501002
320030053512
320030016071
320030016123
320030016132
320030032601
320030032603
320030032602
320030056072
320030056073
320030076004
320030076001
320310026122
320030034162
320030034163
320030034262
320030034271
320030034261
320030034272
320030034191
320030034192
320030058073
320030058074
320030058081
320030058082
320030058083
320030058092
320030032261
320030033031
320030033032
320030033033
320030036093
320030036101
320030036102
320030036103
320030036104
320030047102
320030062022
320030062042
320030057052
320030026043
320030029462
320050018001
320050019001
320030033081
320030033051
320030033054
320030033053
320030033055
320030033061
320030034194
320030034201
320030034203
320030034211
320030034212
320030034221
320030034222
320030047121
320030047123
320030047132
320030047141
320030047142
320030047151
320030047152
320030051012
320030051022
320030051023
320030016125
320030016122
320030033062
320030033064
320030034081
320030034092
320030034101
320030034224
320030034232
320030034233
320030034234
320030034235
320030034281
320030034291
320030036121
320030036122
320030036123
320030036131
320030036133
320030051031
320030051033
320030051042
320030051062
320030053331
320030053332
320130105001
320130107021
320130105005
320130106001
320130105003
320030034111
320030034112
320030034123
320030034102
320030034132
320030034141
320030034301
320030034311
320030035001
320030035002
320030036432
320030036431
320030036441
320030036442
320030036151
320030036152
320030051071
320030051072
320030051073
320030051082
320030051091
320030051093
320030053521
320030053352
320030053353
320030053354
320030053361
320030036171
320030036302
320030037001
320030038001
320030038002
320030038003
320030047162
320030047171
320030047172
320030047161
320030053371
320030053372
320030053381
320030053382
320030053362
320030054321
320030054322
320030054233
320030040001
320030041001
320030041002
320030041003
320030042002
320030049111
320030049112
320030016111
320030049122
320030049141
320030049142
320030049151
320030052002
320030053112
320030053121
320030053122
320030053131
320030053133
320030054323
320030054332
320030054334
320030057041
320030058041
320030058042
320030058043
320030036251
320030036272
320310035153
320310035152
320030049152
320030049161
320030049162
320030049171
320030049172
320030049182
320030053134
320030053141
320030053142
320030053151
320030053152
320030053153
320030053383
320030053422
320030058044
320030058051
320030058052
320030058053
320030058063
320030058072
320030058093
320030058112
320030060011
320030053481
320030057141
320030053161
320030053162
320030053163
320030047101
320030005262
320030053172
320030053173
320030053431
320030053601
320030054392
320030055041
320030005144
320030005271
320030056071
320030055031
320030072003
320030061032
320030062011
320030062021
320030005231
320030018011
320030018031
320030018032
320030018042
320030029052
320030029154
320030029152
320030029153
320030032111
320030032112
320030032473
320030038004
320030038005
320030005212
320030028143
320030053191
320030015011
320030015012
320030014024
320030005243
320030005221
320030057145
320030051032
320030057112
320030007003
320030004023
320030005131
320030005132
320030005133
320030005142
320030019012
320030019021
320030020001
320030020002
320030020003
320030029161
320030029191
320030029351
320030032622
320030032523
320030005151
320030005152
320030005153
320030005154
320030005161
320030005171
320030005173
320030022011
320030022013
320030022042
320030022061
320030029352
320030029361
320030029362
320030029371
320030029381
320030029391
320030029392
320030005273
320030005282
320030005145
320030047094
320030047093
320030005181
320030005183
320030005184
320030005191
320030005193
320030006001
320030067003
320030024031
320030024042
320030024051
320030001051
320030029412
320030029422
320030029461
320030029471
320030032471
320030008002
320030025011
320030025012
320030057142
320030057131
320030025041
320030025042
320030025043
320030025051
320030025052
320030029472
320030029492
320030029511
320030029532
320030032181
320030051034
320030032182
320030032131
320030032142
320030032151
320030032153
320030010032
320030010033
320030010041
320030010042
320030010043
320030010045
320030010046
320030010052
320030026032
320030068003
320030025061
320030029542
320030029561
320030029571
320030029572
320030005252
320030005241
320030005242
320030005251
320030005104
320030032154
320030032621
320030010062
320030010063
320030011002
320030011003
320030012001
320030068001
320030027072
320030027081
320030030011
320030030012
320030030013
320030030014
320030030031
320030030033
320030001093
320030012002
320030012003
320030013001
320030013002
320030013003
320030013005
320030014011
320279601001
320279601002
320030028081
320030028082
320030028371
320030030051
320030030052
320030030054
320030030061
320030030062
320030030063
320279601004
320279601003
320279601005
320030031042
320030004021
320030007004
320030046022
320030005103
320030005222
320030005214
320030001091
320030001031
320030001032
320030001034
320030001062
320030001071
320030014022
320030028111
320030031032
320030031041
320030031031
320030031021
320030031024
320030031022
320030036421
320030046011
320050017001
320030001072
320030001052
320030001053
320030002011
320030002012
320030002013
320030002034
320030029054
320030016072
320030016081
320030016082
320030016101
320030016102
320030028112
320030028141
320030028412
320030032041
320030032043
320030032045
320030002032
320030002033
320030002041
320030002042
320030003011
320030016112
320030017061
320030017062
320030017071
320030069001
320030069002
320030028211
320030028221
320030028222
320030032401
320030032412
320030032413
320030032421
320030032422
320030032222
320030003012
320030003024
320030003022
320030003023
320030003025
320030017081
320030017082
320030017091
320030017101
320030017102
320030017111
320030017121
320030028241
320030028242
320030028261
320030028262
320030028271
320030028272
320030028281
320030032441
320030032442
320030032081
320030032082
320030032453
320030004033
320030004011
320030017122
320030017132
320030017141
320030017142
320030017151
320030017152
320030017171
320030017182
320030032463
320030032101
320030032102
320030032103
320030032104
320219707002
320219708001
320310031062
320310022061
320310022082
320030032532
320030032533
320030032612
320030032611
320310021051
320310022112
320310035111
320299702001
320299702002
320079515003
320079515004
320079515001
320079507013
320079514012
320079514013
320310024121
320310035033
320310023011
320310035112
320310027052
320030032531
320030032541
320030032542
320079514022
320310031066
320310031065
320310024102
320310024103
320310024112
320310035094
320310003001
320310003004
320310019013
320050014001
320050015002
320050011001
320050025001
320050017002
320310018022
320310001021
320310011012
320310010083
320310010122
320310010112
320310011041
320050010001
320050011002
320050011003
320050022004
320050013001
320050012001
320050021001
320310026173
320310027032
320310027041
320310029013
320310017023
320050020001
320050010002
320310032032
320310011033
320310035041
320310027072
320319800001
320310035031
320310031092
320310035011
320310033062
320319802001
320310002023
320310002021
320310027053
320310027071
320310035082
320310021061
320310014002
320310022092
320239604062
320239602001
320239604031
320239601001
320310010154
320310026131
320310015014
320310027031
320310017012
320239604041
320239604032
320239604043
320239603001
320310021062
320310035113
320310035092
320310035044
320310011053
320310032025
320310010141
320310007004
320310035091
320310026152
320310035081
320310029012
320310031051
320310035101
320310026111
320310021041
320310022081
320310010102
320310010111
320310010101
320310026124
320310026123
320310026193
320310026192
320310026194
320310033083
320310033071
320310011051
320310011052
320310024111
320310012021
320310025001
320310010133
320310022051
320310022071
320310024082
320310024081
320310023013
320310024122
320310030005
320310031013
320310021053
320310010092
320310023021
320310023012
320310024101
320310015025
320310026102
320310015013
320310026171
320310026172
320310015021
320310015024
320310015023
320310015011
320310011031
320310021032
320310035032
320310035043
320310031012
320310027042
320310027043
320310035121
320310035122
320310035093
320310021063
320310022121
320310022124
320310021052
320310027051
320310035102
320310035131
320319402001
320310022123
320310015012
320310035042
320310031091
320310022122
320310024113
320310026134
320310026113
320310026112
320310026101
320310026162
320310026141
320310026103
320310026163
320310026161
320310012024
320310026133
320310015022
320310026132
320310027073
320310026151
320310035103
320310031082
320310031103
320310031104
320310031014
320310035071
320310035072
320310035132
320319900000
320030028361
320030028341
320030028462
320030028461
320030053222
320030053461
320030028362
320030028212
320030050111
320030050103
320030029442
320030029585
320030029503
320030029502
320030029441
320030029584
320030029672
320030029772
320030042003
320030071003
320030047124
320030071002
320030047122
320030047131
320030047133
320030028422
320030049213
320030049101
320030049102
320030032371
320030033162
320030033143
320030032382
320030032522
320030036372
320030036282
320030050071
320030054382
320030032205
320030032201
320030029413
320030029193
320030029423
320310012023
320030029771
320030058243
320030058262
320030027063
320030005174
320030049203
320030051043
320030053183
320030058061
320030005253
320030054393
320030029781
320030029751
320030028421
320030030042
320030029681
320030029612
320030029682
320030032324
320030049232
320030049253
320030058422
320030058421
320030058411
320030032291
320030033161
320030034313
320030016091
320030016133
320030005185
320030005211
320030005223
320030037002
320030003013
320030028311
320030032323
320030032311
320030032321
320030058412
320030058221
320030033141
320030049212
320030049123
320030049231
320030049251
320030050122
320030050141
320030050132
320030036291
320030036354
320030043022
320030032361
320030032331
320030056141
320030053562
320030033212
320030032184
320030032223
320030072004
320030054342
320030056151
320030033121
320030033101
320030033142
320030032381
320030032392
320030032391
320030050102
320030050171
320030054362
320030050131
320030061042
320030049072
320030053593
320030054333
320030054331
320030053412
320030061031
320030033152
320030033171
320030001012
320030034294
320030010031
320030005201
320030005202
320030071001
320030006002
320030032044
320030032362
320030033052
320030032411
320030032402
320030032431
320030054381
320030054364
320030051011
320030051015
320030051014
320030051041
320030052001
320030032301
320030032314
320030032302
320030033192
320030033191
320030033193
320030033102
320030033172
320030009001
320030011001
320030023021
320030067001
320030017161
320030029953
320030032452
320030032451
320030032462
320030032461
320030032481
320030032511
320030053531
320030053532
320030053522
320030053175
320030053171
320030053174
320030053501
320030033151
320030016093
320030032322
320030032283
320030032343
320030032332
320030033112
320030033144
320030033132
320030028472
320030016092
320030028411
320030029162
320030058091
320030032483
320030032132
320030049181
320030014021
320030014023
320030015023
320030015021
320030016094
320030050142
320030016074
320030050053
320030050072
325100001001
325100001002
325100001003
325100002001
325100006004
325100002003
325100009002
325100004002
325100004003
325100005012
325100005013
325100005022
325100006001
325100006003
325100008002
320030034122
320030029051
320030002031
320030032183
320030032191
320030032192
320030032193
320030032194
320030032202
320030032203
320030032501
320030057154
320019503013
320019507003
320019504001
320019503022
320019501001
320019501002
320019505001
320019507004
320019506003
320019507002
320019505002
320019507001
320019503012
320339701002
320030051051
320030005162
320050023003
320050014002
320050022002
320050022003
320050016002
320050023001
320050023002
320050024001
320050015001
320050013002
320050018002
320030036162
320030053471
320030004032
320030034223
320030005283
320030007001
320030050064
320030024062
320030029822
320030057032
320030050161
320030060014
320030028351
325100009001
325100002002
325100005021
325100003002
325100004001
320030030032
320179502002
320079517002
320079514023
320079507021
320079508002
320079512021
320079512022
320030029812
320030058181
320030032393
320030033071
320030036243
320030072002
320079507023
320179502001
