330170841001
330112001001
330110121004
330110225002
330110152001
330110122001
330110171002
330110190001
330110210003
330099602003
330130030011
330130443003
330019662004
330019664021
330019662002
330099618005
330099603003
330099601004
330099616012
330099605001
330099609003
330099612001
330099604002
330099608003
330099603002
330099607001
330099613003
330099601005
330099603004
330099614003
330099615002
330099603001
330099616011
330110161002
330150697001
330150697002
330110002021
330110019002
330110122002
330110108004
330112001002
330110180001
330110200001
330110028005
330110200002
330110230002
330110023002
330110105002
330019652002
330099618001
330099601001
330099601002
330099601003
330099602001
330099604001
330099604003
330099605003
330099607002
330099608001
330099609001
330099616022
330130360003
330099616023
330099617002
330099617003
330130380003
330130385003
330130390001
330130390002
330150675022
330150675023
330151075002
330150691001
330151011002
330151011003
330151011004
330150691003
330151021001
330151051003
330151051004
330130329002
330130441002
330130330001
330130330002
330151061011
330150675013
330151021002
330151021003
330151031001
330151041012
330151051001
330151051002
330150692002
330150693002
330199754002
330150710005
330150710001
330150710002
330130370001
330130390003
330130310011
330130321001
330130323001
330130327011
330151001003
330151002001
330151002002
330151002004
330170820002
330170830011
330170830012
330170830013
330170830014
330151002003
330151003013
330151003022
330151003023
330150675021
330151004001
330151004002
330151004003
330151004004
330151004005
330170850005
330170880003
330170870003
330170850004
330170813001
330170850003
330170801001
330170802031
330170802032
330170802021
330130031003
330130032003
330130032005
330130326002
330130360002
330130032001
330130032002
330130415001
330130385001
330130405004
330130400002
330130325001
330130380002
330130440003
330130385002
330130032004
330130340002
330130324002
330130324003
330130324004
330130380001
330151072003
330110142023
330110102003
330110111011
330110114013
330110114022
330151061023
330150520003
330150670003
330151001001
330151071001
330019662001
330019656001
330019665004
330019660004
330019658004
330019664023
330019653003
330019656002
330019665002
330019651001
330019653002
330019655981
330019661004
330019651003
330019654002
330019665003
330019665001
330019652001
330019662003
330019656003
330019657001
330019657003
330019658001
330110142022
330110106004
330110107001
330110107002
330110108001
330110108002
330110108003
330110108006
330110109001
330110109002
330110151001
330110151003
330110152004
330110131001
330110109003
330110109004
330110109005
330110110001
330110110002
330110110003
330110162013
330110162021
330110162022
330110110004
330110112002
330110112003
330110113001
330110113002
330110113004
330110185012
330110185011
330110215001
330110215002
330110215003
330110114021
330110115001
330110115002
330110122003
330110122004
330110230005
330110230004
330110240001
330110255001
330170841003
330170841002
330170841004
330170842001
330170842002
330170842003
330079507003
330170870004
330170885001
330170880002
330170830016
330170830021
330170830022
330170830023
330170830024
330170830025
330130425002
330110162015
330110162014
330110185021
330110002042
330110102002
330110026001
330110114012
330110111012
330110123003
330110001022
330110006001
330099617004
330112004001
330110002031
330110002032
330110220001
330110007001
330110013002
330110028004
330110123004
330110027011
330110027022
330110131002
330110210004
330110210002
330110029032
330110114011
330110123002
330110143004
330110195011
330110162012
330110123001
330110121001
330110007002
330110027023
330110250001
330110027012
330150037011
330150036014
330159800111
330199759023
330199752004
330110029034
330110001011
330110029023
330110171005
330110171001
330110225003
330110029031
330110142011
330110142013
330110016005
330110230001
330151061014
330110006002
330110010004
330110011001
330110011002
330110011003
330110002022
330110011004
330110011005
330110012001
330150036013
330151041022
330150037031
330150036021
330150036023
330150038021
330150038012
330150670004
330150550022
330150580002
330150610013
330110008002
330151064003
330151061012
330150650082
330150530002
330110003001
330110003003
330110007003
330110008001
330110008003
330150710003
330110009012
330110009014
330110009013
330110010001
330110010002
330110009011
330110010003
330110018006
330110143001
330110152002
330170813002
330170813003
330170802041
330150033022
330151003012
330150650052
330151075001
330150630012
330150692001
330110009021
330110111021
330110002043
330110029014
330119801011
330059705003
330019658002
330019659001
330019659002
330019659003
330019659004
330019660001
330019660002
330019660003
330151003021
330151061021
330150040001
330150650015
330151031002
330150570003
330151061022
330150510001
330019655982
330019658003
330019654001
330019651002
330019664025
330019657002
330019664024
330079506001
330150033012
330150037032
330150035001
330110114023
330110121002
330110143005
330110195021
330110025004
330110104005
330110102001
330110180002
330110003002
330019664022
330019653001
330079509004
330079510001
330079511001
330079511002
330079504004
330110016001
330170842004
330170843001
330170843004
330170843006
330170843002
330170843005
330170844001
330170844002
330170844003
330170844004
330170845001
330170845002
330170846001
330170870001
330170870002
330110013003
330110013001
330110014001
330110014002
330110015001
330110015002
330110016002
330110016003
330110016004
330170805003
330110017001
330110018001
330110018002
330110018003
330110018004
330110018005
330110019001
330110113003
330170860001
330170885003
330170830015
330170850001
330170860002
330170885002
330170801002
330170870005
330130405002
330170843003
330170850002
330170880001
330130440001
330130390005
330130300001
330130328002
330130415002
330130360001
330130325002
330130425001
330130300002
330130405001
330099612003
330099613001
330079501001
330150038013
330150038011
330150039021
330150038022
330099617001
330099618003
330150540001
330150600001
330150540002
330151074002
330099617006
330099616025
330150675011
330150670002
330151064001
330151062004
330151071003
330151071002
330150630022
330150650081
330150650051
330151062002
330199757003
330150650061
330151061013
330150600002
330150650083
330151075003
330199751001
330199752002
330099602002
330099606002
330099613002
330099610004
330099608004
330099605002
330099608002
330130340001
330130340003
330130350001
330130350002
330130390004
330130430021
330130430022
330130430023
330130430024
330199759022
330130430025
330130440002
330130322001
330079502001
330079504002
330079511003
330079504001
330079509001
330079502002
330079508003
330079502003
330079505002
330079503001
330079505001
330079507001
330079504003
330079505003
330079501003
330079503002
330079510002
330130310012
330079506002
330079506003
330079506004
330130310021
330079507002
330079509003
330079501002
330130443001
330130400001
330130400003
330130405003
330130410001
330130410002
330130410003
330130415003
330130425003
330130430011
330130430012
330130430013
330130030013
330130030061
330130031001
330130031002
330130321002
330130321003
330130322002
330130324001
330130326001
330130327061
330130329003
330079507004
330079507005
330079508001
330079508002
330079509002
330099610001
330199751002
330199758001
330199754006
330199759024
330199754004
330199753002
330199751003
330199754005
330199755002
330199754001
330199753001
330199757001
330199756002
330199759012
330199757002
330199754003
330199755001
330199752001
330199759021
330039554004
330039558002
330039561001
330039561002
330039564003
330039554003
330099610002
330099610003
330099611001
330039555002
330039556003
330039561003
330039561004
330099611002
330099611003
330099611004
330099612002
330099615001
330130328001
330099616021
330099609002
330099617005
330099615003
330099614001
330099614002
330039553006
330039554001
330099606003
330099612004
330099616024
330099612005
330130030012
330130442001
330130441003
330130329001
330130442002
330059702001
330170815001
330170815002
330170805004
330170811001
330170812001
330170802022
330170805001
330170805002
330170812002
330170814001
330059708002
330150693001
330150530001
330150033011
330150520001
330059706002
330059706001
330059701002
330059701003
330059716001
330059707004
330059707002
330059709002
330059711002
330059709004
330059717004
330059705001
330059709003
330059711004
330059713003
330059706003
330059717003
330059714021
330170816001
330170820001
330110255002
330112002002
330112002001
330110122005
330110131003
330110131004
330110141001
330110141002
330110141003
330110141004
330110142012
330110021004
330110022001
330110022002
330110022003
330110022004
330110023001
330110023003
330110023004
330110024001
330110024003
330110024004
330110024005
330110024006
330110025001
330110025002
330110029011
330110029012
330110029021
330110029022
330110026004
330110029033
330110101002
330110101003
330110101004
330110101005
330110020001
330110020002
330110021001
330110103011
330110103012
330110103021
330110103022
330110104001
330110104002
330110104003
330110021002
330110021003
330199753003
330199755003
330199756003
330199757004
330199758002
330110104004
330110105001
330110105003
330110105005
330110106001
330110106002
330110106003
330199758004
330039558001
330039556002
330039554005
330039563002
330039563003
330039553001
330039555001
330039560002
330039560004
330039559003
330039564002
330039560001
330039563001
330130030062
330170811002
330059714022
330059714023
330059715002
330059717002
330059715004
330059716003
330059705002
330059713002
330059702003
330059715001
330059716002
330059701001
330059701004
330059702002
330059704001
330059704002
330059704003
330059704004
330059707001
330059708001
330059707003
330059715003
330059717001
330059708003
330059708004
330059709001
330059710001
330059710002
330059710003
330059710004
330059711001
330059711003
330019661002
330059711005
330059713001
330059713004
330059714011
330059714012
330059714013
330039551003
330019661003
330151062003
330151062001
330150620001
330150625001
330150650011
330150650013
330150650014
330150650012
330150660001
330099606001
330151001002
330151031003
330151041011
330159900000
330150033021
330150033023
330150034003
330150034004
330150035002
330150036011
330150039011
330150039012
330150040003
330150500001
330039559001
330039554002
330039553004
330039551002
330039561005
330039559002
330039553003
330039551001
330039556001
330039564001
330039553002
330039563004
330039560003
330150670001
330150550021
330150570002
330150610011
330039553005
330150625002
330150660002
330150660003
330151011001
330150630011
330150630023
330150630021
330150036022
330150610012
330150697003
330151003011
330150500002
330150520002
330150040002
330150580001
330150590002
330150550011
330150640001
330150590003
330150590001
330150630024
330150560001
330150550012
330150560002
330150675012
330150036012
330150570001
330151041021
330150510002
330110015003
330150034001
330150034002
330110210001
330130310022
330150691002
330151064002
330150650071
330150650062
330150710004
330110026002
330110028001
330110026003
330110029013
330110142021
330110001012
330110001021
330130310013
330130441001
330199758003
330110028003
330110230003
330110171004
330110151002
330110225001
330110255003
330110255004
330110112001
330110171003
330110025003
330110190002
330110101001
330110152003
330110121003
330110250002
330110028002
330112003002
330110108005
330112003001
330110161001
330110017002
330110002041
330110024002
330130442003
330110105004
330110143002
330099618002
330099618004
330130327062
330199759011
330199759013
330199752003
330199758005
330199756001
330019655983
330019661001
330130328003
330151072002
330151072001
330151072004
330150691004
330151074001
330170811003
330170816002
330170816003
330150037012
330150039022
330150037033
330150035003
330110027021
330110111022
330110162011
330112004002
330110143003
330110009022
330110009023
330019664011
330130443002
330110012002
