340030152005
340350509021
340350510002
340350531031
340030351003
340030371006
340030421001
340350512002
340350514001
340350514002
340350514003
340350517001
340350518003
340350520021
340350520022
340350521001
340350521002
340350521003
340350527002
340350527003
340350524003
340030033001
340030033002
340350530002
340350530003
340350543001
340350531021
340350526013
340350543003
340350534022
340350536023
340350542022
340350537071
340350522041
340350539041
340350536042
340350507011
340350526032
340350522042
340350526014
340350537032
340170140002
340350537054
340170190002
340170056002
340170106003
340170105005
340170062002
340170102001
340170010001
340170041012
340170324001
340170165001
340170007001
340170014002
340170180003
340170132003
340170172002
340170127001
340170112002
340170028003
340170156002
340170024001
340350538042
340350531051
340350535011
340350537051
340258053005
340350516002
340170005003
340170153001
340170162003
340170060002
340258086004
340258025003
340258077004
340258001002
340170055001
340350539011
340350542012
340350517002
340350542021
340170061003
340170022002
340170059003
340170164002
340170031001
340170007002
340170188001
340170193002
340170170003
340170113001
340170109001
340170101004
340170155001
340170140001
340170178003
340170029002
340170041014
340350534042
340350507042
340170116001
340170102002
340170105001
340170107003
340297112002
340297320013
340297175022
340297101002
340297152001
340297171012
340297173002
340297311032
340297202043
340297312031
340297138002
340297202021
340297250021
340297113001
340170111002
340297132011
340297361013
340170012011
340170188003
340170130001
340170194002
340170056001
340170178002
340170144003
340170018002
340170162001
340170042002
340170049003
340170169001
340170127003
340170027002
340170004002
340210044041
340210044042
340210044044
340210044033
340210044034
340170159004
340170028005
340170125003
340170040003
340170105003
340170114001
340170174001
340170020001
340170130003
340190114001
340170046001
340350529041
340350531054
340170116002
340170106002
340170063001
340170027003
340170142001
340170136002
340170172001
340170052002
340170049002
340170105002
340170159001
340170041021
340170166001
340170182002
340170006002
340210028002
340210044071
340210044072
340210044073
340350533001
340210044031
340350526031
340350528002
340350522012
340350523002
340350507032
340350501002
340350501001
340350504001
340350510004
340350527001
340350537031
340350512001
340350509012
340350503003
340350502001
340170137002
340297113003
340297130002
340297131002
340297132021
340297132031
340297133001
340350504002
340350506001
340350508022
340350507031
340350537061
340030383005
340350517003
340297133002
340297134011
340350537042
340350539053
340090202031
340030392003
340030392004
340030381004
340030392005
340030393001
340030393002
340030372025
340030381001
340030381006
340030382001
340030382003
340030383001
340030383002
340030383003
340030383004
340030383006
340130208003
340030391001
340130090001
340130100002
340130151003
340130200005
340130207004
340130207005
340110303003
340130209012
340130216022
340130218032
340130218033
340130003001
340130209013
340030423024
340030424001
340030424002
340030424003
340030424004
340030425001
340312460034
340130212001
340130227001
340076014005
340076015001
340230067035
340230001002
340230085034
340076091032
340076091033
340076080012
340076080013
340076082021
340076082022
340076082052
340258024003
340258111022
340258122001
340258125012
340258074003
340076092012
340076092021
340130091002
340130095004
340130114003
340130116002
340130173025
340130173026
340130217022
340139801001
340139802001
340076092022
340076092031
340110206001
340076082061
340076082062
340076082063
340110206002
340110206003
340110302001
340110302002
340110302004
340110302005
340110303001
340110303002
340057022092
340057022083
340057038031
340057038032
340057047001
340057047002
340057022091
340057038044
340057043021
340057048012
340130196002
340390397003
340030421004
340030421005
340030421006
340030411005
340390342001
340390344001
340030423011
340030423012
340030423013
340030423021
340076084042
340076089011
340076085031
340076085032
340076089031
340076089032
340210037033
340210037042
340210037053
340210037054
340210039042
340110305022
340110403002
340110404001
340110404002
340110404003
340110404004
340110405001
340110405002
340110406001
340110406002
340130041001
340130176003
340130176004
340130199001
340130199002
340130199003
340130200002
340130200003
340130200004
340130192003
340297174002
340297380023
340297221002
340297173001
340297174001
340297320011
340297228002
340297141002
340297180004
340297330001
340297132032
340297270022
340130193003
340130194002
340130195002
340130195005
340130196001
340130196004
340130198003
340130197001
340130197002
340130197003
340130197004
340130198002
340297153012
340297113002
340297154013
340297175013
340297340031
340297150001
340297202022
340297321013
340297280006
340297153022
340297180003
340130125001
340297233002
340297130001
340297202042
340312460032
340312460033
340130122001
340130122005
340130129002
340130155002
340130132003
340130139004
340130143004
340130151004
340130157001
340297140003
340130152003
340130152004
340130153001
340130154001
340130154003
340130155003
340130155004
340258048003
340130156001
340130157002
340130158001
340130158002
340130159002
340130159004
340130160001
340258121001
340258006015
340258125011
340258033005
340258087022
340258125022
340030062021
340258045002
340258063003
340258018001
340030120013
340030120023
340030130021
340030191032
340030193032
340030235021
340030236022
340030236023
340030040011
340030040023
340130164004
340030130023
340010105051
340010117021
340010004003
340010101041
340010104033
340010105013
340010105033
340010105034
340210042031
340210042032
340210043012
340110406003
340110406004
340110407001
340110407003
340110407004
340110408001
340110408003
340350527004
340350536021
340350508011
340350509031
340130160004
340130160005
340130160006
340130161001
340130161003
340130161004
340130162001
340130162004
340130163001
340130164001
340130165004
340130165005
340130166001
340130166002
340130168001
340130178001
340130178004
340130179001
340130179002
340130166003
340130167001
340130167002
340130170001
340010105062
340010105063
340010114031
340010133011
340010133023
340010135002
340130168004
340130169001
340130169003
340130170002
340130171002
340130173011
340130172002
340130172003
340130172004
340130173013
340130179003
340130124002
340130179004
340130180001
340019834001
340130180003
340130180004
340130111001
340130112002
340130114001
340130114002
340130118002
340130120005
340130122003
340130124001
340130125002
340130125003
340130125004
340130132001
340130132002
340130134002
340130138005
340130134005
340130137005
340130138001
340130140001
340130148002
340130140002
340130145003
340130147005
340130162002
340130148004
340130149005
340130153002
340130156002
340130156004
340130158003
340130161002
340130163002
340130169002
340130170003
340130130001
340130171001
340130172001
340130192001
340130194001
340130194003
340130195003
340130196003
340130196005
340130198001
340130200001
340130208002
340130209011
340130209021
340130209022
340130209023
340130209024
340130087002
340130095001
340130104002
340130117001
340130123003
340130137001
340130189002
340130213003
340130210001
340130216011
340130216012
340130216013
340130216014
340130210002
340130210003
340130211001
340130211004
340130211005
340130212002
340130212003
340130212004
340130213001
340130213002
340130213005
340130207003
340130214001
340130203003
340130204002
340130204003
340130205003
340130205004
340130206002
340130206004
340130206005
340130079003
340130094001
340130183001
340130187003
340130067003
340130116001
340130025001
340130138004
340130216016
340130216021
340130149004
340130206003
340130178002
340130076002
340130117003
340130181001
340130095002
340130133001
340130053001
340130195004
340130121002
340130124004
340130159001
340130099003
340130165001
340130082002
340130070002
340130146001
340373720001
340297134012
340297158001
340297330002
340373731002
340373734004
340373711003
340373712001
340373718001
340373720003
340373738003
340373737004
340373738001
340373739004
340373740001
340373726001
340373744002
340373714001
340373735001
340373748001
340373713002
340373740002
340373717001
340373734003
340373739002
340373741001
340373741002
340373741003
340373742001
340130183003
340373742002
340373743001
340297340032
340297340033
340297340034
340373714002
340373710002
340373710003
340373711001
340373743002
340373746002
340373746003
340030193033
340030192042
340030233021
340030321043
340030040012
340030236021
340210043013
340210043041
340210043043
340258048002
340258065011
340258074001
340258074002
340258087013
340258087021
340130160002
340130160003
340110409012
340110409021
340110409022
340110409023
340110409025
340110410002
340110107003
340110302003
340130173021
340130173022
340130174001
340130174002
340130174003
340130174004
340130175001
340130175002
340130175004
340130180005
340130180006
340130181002
340130182003
340130183002
340130173012
340130173024
340130175003
340130177003
340130178003
340130180002
340130191001
340130188001
340130188003
340130189001
340130191003
340130191004
340030321042
340130200007
340130214002
340130214003
340130214005
340130214006
340057022041
340297340011
340297340012
340297340013
340297340021
340030413023
340030062011
340030120014
340030175002
340030191043
340030193034
340030233022
340030400013
340030413021
340030463002
340030192032
340030062013
340030062024
340030191033
340030233023
340030235022
340373730001
340373723003
340373745002
340373710001
340373711002
340373723001
340373712002
340373713001
340373735003
340110411003
340373738002
340373744001
340110107004
340297360011
340373716001
340373716002
340373717002
340373747001
340373747002
340373747003
340373748002
340373748003
340373748004
340130152001
340155012103
340155012132
340155012133
340155014051
340155014052
340155016091
340057011033
340390374001
340155016092
340155020011
340155020012
340076106001
340076110003
340297135002
340297142005
340057021011
340057021013
340230060024
340230062054
340076112003
340076112004
340076113002
340076113006
340076009001
340076088002
340076002002
340076008005
340076019002
340076020001
340297143003
340297155001
340297157002
340297159011
340297159021
340297159023
340297160002
340297175014
340258114023
340258116001
340258116002
340258120001
340230082072
340230086062
340110411004
340110411001
340110107002
340110411002
340110101031
340110104021
340110201001
340076117002
340110204001
340110301001
340076113001
340076113004
340076113005
340076114001
340076115001
340076116001
340076117001
340297361012
340076117003
340076029012
340076032001
340297320022
340297380012
340297391003
340297202061
340297220012
340297224010
340258062023
340297202032
340297200011
340297201014
340297201023
340297201024
340297201034
340258099023
340258057001
340258065012
340258108001
340258123001
340258125023
340258032022
340258102004
340258115021
340258115011
340258124002
340258013005
340258111021
340258115012
340258125021
340010105014
340258022004
340258053004
340010101051
340010133022
340010135001
340010116003
340297233001
340010004002
340010114041
340130216023
340130216024
340130216025
340130218011
340130218021
340030412001
340030412002
340030421002
340030423023
340230085011
340230084062
340230085031
340230085033
340311243232
340297370003
340297380011
340297380013
340297380021
340297380024
340297381002
340297381004
340230085012
340230085021
340311243213
340230085042
340230085043
340230085041
340230086011
340230086021
340230085022
340030541003
340030541005
340030541006
340030542001
340170132002
340170132001
340170133003
340170003002
340170003003
340170004001
340170005001
340170005002
340170006001
340170006003
340170006004
340297230001
340297230002
340297230003
340297231001
340297231002
340297232003
340297233003
340297201022
340297233004
340297234001
340297234002
340090208004
340090213001
340297201011
340297201013
340297170021
340297321012
340297202031
340297202041
340297210001
340297210002
340297160001
340297170011
340297170012
340297170013
340297170022
340297171011
340390387008
340297171013
340297171021
340297172001
340297172002
340297172003
340297172004
340297175011
340297175012
340297175021
340297175023
340297180001
340297180002
340155002021
340155002022
340390391003
340390391004
340390392001
340390392002
340390393001
340390393002
340390393003
340390393004
340390394002
340390394003
340390395001
340390395003
340390386012
340390386013
340390386023
340390387001
340390387002
340390387004
340057040091
340057040122
340057040132
340057040133
340230090002
340230092001
340230093001
340155002023
340390387005
340390387006
340390387007
340390390002
340390388001
340390388003
340390389001
340390389003
340390390001
340090220001
340390391001
340390391002
340090218031
340090218033
340090218041
340311243214
340311248003
340258019003
340258070041
340311243215
340057028111
340057029051
340057029052
340410314025
340311243211
340090218044
340090219001
340090211002
340090220002
340312167021
340057025001
340057025003
340057029071
340057029072
340057029082
340258100041
340258113032
340312642002
340311806003
340312167011
340312167012
340270408053
340311753022
340076067001
340090220004
340030032001
340030032002
340030032005
340076038006
340076075042
340076084011
340076073001
340076090001
340311337015
340076014002
340076031001
340076011022
340076017001
340312461022
340270426002
340270444012
340270457043
340270458043
340311832001
340311540025
340030032004
340230088003
340230089001
340230090001
340057026011
340057026012
340057026013
340057026014
340130024003
340130062002
340230060023
340130003002
340130022012
340130022014
340130072002
340230078012
340311757012
340270408034
340311757032
340311758012
340311758024
340311802021
340311802024
340311817021
340030031005
340057026031
340057026032
340057026033
340057027001
340057030002
340057032012
340230093004
340230079122
340230079111
340311829002
340311830004
340311830005
340311830006
340311832002
340057038041
340312036001
340312036004
340312036005
340030611001
340030611002
340030611003
340030611004
340057027004
340057028011
340057028021
340057028022
340057028031
340057038012
340230088001
340057038045
340230093003
340230094004
340130051003
340030612001
340030612002
340130049002
340130049003
340130050001
340130139005
340130052002
340130053002
340130054002
340130138003
340130139001
340130139002
340130139003
340130140003
340130140004
340130142003
340130141001
340130141002
340130141003
340130142004
340130143001
340130149001
340130143002
340130143003
340130143005
340130150002
340130149002
340130149003
340130150001
340130069001
340130150003
340130151001
340130151002
340130057001
340130062001
340130064001
340130067002
340130068001
340130068002
340130069002
340130071001
340130072001
340130095003
340130073001
340130073002
340130074001
340130074002
340130087003
340130100001
340130096002
340130096003
340130097001
340130100003
340130101001
340130102001
340130102002
340130104001
340130102004
340130103001
340130103002
340130105002
340270442002
340130207002
340130227002
340270418021
340270420003
340270434021
340270440004
340270442001
340130106003
340130105003
340130106001
340130106002
340130107002
340130113001
340130107003
340130108001
340130109001
340130109002
340130109003
340130111002
340130112003
340130115001
340130115002
340130117002
340130117004
340130120002
340130120003
340130122002
340130120004
340130120006
340130121003
340130122004
340130123001
340130123002
340130123004
340130126001
340130128001
340130126002
340130126004
340130127001
340130127002
340130127003
340130128002
340130128003
340130128004
340170077003
340130131002
340130133003
340130133004
340170075004
340170071003
340170116004
340170145021
340170150022
340170184005
340170152023
340170158023
340170184004
340170187022
340130135001
340130134001
340130134003
340130134004
340130136001
340130135003
340130135004
340130135005
340130136002
340130136003
340130145002
340130136004
340130137002
340130137004
340170200001
340130138002
340130144001
340130144002
340130144003
340130145001
340130147002
340130145004
340130146002
340130147001
340130147003
340130148001
340130002001
340130148003
340155001003
340130162003
340130163003
340130164003
340130177004
340130186002
340130193001
340130203004
340130208001
340130213004
340130001001
340130001002
340130007001
340130002002
340130005001
340130006001
340130007002
340130007003
340130007004
340130008001
340130009001
340130009002
340130017001
340130010002
340130011001
340130011002
340130013001
340130014001
340130015001
340130016002
340130017002
340130018001
340130019001
340130019002
340130021001
340130020001
340130020002
340130020003
340130026001
340130021002
340130022023
340130023002
340130023003
340130024001
340130024002
340130025003
340130028001
340130035001
340130037001
340130038001
340130038002
340130079002
340258095012
340130075011
340130075013
340130075021
340130075022
340130078002
340130079001
340130080001
340130081001
340130081002
340373715023
340130082001
340130087001
340076004004
340373731004
340373715031
340373715021
340373715022
340350529011
340390370003
340390398001
340010011001
340010024002
340010107001
340010114011
340010128013
340390304002
340350526011
340350515001
340350523003
340390319033
340390307012
340390307023
340390307024
340390316011
340390318022
340390302002
340390313001
340390316021
340010115003
340350510001
340350520013
340350524001
340350523001
340350518001
340350532005
340057001042
340057002001
340057002002
340057003031
340057003032
340057003041
340057004011
340057006031
340057038014
340057038013
340057032022
340057038021
340057006052
340057040052
340057030003
340057039002
340057029061
340057014011
340010104031
340010106001
340010114012
340010119003
340010003003
340297101004
340010130003
340010001001
340010002001
340010003002
340010005001
340010005002
340010011002
340010014002
340010012002
340010012003
340010014001
340010015001
340010023002
340010102002
340010024001
340010024003
340010025001
340010025003
340010101011
340010101022
340010101023
340010102003
340010109003
340010102005
340010103001
340010103002
340010104013
340010105012
340010105031
340010105032
340010106002
340010106004
340010108001
340297155003
340010109002
340010111003
340010110002
340010111001
340010111002
340270408051
340010112011
340010112012
340010112023
340010112024
340010113001
340010113003
340010118022
340010118024
340010119001
340270432003
340270446011
340270462021
340270460001
340270462012
340270446012
340270444032
340270421002
340270423011
340270432001
340270410005
340270417022
340270407012
340270432002
340010101052
340270433011
340270433012
340270433021
340270433022
340076074012
340076074021
340076074022
340076075021
340076089033
340076075031
340076075032
340076075041
340076075051
340210043044
340210043092
340210043101
340210043102
340210043103
340210044062
340210044075
340076075052
340076075053
340076076001
340076076002
340258093013
340258008002
340258010003
340258018006
340258022003
340258030003
340258101013
340350538041
340350528001
340350538031
340350534031
340076091031
340076077013
340076077014
340076077021
340076077022
340076077023
340076078012
340076078013
340076078021
340076078022
340076079002
340076085041
340076085042
340076086001
340076086002
340076086003
340076087001
340076087003
340230072021
340230072022
340230072023
340230072031
340230072032
340230073011
340019900000
340010114032
340010114033
340010114042
340010012001
340010023001
340010101013
340010101021
340010101042
340230073012
340230073041
340230073043
340230074021
340210045021
340210045022
340210009002
340210039041
340297381001
340297101001
340230074022
340297101003
340230074023
340230074024
340230074025
340230075001
340230075003
340230076002
340230076003
340230076004
340258056001
340258061003
340258062011
340258062021
340258062022
340258063001
340258063002
340350543002
340350536031
340350536033
340350537062
340350538034
340230081022
340230081031
340230081032
340230082023
340230076005
340230077021
340230082042
340230082043
340010105052
340010105061
340010112021
340010112022
340010118041
340010118043
340010133013
340010133021
340230082051
340230082053
340230082061
340230082062
340230082063
340090203012
340090216001
340090205001
340090207001
340090204001
340090203022
340090206001
340230082071
340230082081
340230082084
340230082085
340230082091
340010125022
340010126021
340010126022
340010127011
340010127012
340130218023
340110106003
340110203001
340110205032
340110205031
340110304002
340110410003
340076110002
340076075061
340076036032
340076042003
340076092011
340076089012
340076105004
340076111001
340076114002
340076082111
340297311011
340297200012
340297200013
340297201033
340297220021
340297225003
340297202052
340297202053
340297202062
340297220011
340297220022
340297221003
340297224014
340297225000
340010118051
340010133012
340010114043
340010130002
340010118042
340010117022
340010118052
340076082113
340010132011
340090210021
340090213004
340090216004
340090218064
340090218063
340090219003
340090220003
340090221022
340090219002
340230088002
340230091001
340230091002
340230092003
340230093002
340076042004
340076073003
340076075022
340076075023
340076075034
340076075071
340076075073
340076082112
340076035013
340076020005
340076033032
340076034005
340076070003
340076042002
340076051002
340076065003
340090202011
340076073004
340297227012
340297227013
340297321043
340297350011
340297350022
340297350023
340297350024
340297350025
340297361024
340297225002
340297230004
340297114003
340297134014
340297136002
340297231003
340297280005
340297310020
340090221023
340090201013
340090201014
340090202052
340090202012
340090202032
340090202033
340090209021
340090202061
340090203014
340090221024
340099901000
340090202051
340090203024
340090208003
340090209023
340076105005
340090213003
340230094003
340230025005
340230048003
340230056012
340230060011
340230079112
340230079121
340230005023
340076083023
340076083031
340076089013
340076092033
340076105002
340076105003
340076078015
340076109001
340076109002
340076075033
340076075062
340076075074
340076077024
340076078014
340297311012
340076082102
340076083032
340297351011
340297351031
340297351033
340297351041
340297360010
340297280004
340297280007
340297320026
340410312001
340297361051
340297361052
340297361054
340297381007
340297390004
340297390005
340297120002
340297159022
340297310022
340297312013
340297312014
340297312024
340297321014
340297321031
340090209022
340090217012
340090217021
340090217023
340090218051
340090218052
340090210022
340090211003
340090214004
340090216002
340090217011
340090217022
340090218032
340090218043
340190113032
340410323003
340410313012
340410313013
340410307002
340410311011
340410316011
340410311013
340410323002
340410306002
340410315004
340410311012
340410311014
340410311022
340410317003
340410321022
340410314011
340410312005
340410316013
340410315002
340410320004
340410315001
340410319002
340410315003
340110104012
340410313021
340410318001
340110102002
340110104011
340110106001
340110101011
340110105002
340110305011
340110101013
340110305021
340110102004
340110405003
340110403001
340110106002
340110409024
340110102003
340110106004
340110409011
340090208001
340110408002
340110107005
340110105001
340297152003
340297229001
340297229002
340297232002
340297381005
340297390001
340297390002
340297390003
340155005003
340155005004
340090203013
340090203021
340090203023
340090205003
340057038042
340090208002
340155002024
340170185003
340076004005
340057040051
340057040072
340057040082
340057040083
340130154002
340090213002
340090214001
340090214002
340090214003
340090215001
340090215002
340090216003
340170192002
340170193001
340170194001
340170179001
340170179002
340170182001
340170182003
340170184001
340170184002
340170181002
340170184003
340170185002
340170186001
340170189001
340170189002
340170190003
340170191001
340170191002
340170192001
340311250006
340170180001
340170180002
340170181001
340057028081
340057028091
340057028101
340230094001
340230094002
340155007011
340155012031
340155012032
340155012041
340155012042
340155013011
340155013021
340155013022
340155013032
340155013033
340311243113
340030612003
340030613001
340350522011
340350530001
340350531022
340350531032
340350531033
340350531052
340350532001
340350532002
340350538032
340170324004
340170002002
340170002003
340170048002
340312460011
340312460012
340312460021
340312460023
340350524002
340170144004
340170153002
340170185001
340170324003
340170062001
340170101003
340057028032
340057028041
340057028042
340057028052
340057039001
340057039003
340057040041
340312461011
340312461012
340312461013
340312461021
340312461031
340312461032
340057040042
340230079123
340230086061
340230086063
340311251002
340311432003
340311432004
340311432005
340311433001
340311433002
340311433004
340311434001
340311434002
340312461033
340312461034
340312461035
340312461041
340312462011
340312462012
340130231001
340130232001
340130043002
340130229001
340130229003
340190110021
340190114002
340190114003
340190116003
340311434003
340311434004
340311434005
340312462013
340312462021
340312462022
340312462023
340312462024
340312462031
340190119001
340190119003
340190103003
340130050002
340130230002
340130231002
340130217011
340312167013
340312238013
340312366021
340312641022
340312642001
340030613002
340030614001
340030614002
340030614003
340030614004
340311635001
340311635002
340311635003
340311635004
340311635005
340311635006
340311752003
340312462032
340312462033
340312463001
340312463003
340312463004
340190119002
340311755002
340312568012
340312568014
340312568023
340312568031
340311753011
340311754012
340270463001
340311754023
340311756021
340311759001
340311759002
340311759003
340311801001
340311801002
340311801003
340311801004
340311165006
340311825004
340311803004
340311803001
340311803002
340311803003
340350538011
340311806001
340311806002
340311807001
340311807002
340311807003
340350532003
340350532004
340350533002
340350537041
340311808002
340311809001
340311809003
340311810001
340311810002
340311810004
340311811002
340311811004
340311811005
340311812001
340311812002
340311812003
340311813001
340311813002
340311813003
340311817022
340311813004
340311814002
340311815001
340311825002
340311818001
340311818002
340311819001
340311819002
340311819003
340311819004
340311820001
340311821003
340311821004
340311824003
340311825001
340311826003
340311825005
340311826001
340311826002
340311826004
340311827001
340311827002
340311824001
340258099021
340311824002
340311827003
340311827004
340311828001
340311829001
340258018004
340258095024
340210036011
340311243115
340270460002
340270461032
340270464003
340311243212
340311243222
340311243223
340311243224
340311243231
340311243233
340311243221
340311244015
340210012002
340210014011
340210014012
340210014014
340210014021
340210035002
340210035003
340210035004
340210035006
340210036012
340210037031
340210036014
340210036021
340210036023
340210018003
340210037032
340210014022
340210015001
340210015002
340210015003
340210018001
340210018002
340311247004
340210037051
340210044053
340210043061
340210043062
340210043071
340210043072
340210043073
340210037052
340210037061
340210039031
340210039032
340210039033
340210040001
340210040002
340210042011
340210042012
340210042013
340210042041
340258005002
340258005003
340258009002
340270447011
340210042042
340311246014
340311246022
340311246024
340311247001
340311247002
340311247003
340210027022
340311247005
340311248004
340311248005
340311249002
340311249003
340210042043
340210042044
340210042045
340258010001
340258011001
340258011002
340258011003
340258011004
340258012002
340210020001
340210021004
340210022002
340258015002
340258015003
340258015004
340258019002
340210022003
340210022004
340210026021
340210026022
340210026023
340210027011
340258020001
340230014161
340230026043
340230051003
340258021005
340258024001
340258026001
340210027012
340210027013
340210027021
340210028004
340210027024
340210028001
340210028003
340210029021
340210029022
340210030042
340258031001
340258033003
340258036001
340258038001
340130156003
340210029023
340210029032
340210029041
340210029042
340210029043
340258045003
340258047001
340230081021
340230082054
340230066061
340258054003
340258057003
340258058002
340258059004
340210030021
340210030022
340210030023
340210030031
340210030033
340258065041
340258066002
340258066004
340258071003
340258078002
340230087001
340210021001
340210044032
340210038001
340210003003
340210024001
340210038002
340210036013
340210012001
340210030012
340210038003
340210030063
340210040003
340210030035
340258085001
340210030061
340210030071
340230066071
340258080013
340258083002
340258084013
340258084023
340258088001
340210039022
340258088003
340258091002
340258092001
340210030062
340210035005
340210022001
340210003001
340210002001
340210002002
340210002004
340210030072
340210030073
340210004002
340210030081
340210030082
340210030091
340210031001
340258094001
340258094003
340258095022
340258096002
340258096003
340258100011
340258100012
340210003002
340210004001
340210004003
340210005001
340210008002
340210006001
340210006002
340210006003
340210007001
340210008001
340210009001
340210032022
340210032012
340210032013
340210032021
340390359002
340210033011
340210033012
340390313003
340258102003
340258105011
340258105021
340210009003
340210010001
340210010003
340210033013
340210033014
340210033023
340210034001
340210035001
340258105022
340258106001
340258074004
340010124011
340010124022
340010125011
340010130001
340110108002
340390383004
340390315002
340390388002
340390337002
340390341003
340390324006
340390365003
340390310001
340390346003
340390322003
340390352001
340390331001
340390395004
340390369003
340390359001
340390362001
340390359003
340390360002
340390360003
340390362002
340390362003
340057048013
340390362004
340390362007
340390363011
340059821111
340057045002
340057048022
340057048023
340059818021
340390365004
340390363012
340390363021
340390363022
340390364001
340390364002
340390364003
340390364004
340390364005
340390365002
340390368001
340390366001
340390366002
340390367003
340390368002
340390368003
340390382022
340390368004
340390368006
340057036003
340057037002
340057038043
340390369002
340390369005
340390370001
340390370002
340390370005
340390371001
340390371003
340390371004
340390382011
340390382012
340057043022
340390382024
340390382025
340390383002
340390383003
340390383005
340390384001
340390384002
340390384003
340390385001
340390385003
340390385004
340390386011
340010107004
340057001032
340057015022
340057017001
340057017002
340057017003
340057011022
340057022071
340057022081
340057024002
340057029102
340057029142
340057031031
340057031033
340057031043
340057032033
340057040124
340057045001
340390375001
340057017004
340170150021
340170187012
340170200003
340390387003
340390312003
340390311003
340170001001
340170070003
340390372002
340390372004
340390373003
340390374003
340390375002
340390376021
340390375004
340390375005
340390376011
340390327005
340390376022
340390377001
340390377002
340390325005
340390347002
340390336006
340390385005
340390333001
340390374004
340390357004
340390392003
340390313005
340390379004
340390377003
340390377004
340390377005
340297153011
340390378001
340390378003
340390378004
340390379001
340390379002
340390379003
340390380001
340390372001
340390380003
340390380004
340390380005
340390381013
340297153014
340297156001
340170125001
340170125004
340390343003
340390381021
340390381022
340390338001
340390342002
340390349004
340390355007
340390362005
340390369004
340390305004
340390380002
340390384005
340390392004
340390397004
340130168002
340130173023
340130182004
340130218031
340390302001
340390304003
340390305001
340390305002
340390305003
340390306001
340390306002
340390308022
340390309004
340390309001
340390309002
340390309003
340390310002
340390311005
340390311001
340390311002
340390311004
340390312002
340390312004
340390313004
340390314001
340130014002
340390314002
340390314003
340130001003
340130004001
340130005002
340130025002
340130016001
340130021003
340130022011
340130043001
340130046003
340130049001
340130051001
340130052001
340130071002
340130066001
340130067001
340130070001
340130073003
340130093001
340130075012
340130076001
340130077001
340130088001
340130092002
340130094002
340130094003
340130096001
340130109004
340130097003
340130099001
340130101003
340130102003
340130108002
340130041003
340130039001
340130039002
340130041002
340130042001
340130045003
340130044002
340130045001
340130045002
340130045004
340130047003
340130047004
340130047005
340130048012
340170064001
340130048021
340130048022
340230061034
340230082083
340170022001
340170068002
340170141022
340130066002
340170141023
340170145022
340130217012
340130217013
340130232003
340130232002
340230056011
340230056021
340110108003
340110202002
340230056022
340130022013
340230086052
340130092003
340190110012
340230092002
340130104003
340230089002
340390319032
340390336001
340390341002
340390349002
340390367001
340373715024
340110204002
340110203002
340230015045
340230086051
340230015042
340230031023
340373745001
340057030001
340190111003
340190112021
340190117001
340190101002
340190104002
340190110013
340190113013
340190113041
340190102002
340190105001
340190102004
340190110024
340190105002
340190117003
340390373002
340390381012
340190116001
340190108012
340190115002
340190113022
340190106001
340190101001
340190102001
340190118001
340190105003
340190106002
340190117002
340190101003
340190113011
340190115003
340190107012
340190107022
340190112011
340190111002
340057038022
340057036002
340297157001
340010120002
340010121001
340297153021
340297153023
340297154011
340297154012
340297154021
340110108001
340057036001
340057011052
340057040061
340057040071
340057029101
340057006032
340057011032
340057003051
340057006022
340057011021
340057024001
340057027003
340057027002
340057006023
340057040092
340057028072
340057014012
340057040084
340057005051
340057031021
340210044043
340297330003
340297232001
340010117011
340010117012
340010118021
340010121002
340010122001
340010122003
340010123022
340010124012
340010124021
340010125012
340010125021
340258080014
340258080022
340258085005
340057005012
340297153013
340057013032
340057022072
340057038011
340057038033
340057039004
340057022061
340297139002
340057022031
340057032031
340297201012
340297312041
340297174003
340297311022
340297250012
340297380022
340297320025
340297312052
340076054003
340297132012
340297250023
340297381006
340297154022
340076013001
340076013002
340076013003
340076013004
340076014001
340350511001
340350511002
340350512003
340350513001
340350513002
340350515002
340350516001
340350518002
340350520011
340350520012
340350519001
340350519002
340350519003
340010002003
340010102004
340010101012
340010128012
340010115001
340010014003
340010120001
340010019001
340010001002
340076012001
340076044004
340076084013
340076068002
340076010004
340076030023
340076038003
340076033021
340076015005
340076041001
340076058003
340076004003
340076012002
340076020003
340076082051
340076043002
340076035033
340076038001
340076061001
340076077012
340076056021
340076080011
340076072003
340076009003
340076015002
340076088001
340076035051
340010119004
340270408011
340270438002
340270438003
340270438004
340270439002
340270437003
340076037001
340076037002
340076037003
340076038002
340076038004
340076038005
340076039011
340076032005
340076033011
340076033012
340076033013
340270408032
340270409001
340270410001
340270410002
340270410003
340270440001
340270440002
340270441011
340270441012
340270441021
340076035071
340076035072
340270410004
340270411001
340270411002
340270412001
340270412002
340270412003
340270441022
340270443001
340270443002
340270443004
340270443005
340270444041
340076035073
340270413001
340270413003
340270419011
340270414002
340270457031
340270444042
340270445011
340076033022
340076033023
340076033031
340076034001
340076034002
340076034003
340270414003
340270414004
340270415001
340270445022
340270445023
340270446022
340270415002
340270416021
340270416022
340270447012
340270448001
340270448002
340270449001
340270449002
340270449003
340270449004
340270461031
340270461033
340076039012
340076039013
340076039014
340076039015
340076039021
340076041002
340076042001
340076043001
340076059002
340076060002
340076062001
340076062002
340270455011
340270416031
340270416032
340270416041
340270416042
340270417011
340270417012
340270450002
340270450003
340270451001
340270451002
340270451004
340270451005
340270461042
340270461053
340076035052
340076035061
340076035062
340170059002
340076035063
340270461062
340270461063
340270408041
340076043003
340076044002
340076046001
340076046002
340076047001
340076047002
340270417021
340270417024
340270417041
340270418011
340270418022
340270452001
340270452002
340270452003
340270453001
340270453002
340270462981
340270462983
340270408042
340270408052
340270428003
340270430004
340270462022
340076051001
340076052001
340076052002
340076052003
340076053001
340076053002
340076054002
340076062003
340076063001
340076063002
340076064001
340270418023
340270419012
340270419021
340270454012
340270454013
340270454021
340270454022
340270455012
340076056022
340076056023
340076057001
340076057002
340076057003
340076057004
340076034004
340076035011
340076035012
340076035031
340076035032
340076058001
340076058002
340076059001
340076064002
340270419022
340270420001
340270422001
340270422002
340270422003
340270423012
340076064003
340270445021
340270455013
340270455022
340270456031
340076035064
340076065001
340076065002
340076066001
340076067002
340076067003
340076067004
340076068001
340076068003
340076032002
340076070001
340270423021
340270423022
340270425001
340270425002
340270427001
340270427002
340076032003
340076032004
340270427003
340270428001
340270456032
340270456033
340270457012
340076071001
340076071002
340076071003
340076071004
340076072001
340076072002
340076084043
340270428002
340270428004
340270428005
340270429001
340270429002
340270429003
340270430003
340270431001
340270431002
340270431003
340258066001
340258081002
340258085003
340258089001
340258093011
340258093012
340258093021
340350539051
340350539052
340350542013
340230082093
340230083001
340230083002
340230083003
340230084031
340350507043
340350529031
340230084032
340230084033
340230082092
340230079051
340230079052
340230079061
340010135003
340010123021
340010131021
340010131023
340010132023
340010117013
340010118023
340090218042
340090207002
340090205002
340090201011
340090201022
340090211001
340258093022
340258093023
340258008003
340258032011
340258032012
340258032021
340350534043
340350536041
340350508012
340350509033
340311831012
340311831013
340010118031
340010118033
340010119005
340010127013
340010131011
340010131022
340010132012
340170054002
340170054003
340170056003
340170058011
340170058012
340170058021
340170059001
340170059004
340170059005
340170063002
340170060001
340170061001
340170061002
340170061004
340170061005
340170063003
340170102003
340170103001
340170103002
340170101001
340170103003
340170104002
340170105004
340170107001
340170101002
340170106001
340170106004
340170106005
340170107002
340170108001
340170108002
340170108003
340170112004
340170110001
340170111001
340170111003
340170112001
340170112003
340170113002
340258087012
340258032023
340258048004
340258060004
340258085006
340258087011
340170163002
340350526012
340350541005
340350529033
340350529034
340350531053
340170159002
340170159003
340170160001
340170160002
340170161001
340170161002
340170162002
340170163001
340170164001
340170164003
340170165002
340170168001
340170165003
340170166002
340170167001
340170168002
340170168003
340170170001
340170170002
340170171001
340170171003
340170171004
340311823022
340311831021
340311831022
340311831023
340311964011
340311964013
340311964021
340311964022
340311964023
340311964024
340311814001
340311823021
340170143004
340010132021
340010132022
340270417051
340270417063
340270418024
340270418032
340170140003
340170142002
340170143001
340170143002
340170143003
340170144001
340170146003
340170144002
340170144005
340170146002
340170148002
340258087023
340258101011
340258101012
340258109001
340258111013
340258111023
340350534021
340350534032
340350536032
340350536022
340210002003
340350537055
340350537053
340210039021
340210036022
340210025005
340210010002
340210043011
340170147001
340170147002
340170148001
340170148003
340170157001
340170149001
340170151002
340170155002
340170155003
340170156001
340057012052
340057003072
340057004012
340057004021
340057007021
340057007022
340057007031
340311964025
340312238011
340312238021
340312238023
340312238024
340312238025
340312366011
340312366013
340057004022
340057008001
340057010022
340057011053
340057012011
340057012012
340057012013
340170114002
340170114003
340170115001
340170115002
340170115003
340170116003
340170123001
340170123002
340170124001
340170124002
340057012031
340057012032
340057012042
340057012051
340170127004
340170124003
340170125002
340170126001
340170126002
340170126003
340170133001
340270445013
340270445012
340270417013
340270417014
340057013011
340057013022
340057013031
340270417042
340170113003
340170127005
340170128001
340170128002
340170128003
340170129002
340170131001
340170133002
340170134001
340170134002
340170137001
340170135001
340170135002
340170136001
340170138001
340057003052
340170139002
340057008003
340057009001
340057010011
340057010012
340057010013
340057010021
340057011041
340057011042
340057011043
340057011051
340057013012
340057013013
340057013021
340057004031
340057004033
340057004034
340057004051
340057004052
340057005011
340057005013
340057005031
340057005032
340057003042
340057005041
340057006021
340057006033
340090201012
340090201021
340090203011
340057003061
340057003062
340390367004
340057003071
340057006051
340057006053
340057007011
340258121002
340258122002
340258123002
340258123003
340258123004
340258124001
340259900000
340258004002
340350538033
340350542011
340350537072
340350539042
340350534044
340210044063
340210025003
340210017002
340170003001
340312366022
340312366024
340312641011
340170018001
340170019001
340170020002
340170020003
340170023001
340170023002
340170024002
340312641014
340312641021
340076008003
340270417043
340270417062
340270418012
340270426003
340270447013
340270455023
340170027001
340170028001
340170028002
340170028004
340170029001
340170029003
340170030001
340170030002
340170031002
340170035001
340076009002
340076010001
340076010002
340076010003
340390316022
340390318021
340390322005
340170041011
340170040001
340170040002
340170040004
340170041013
340390318013
340170041022
340170042001
340170042003
340390368005
340390318011
340390319031
340390319042
340390320013
340170045001
340170043001
340170043002
340170044001
340170045002
340170045003
340170046002
340170047001
340170047002
340297150002
340076007001
340076008001
340076008002
340297143001
340297143002
340297144001
340297144002
340350534041
340297150003
340297150004
340297152002
340297134021
340297134022
340297135001
340297136001
340297137001
340297140006
340297141001
340297142001
340297142002
340297142003
340297142004
340170127002
340170129001
340170130002
340258018005
340258062012
340258082003
340258095023
340258097033
340258097043
340170053002
340170048003
340170049001
340170049004
340170052001
340170053001
340170054001
340312366014
340297137002
340297138001
340350507041
340350507012
340350537052
340350505001
340312641023
340312641025
340312642003
340311823011
340312238022
340390316023
340410321021
340410312003
340270457032
340270461043
340270462013
340270464001
340270464002
340270416011
340410324001
340410324002
340410316012
340410321012
340410323004
340210027023
340210044051
340390382013
340390382014
340390386014
340390304001
340390307021
340390307022
340390308021
340390316012
340270401024
340390318012
340390319041
340258100023
340258100033
340258101021
340258101022
340258105032
340350507013
340350537063
340350509034
340350522031
340410318003
340410319001
340410319003
340410319004
340410320001
340410320002
340410320003
340312641012
340311243123
340311540012
340311753021
340311754011
340311815002
340312366023
340312641013
340311434006
340311753023
340312167022
340410321011
340410322001
340410322002
340410322003
340410322004
340410322005
340410323001
340410315005
340410321023
340330217002
340270416012
340270441023
340270403004
340210011022
340270404002
340270408033
340270413002
340210026011
340210021005
340210044061
340210005002
340210005003
340210011021
340210011023
340390322002
340210013001
340210013002
340390322001
340390325003
340390345004
340390328003
340390329011
340390329012
340390337001
340390345002
340390346001
340390362006
340390348003
340390351002
340390360001
340390373001
340410316021
340410316022
340410317001
340410317002
340410318002
340258105033
340258111011
340258111012
340258124003
340258004003
340350522033
340350510003
340350520023
340350526033
340350522032
340030321033
340030322012
340030322013
340030322023
340030442023
340030040022
340030062012
340030070011
340410320005
340312167023
340312238012
340312366012
340312460013
340312461014
340270414001
340270415003
340270416023
340270418031
340270422004
340270433032
340270434024
340210017001
340210017003
340210020002
340210021002
340210021003
340210025002
340210026012
340210026013
340210026014
340210030011
340210030024
340390363013
340390366003
340390367002
340390371002
340258016003
340390374002
340390375003
340390376012
340390376013
340390378002
340258008005
340258016005
340030193043
340258113013
340258113042
340258115013
340350541004
340350541002
340350541003
340350541001
340350529032
340030191044
340030120011
340030173004
340030120012
340030120021
340030120022
340030130022
340030171006
340030192041
340030191031
340030191042
340030192031
340030192043
340030193031
340311337022
340030193041
340312641024
340311337011
340311337012
340311337013
340311337014
340311337021
340190113042
340311540011
340311540021
340270438001
340270439001
340297139004
340297140001
340297134013
340297139001
340297139003
340297140002
340297140004
340297140005
340170140004
340170142003
340170139001
340190111001
340190112012
340190113012
340190113031
340190102003
340258023001
340190102005
340190103001
340190103002
340190104003
340190112013
340130103003
340190106003
340190110011
340190110014
340155007012
340155007013
340155007014
340155012043
340155012061
340155012062
340155012063
340155014021
340155014022
340155014023
340155014031
340190116002
340155014032
340155024003
340155024004
340155011031
340155002012
340190108011
340155007021
340155007031
340155008002
340155008003
340155009001
340155009002
340155009003
340155010011
340155010012
340155012081
340155012082
340155012083
340155012091
340155015001
340155015004
340155015005
340155014041
340155014042
340190108021
340190109001
340155012092
340155012101
340155012102
340155016031
340057023001
340155016033
340155016042
340155016044
340155016045
340155016053
340155016061
340258102001
340270463003
340030061005
340190112014
340190112023
340190113021
340155010021
340155010022
340155010023
340190109004
340155016062
340155016063
340155016064
340155010031
340155011011
340155011012
340155011013
340155011021
340155011022
340155011023
340155017021
340155017022
340155017032
340155017033
340155017011
340155017013
340057036004
340057037003
340076011011
340076011012
340155017034
340155017041
340076011013
340155017042
340155017043
340190118002
340190104001
340190105004
340057040131
340057015021
340155011032
340155012021
340155016052
340190107021
340155018002
340155019002
340057024003
340155023001
340155018001
340155023002
340076011021
340076011023
340076011024
340076012003
340076012004
340190110023
340057025002
340057040081
340057012041
340057005021
340057008002
340057004032
340057032011
340057032021
340057003053
340057038015
340155024001
340057029091
340057037001
340057022082
340190109002
340190109003
340057022085
340057029092
340155011033
340155011042
340155011051
340155011052
340155011061
340155011063
340155011071
340155011072
340311432002
340057012014
340057014021
340057022032
340057026015
340057028051
340057028082
340057032032
340057040111
340057040121
340057001021
340057001031
340155011073
340155012011
340030063006
340030063007
340030070012
340030221002
340030221003
340030222001
340030222002
340030222003
340030222004
340030222005
340030222006
340030222007
340030231001
340030232001
340030050001
340030050003
340030061001
340030061003
340030061006
340030061007
340030080003
340030070021
340030352002
340030352003
340030352004
340030352005
340030361001
340030070022
340030070023
340030070024
340030080001
340030080002
340030080004
340170031003
340170071002
340170076001
340170009024
340258106003
340030063002
340030063004
340297154023
340297155002
340030241001
340258001004
340258001005
340258002001
340258002002
340258002004
340258102002
340258019001
340258080021
340258099031
340258022001
340258119002
340258033004
340258030002
340258006013
340258045004
340258036004
340258030004
340258055004
340258013002
340258012001
340270451003
340270421001
340258013001
340258013003
340258014001
340258020002
340258020003
340258021001
340258021002
340258021004
340258029001
340258029002
340258031002
340030033006
340030033003
340030033004
340030033005
340030101005
340030034011
340030261001
340258004001
340258112003
340258113041
340030080005
340030080006
340030091001
340030091002
340030091003
340030091004
340030091005
340030092001
340030092002
340030092003
340030101001
340030101002
340258037001
340258075002
340258006012
340258104011
340258082001
340258099022
340258016004
340258014002
340258002003
340258021003
340258064003
340258070034
340258070031
340258070032
340258070033
340258070043
340258071002
340258071004
340258072001
340258082005
340258073001
340258073002
340258022002
340258100042
340258083001
340258084011
340258084021
340258084022
340258085002
340030112004
340258094002
340258094004
340270446021
340270420002
340258095011
340030361002
340030362001
340030362002
340030371001
340258114011
340258114012
340258114013
340258114021
340258114022
340030261004
340030262001
340030262002
340030262003
340030262005
340030270001
340030270002
340258074005
340258075001
340258075003
340258076001
340270402001
340258076002
340258077001
340258085004
340258095021
340258096001
340258096004
340258097011
340030101007
340030102002
340030102003
340030102005
340030103001
340030103002
340030103004
340030103005
340030103007
340258097031
340258097032
340258109002
340258064002
340030111001
340030111002
340030111003
340030111004
340030112002
340030113001
340030232005
340258110001
340258110002
340258110003
340030232003
340030232004
340030232007
340030234025
340258005001
340258005004
340030234011
340030234013
340030234022
340030234023
340030234024
340030234026
340258016002
340258006011
340258006014
340258015001
340030291002
340258023002
340030270003
340258033001
340030270004
340030280011
340030280012
340030280014
340030280015
340030280021
340030280022
340030280023
340030291004
340030292001
340030251005
340030292002
340030113003
340030113004
340030114002
340030114003
340030114004
340030114005
340030113002
340258006021
340258006022
340258006023
340258007011
340258007012
340258007013
340258017001
340258017004
340258017005
340311251003
340258033002
340258034001
340311432001
340030241002
340030242001
340030242002
340030242003
340030242004
340030242005
340030251001
340258034002
340258034003
340258035001
340258035002
340258036003
340258048001
340030251004
340030302005
340030292004
340030292005
340030292006
340030301001
340030301002
340030301003
340030301004
340030302001
340030302002
340030302006
340030302007
340258037004
340030303002
340030303003
340030140001
340030140002
340258007021
340258007022
340258008004
340258009003
340258036005
340258037002
340258037003
340030304008
340258038002
340258038004
340258039001
340030303004
340030303005
340030304001
340030304004
340030304005
340030304007
340030311001
340030151002
340030140003
340030140005
340030140006
340030151003
340030152001
340030154002
340030152002
340030152004
340030152006
340258010002
340030153001
340030153002
340030153003
340030153004
340030154001
340030311002
340258039002
340258041001
340258041002
340030311003
340030313004
340258041003
340030312001
340030313001
340030313002
340030313003
340030314002
340030313005
340030313006
340030314001
340030314003
340030314004
340030314005
340030314006
340030155004
340030154003
340030155001
340030155003
340030160002
340030155005
340030155006
340030160001
340030160003
340030172006
340410312004
340410312006
340030160005
340030160006
340410313011
340410313022
340410313023
340258064001
340258065021
340258065022
340258065031
340410314012
340410314021
340410314022
340410314023
340410314024
340030171001
340030171002
340030171003
340030171004
340030171005
340030171007
340030172001
340030172002
340030172003
340030172004
340030172005
340030332003
340270401021
340270454023
340270446023
340270450001
340270461051
340270440003
340410306001
340410306003
340030331003
340030331004
340030332001
340030174004
340030333001
340410307001
340410307003
340410307004
340410308001
340030173002
340030173003
340030173005
340030174001
340030174003
340030173001
340030175001
340258077002
340030175003
340030175005
340030175006
340270403001
340030175007
340258065032
340258065042
340258066003
340258066005
340270448003
340258077003
340270403003
340270401022
340270402003
340270462011
340270456021
340030182004
340270411003
340270408031
340270408012
340258078001
340258078003
340258079001
340258079002
340258079003
340410308002
340410309001
340410309002
340410309003
340410311021
340410311023
340410312002
340030333002
340030333003
340030340001
340030340002
340030181005
340270430001
340030181006
340030182003
340030181001
340030181003
340030352001
340030191022
340057029131
340258080012
340258081001
340258081004
340057013014
340057029081
340258088002
340258088004
340258089002
340258089003
340258089005
340258089006
340030340003
340030340004
340030340005
340030340006
340030340007
340030351002
340030351005
340270417061
340030252006
340270426001
340270459021
340270459022
340030192021
340030232002
340030251006
340030251007
340030252004
340030252005
340258097041
340258090002
340258091001
340258091003
340258091004
340258092002
340030201003
340258097042
340010130004
340258099011
340258099012
340258099013
340258080011
340030034012
340030034021
340030034022
340030034023
340030035001
340030035002
340030035003
340030201001
340030201002
340030212001
340030202001
340030202002
340030202003
340030211006
340030211007
340030261002
340258103001
340030261003
340258042001
340258042002
340258100013
340258100021
340258100022
340258100031
340258100032
340258100043
340258104022
340258104012
340258104013
340258104021
340258042003
340258042004
340258045001
340258050012
340258050013
340155016041
340258104023
340258104024
340155001002
340155002031
340155016032
340155013013
340155017012
340155007024
340155002052
340155011041
340155006001
340155022002
340030213003
340258105012
340258105023
340258105024
340258105031
340155015003
340155017031
340030212003
340030212005
340030212006
340030213001
340030213002
340030214004
340030214001
340030214002
340030214003
340030215002
340030215003
340030216004
340030215004
340030215005
340030215006
340155011043
340258106002
340258107002
340030221001
340258051001
340258051003
340258053001
340258053002
340258053003
340258034004
340258041004
340258051002
340155006004
340155007022
340155007023
340155013031
340155006003
340155011062
340155015002
340155006002
340155012093
340155013012
340155001004
340155010032
340258112004
340258071001
340258017003
340258107001
340258112001
340258113033
340258014003
340258059003
340258058001
340258070042
340258008001
340258113011
340258086003
340258009001
340258028001
340258023003
340258106004
340350508021
340258024002
340258024004
340258025001
340258025002
340258025004
340258026002
340350509011
340350509013
340350509022
340258054001
340258054002
340258055002
340258055003
340258056002
340258057002
340258060001
340258060003
340258073003
340258090001
340258095013
340258112002
340258113012
340258001001
340258001003
340258058004
340297228001
340258086001
340258036002
340258086002
340258070044
340258089004
340258017002
340258113031
340258013004
340258082002
340258119001
340258015005
340350503004
340258097012
340258046002
340258018002
340258019004
340258026003
340258027001
340258027002
340258028002
340258028003
340258076003
340350502002
340350503001
340350503002
340258061002
340350505002
340350506002
340258058003
340258059001
340258059002
340258060002
340258061001
340258061004
340270457042
340030522004
340030522005
340030531001
340030592005
340270453004
340270454024
340311823024
340030592006
340270457041
340311831011
340270458041
340270462971
340270462972
340030561001
340311964012
340030600004
340270458042
340270463002
340230079071
340230079072
340030551002
340030551003
340030551004
340030551006
340030552001
340030552002
340030552003
340030552004
340030552005
340030546005
340230079091
340230084041
340030545002
340030545003
340030546001
340030546002
340030546003
340030546007
340030452003
340030551001
340230084042
340030425002
340030425003
340030430011
340030430012
340030430013
340030430021
340030430022
340030472001
340030472002
340030472003
340030472004
340030473001
340230084043
340230084051
340030473003
340030474001
340030474002
340030474003
340030451007
340030451008
340030452001
340030481001
340030461002
340030461003
340030461004
340030462002
340030462003
340030463003
340030474004
340030474005
340030475001
340030475002
340030475003
340030475004
340030475006
340030481003
340030481004
340030544002
340230077031
340230077032
340030430023
340030430024
340030482001
340030482002
340030482003
340030490021
340030500003
340030500004
340030500005
340030511001
340030591005
340030592001
340030592003
340030592004
340010003001
340010106003
340010116001
340010116002
340010109001
340258082004
340030451003
340230066072
340230066081
340230066082
340230067012
340030451004
340030451005
340030463004
340030471001
340030471002
340030471003
340030471004
340030511004
340030511005
340030511006
340030512002
340030513002
340030513006
340030514001
340030441001
340030441002
340030441003
340030441004
340030441005
340230067033
340230067034
340230068001
340230068002
340230068003
340230068004
340230069001
340230069002
340230069003
340230069004
340030531002
340030531003
340030532001
340030532002
340030532003
340030532004
340030542005
340030543001
340030543002
340030543003
340030543004
340030543005
340030543006
340030544003
340030544005
340230080013
340030544006
340230077041
340230077042
340230078011
340230078041
340230078043
340230079092
340230079101
340230079102
340230080011
340230080012
340030561004
340230080014
340230070001
340230070002
340230070003
340230070004
340230071011
340230071013
340030561002
340030561003
340030241003
340230071022
340230071023
340230071031
340230071032
340030571011
340030571023
340130008002
340230078051
340230078052
340230078053
340030532005
340030541001
340030541002
340230080015
340030571024
340030572002
340030572003
340030581001
340030581002
340030581003
340030582001
340030582002
340030582003
340030582004
340030582005
340030591001
340230084052
340230084061
340230078061
340076054001
340076060001
340076077011
340076087002
340076089041
340230080016
340230081011
340230081012
340230081013
340230081014
340076092051
340076092053
340076002001
340076004001
340076004002
340076008004
340076061002
340076090002
340076036011
340076044001
340076092054
340076079001
340373718002
340373718003
340373718004
340373718005
340030022001
340030022002
340030022003
340030022004
340030023001
340030023002
340030031002
340030031003
340030031004
340076017002
340076018001
340030304003
340030103003
340030112003
340297235001
340297235002
340297236001
340297236002
340297240001
340030511003
340030544004
340297240002
340297240003
340297250011
340297250022
340030542003
340030280024
340030234012
340030461001
340030140004
340030490022
340030252003
340030112001
340030312002
340030513001
340030182005
340030212002
340030333004
340030063003
340170187023
340170152022
340170158011
340170182004
340170183021
340170185004
340170190004
340030382004
340170152012
340030101003
340030303001
340030234021
340030152003
340030571022
340030411003
340030174005
340030541004
340030473002
340030050004
340030182002
340030212004
340076016003
340076019001
340130105001
340130119001
340130120001
340030234014
340030010001
340030482005
340030182001
340030232006
340030312003
340030252001
340030291003
340030302004
340030482007
340373719001
340373720002
340373721002
340373722001
340373722002
340373746001
340130200006
340130201001
340130201002
340130217014
340130217021
340130217023
340130229002
340130230001
340030542004
340030592002
340030423022
340030451002
340030451006
340030471005
340030481002
340297270021
340130201003
340130201004
340130202001
340130202002
340130202003
340130202004
340130202005
340130203002
340297251001
340297251002
340297260001
340297270011
340297270012
340130206001
340297280001
340210042015
340030490013
340030490023
340030512001
340030513004
340030513005
340030541007
340030544001
340130204001
340030546006
340030552006
340030572001
340030600003
340030010003
340130204004
340130205001
340130205002
340130205005
340030462004
340030351004
340373723002
340373724001
340373725001
340373726002
340373726003
340155001001
340190115001
340330219001
340330220001
340330221001
340030114001
340030302003
340030600008
340030050005
340030160004
340030181004
340030216003
340030211003
340030211004
340030500002
340030191021
340030321021
340030032003
340030542002
340297280002
340297280003
340297290001
340297290002
340297300001
340297300002
340297310011
340030451001
340030155002
340030291001
340330209001
340030211002
340030102001
340030063005
340030061004
340030103006
340030251003
340030500001
340030514002
340030571021
340030381002
340030452004
340330222021
340330216004
340330222011
340330217001
340330216005
340330202001
340330207001
340330206002
340330213002
340330211023
340330211022
340330207002
340330202002
340330211021
340330203002
340330212022
340330213001
340330214002
340330204001
340330201001
340330203001
340330222012
340330215001
340330214003
340330209002
340330208001
340030331001
340030332002
340030372011
340030381005
340030411002
340030411004
340030412004
340330212021
340330214001
340030101004
340030010004
340030010005
340030021001
340030021002
340330216001
340330212011
340330216002
340330216003
340030061002
340030382002
340030546004
340030216002
340030475005
340030331002
340030175004
340030551005
340373728001
340373727001
340373727002
340373727003
340373728002
340373729001
340030252002
340030600001
340030301005
340030102004
340373729002
340030371002
340030213004
340030181002
340030050002
340373730002
340330205001
340330205002
340330206001
340030023003
340030304006
340030151001
340030312004
340030215001
340030211005
340030372026
340030292003
340030571013
340030031001
340030251002
340030154004
340030463001
340030522003
340030063001
340030545004
340330203003
340030462001
340030381003
340030216001
340030412003
340030174002
340030371005
340030600002
340030211001
340030280013
340030304002
340030312005
340030513003
340030101006
340311801005
340030010002
340297310012
340297310021
340297311021
340297311023
340330207003
340330208002
340330208003
340330210001
340330210002
340330211011
340330211012
340030411001
340373731003
340373732001
340373732002
340373733001
340373734001
340155002011
340030511002
340312568052
340311165005
340312036002
340311245002
340311755003
340311822001
340311821001
340311248001
340297311031
340297312011
340297312012
340297312021
340297312022
340297312023
340312463002
340312239001
340311249001
340311818003
340311243111
340311243112
340373734002
340373734005
340311432006
340311250004
340311821002
340312568053
340312568024
340311247006
340311824004
340312568032
340312460031
340311244014
340297312032
340297312042
340297312051
340297312053
340297312061
340297312062
340311165001
340311165002
340311165003
340311165004
340311242001
340311242002
340311242003
340311242004
340030600005
340030600006
340030600007
340311242005
340311242006
340311810003
340311752002
340311830001
340312460036
340312568042
340311251001
340311244011
340311801006
340312568021
340311822002
340311811003
340311246023
340311830002
340311433003
340312568044
340312460022
340312568043
340311809002
340311246012
340311825003
340311752001
340311244012
340312568013
340270408013
340311243124
340311811001
340311828002
340311830003
340312036003
340311823023
340297320014
340297320021
340297320024
340297321011
340270416013
340270419013
340270459023
340270407013
340270407023
340270409002
340270416043
340130177002
340312460035
340312568011
340312568022
340312568041
340312568051
340170150023
340373734006
340373734007
340373735002
340373736001
340373737001
340373737002
340373737003
340130068003
340130078001
340130152002
340130186004
340130203001
340130216015
340130009003
340130193002
340130101002
340130211002
340130137003
340130047001
340130165002
340130182001
340130227003
340210031002
340130112001
340130107001
340130031001
340130228001
340130091001
340130092001
340130093002
340210030025
340210030041
340210037062
340210032023
340210037041
340210001001
340390382021
340210045012
340390381011
340390381023
340390381024
340390381025
340030193053
340390383001
340390386021
340390386022
340258016006
340258018003
340258030001
340258039003
340258047002
340258055001
340030236013
340030193061
340030231002
340030233011
340030400011
340130211003
340030400021
340130048023
340130147004
340130023004
340030413012
340030442012
340030040024
340030062022
340030062023
340030233012
340030233013
340030262004
340030321032
340030321041
340030322021
340030322022
340130192002
340130121001
340130021004
340130133002
340130163004
340130046002
340130155001
340297226003
340030322024
340030351001
340130022022
340130035002
340297201031
340297201032
340297223001
340297223002
340297224011
340297224012
340297224013
340297224021
340297224022
340297224023
340297225001
340297226001
340297226002
340297221001
340297320012
340297222001
340297222002
340297222003
340297227011
340297227021
340297227022
340297227023
340297201021
340297210003
340130165003
340130214004
340130129003
340130042002
340130037002
340130046001
340130177001
340130010001
340130184001
340130159003
340130023001
340130228002
340130126003
340130208004
340130210004
340130080002
340130113003
340130057002
340297114001
340297111001
340297111002
340297111003
340297112001
340297112003
340297114002
340297120001
340311754021
340297130003
340297131001
340297131003
340311540022
340311540023
340297132022
340311540024
340311753012
340311754013
340311756011
340311754022
340311754024
340311755001
340311756012
340311756022
340311756023
340130160007
340311756024
340130054001
340130051002
340130207001
340130168003
340130075014
340130142001
340130047002
340130182002
340130099002
340130088002
340130048011
340130195001
340130103004
340130124003
340130018002
340130119002
340130131001
340130135002
340130146004
340130077002
340258081003
340258038003
340130129001
340130044001
340130146003
340130097002
340130006002
340130089001
340130184002
340130113002
340130154004
340130197005
340130022021
340155024002
340155022001
340155019003
340155016034
340155004007
340155002053
340130118001
340130071003
340130164002
340130142002
340130176001
340210030043
340210022005
340210034002
340210039052
340210003004
340210011011
340210011012
340210012003
340390389002
340390395002
340390398002
340390398003
340390399001
340390307011
340390398004
340390399002
340030235023
340210030092
340390396001
340258016001
340030130011
340030130012
340030130024
340030130025
340030191041
340030192033
340030193052
340030233024
340030235011
340030235012
340030235024
340030236011
340030236012
340030400012
340030321023
340030321031
340030413022
340030400022
340030400023
340030400024
340030413011
340030413013
340390397002
340030421003
340030442011
340030442013
340030442021
340390396002
340390396003
340390397001
340311757031
340258108002
340258119003
340311757011
340311757013
340311757014
340311757041
340311757042
340311758022
340311758011
340311758013
340311758021
340311758023
340311802011
340311802012
340311802022
340311802023
340170153003
340311802025
340311808001
340155008001
340057007032
340057010023
340057022084
340057042001
340057042002
340057042003
340170069001
340170072001
340170072002
340170073001
340170158022
340170187011
340170198001
340170199003
340170017012
340170035002
340170048001
340170146001
340170147003
340170151001
340170157002
340170163003
340170169002
340170171002
340170178004
340170001002
340170188002
340170190001
340170324002
340170001003
340170002001
340230014111
340170199002
340170200002
340170200004
340170201001
340179801001
340230014101
340230014102
340230014112
340230014113
340230014142
340230014121
340230014122
340230014131
340230014132
340230014141
340230014143
340230063006
340230062061
340230062062
340230062071
340230062072
340230062074
340230063001
340230063002
340230063003
340230063005
340230014171
340057011031
340057001041
340057004074
340057004081
340057005033
340057042004
340057045003
340057045004
340057046001
340057046002
340057001022
340057009002
340057022101
340057004071
340057004072
340230014152
340230014153
340230014154
340230014163
340230014164
340230014165
340230014172
340230015021
340230015022
340230065001
340230014151
340230064031
340230064032
340170104001
340230065002
340170058014
340170065002
340170067002
340170068001
340170070002
340170075001
340170104003
340170067003
340170058013
340170065001
340170066001
340170070001
340170075003
340170071001
340170074001
340170075002
340170076002
340170135003
340170077001
340170077002
340170077004
340170078001
340170103004
340170141011
340170141012
340230016003
340230015041
340230015043
340230015044
340230016001
340230016002
340230016004
340230017014
340230017011
340230017012
340230017013
340230017021
340170152011
340230017022
340230017023
340230065003
340230066011
340230066012
340170145011
340170145023
340170149002
340170150012
340170152021
340170152024
340170158012
340170158021
340170183011
340170187021
340170183012
340170008002
340170186002
340170187024
340170189003
340170198002
340170199001
340230019012
340230018031
340230018032
340230018033
340230018051
340230018053
340230018054
340230019011
340230019021
340230066041
340230019023
340230019031
340230019033
340230066052
340230066042
340230066051
340230008021
340057031042
340057038046
340057040123
340057040143
340057048024
340230076001
340230001005
340230078062
340230018052
340230014092
340230015023
340230033003
340230016005
340230044003
340230019032
340230027035
340230072033
340230020001
340230020002
340230020003
340230022001
340230021011
340230021012
340230021021
340230021022
340230021023
340230022002
340230023022
340230023011
340230023012
340230023021
340230004031
340230057002
340230002003
340230010023
340230004041
340230004013
340230004032
340230073044
340230004042
340230004043
340230018042
340230004012
340230042002
340230022003
340230077022
340230013001
340230024012
340230024013
340230024014
340230025002
340230024015
340230024021
340230025001
340230025003
340230025004
340230026041
340230026031
340230026032
340230049002
340230030021
340230012002
340230007022
340230066062
340230086043
340230018041
340230043002
340230062073
340230079081
340230005022
340230026042
340230026044
340170141024
340230026045
340230026046
340230026051
340170127006
340170141021
340230027032
340170142004
340170145013
340170148004
340230026052
340230027011
340230027012
340230027031
340230027033
340230027034
340230009024
340170017011
340170064002
340170067001
340230003002
340230003001
340230003003
340230004011
340230004044
340230005013
340230029022
340057031041
340230073031
340230005011
340230002004
340230028051
340230028052
340230029011
340230029012
340230029021
340230029023
340230030011
340373716003
340230030012
340230030013
340373739001
340057029133
340373717003
340057048011
340057029151
340057029152
340057048021
340057004073
340057004082
340057005042
340057005052
340057007012
340057011034
340057021012
340057022102
340057029083
340230014162
340230011001
340230079082
340230085032
340230009025
340057029093
340057029132
340230007023
340057029141
340057029171
340057029181
340230066043
340230045003
340230036001
340230027013
340230015024
340230030022
340230067032
340230018043
340230061015
340230031012
340230030023
340230030024
340230031011
340057031032
340230032013
340230031013
340230031021
340230032011
340230032031
340230015063
340230006063
340230012004
340230015051
340230015061
340230015062
340230019013
340230056024
340230031022
340230048001
340230051005
340230060021
340076111003
340230060022
340076109003
340076110001
340076110006
340076111002
340076112001
340076112002
340230086012
340076083041
340076083043
340076084033
340076103001
340076104001
340076104002
340076104003
340297321041
340297340022
340297350021
340297351032
340297351042
340297380010
340297391002
340299800001
340299801001
340299900000
340297220024
340230071021
340230049001
340230024011
340230014155
340230046002
340230082052
340230045002
340230058001
340230067011
340230061014
340297351043
340230003004
340230019022
340230011003
340230032032
340230032033
340297202051
340297350013
340230082021
340297114004
340230033001
340230033002
340230034011
340230034012
340230034013
340230034014
340297321032
340297321042
340090218053
340090218061
340297202023
340297220023
340297330000
340297330004
340297340020
340297351035
340297350012
340230032012
340230036003
340230040001
340230047001
340230082041
340297361053
340230005012
340230058003
340230061042
340297381003
340297321040
340297391001
340297351034
340297156002
340297270013
340297160003
340297220013
340297270010
340297320023
340190107014
340190107011
340190107013
340190110022
340190113033
340230037001
340230063004
340230067031
340230071012
340230035001
340230035002
340230035003
340230036002
340230037002
340230037003
340210029031
340230038001
340230038002
340210013003
340210025001
340210025004
340210030013
340210039051
340210043091
340210045011
340210007003
340210030034
340210033021
340210043042
340076105001
340210044052
340210044074
340076082101
340076092013
340076110004
340076110005
340076113003
340076115002
340076116004
340076070002
340076108001
340076115003
340076039022
340076075072
340076083042
340076116002
340076116003
340090221021
340090202062
340090210011
340090221011
340090201023
340230002001
340090209011
340090218062
340110103012
340110205021
340110305014
340155002033
340110103011
340230073042
340230075002
340230087002
340230078042
340230082022
340230082082
340230085044
340230001001
340230001003
340230001004
340230038003
340230038004
340230043003
340230038005
340230040002
340230040003
340230041001
340230041002
340230042001
340230043001
340230044001
340230044002
340230045001
340155020021
340339900000
340155005005
340155014062
340155021001
340110103021
340155002043
340155012094
340155020013
340110104013
340119900000
340110103022
340110104014
340110410001
340110101012
340110305013
340110410004
340110107001
340230050001
340230002002
340230005021
340230006031
340230006032
340230086022
340230006061
340230006062
340230046001
340230046003
340230047002
340230047003
340230048002
340230049003
340230050002
340230050003
340230051001
340230051002
340230053002
340230051004
340230052001
340230082064
340230006081
340230007011
340230007012
340230007013
340230007021
340230007024
340230052002
340230052003
340230052004
340230053001
340230057003
340230055001
340230055002
340230057001
340230058002
340230008013
340155019001
340155010033
340155012064
340155012121
340230008011
340230008012
340230008022
340230009011
340230009021
340230061013
340230009022
340230009023
340230010011
340230061011
340230061012
340230061031
340230061041
340230061032
340230061033
340155012122
340155012131
340155014061
340155014063
340230010021
340230010022
340230011002
340230012001
340230012003
340230013002
340230013003
340230014091
340230014093
340230061043
340230062041
340230062031
340230062032
340230062033
340230062051
340230062052
340010102001
340230062053
340155015006
340155016081
340030371003
340030371004
340030372012
340030372013
340030372021
340030372022
340030372023
340030372024
340130218012
340130218022
340010104011
340010002002
340010113002
340010107003
340010015002
340010115002
340010105011
340010122002
340010013001
340010004001
340010118032
340010119002
340010110001
340010104032
340010013002
340010104012
340010107002
340155016082
340010128022
340155020022
340155002032
340155007015
340010025002
340010127021
340010128011
340010128021
340390320012
340297133003
340390315001
340390315003
340390317001
340390317002
340390317003
340390317004
340390320021
340390321004
340390320022
340390321001
340390321003
340390321005
340390321006
340390321007
340390322004
340390336007
340390370004
340390326001
340390333004
340390323001
340390327006
340390323002
340390324001
340390324002
340390324003
340390324005
340390325001
340390325002
340390325004
340390326002
340390326003
340390326004
340390324004
340390327001
340390327003
340390327004
340390328001
340390328004
340390336002
340390329013
340311246021
340311243121
340390329021
340390329022
340390330001
340311248002
340390330002
340390330003
340390330004
340390331002
340390331003
340390331005
340390331006
340390331007
340390332001
340390332002
340390332003
340390333003
340390334002
340390334003
340390334004
340390335001
340390335002
340390335003
340390335004
340390335005
340390339002
340390336003
340390336004
340390336005
340390337003
340311243114
340390337004
340390338003
340390338004
340390339001
340390340004
340390339003
340390340002
340390340003
340390341001
340390342003
340390345001
340390343001
340390343002
340170145012
340170150011
340390344002
340390344003
340390344004
340390347001
340390345003
340390345005
340390346002
340390347003
340390347004
340390348001
340390348002
340390349003
340390348004
340390348005
340390349001
340390373004
340311243122
340311244013
340390321002
340390333002
340390388004
340390353001
340258070035
340258050011
340258084012
340258046001
340258037005
340390328002
340390365001
340390338002
340390384004
340390344005
340390313002
340390349005
340390349006
340390351001
340390350001
340390350002
340390352002
340390353002
340390353004
340390353005
340390353003
340390354001
340390354002
340390354003
340390355001
340390355002
340390361001
340390372003
340390394001
340390340001
340390327002
340390320011
340390382023
340390312001
340390334001
340390369001
340390385002
340390355006
340390376023
340390331004
340390355003
340390356001
340390355004
340390355005
340390355008
340390356002
340390356003
340390358003
340390356004
340390357001
340390357002
340390357003
340390357005
340390358001
340390358002
340311250002
340311244016
340311244017
340311244021
340311244022
340311244023
340311244024
340311245001
340311245003
340311250001
340311250003
340311250005
340057028071
340311245004
340311245005
340311246011
340311246013
340270401012
340210042014
340210014013
340210007002
340030391002
340030391003
340030392001
340030392002
340190112022
340230045004
340230056023
340030482004
340030482006
340030490011
340030490012
340170007003
340170008001
340170009021
340170009022
340170009023
340170010002
340170011001
340170011002
340170011003
340170012021
340170013001
340170013002
340170014001
340030591002
340030591003
340030514003
340030514004
340030514005
340030521001
340030521002
340030521003
340030521004
340030521005
340030521006
340030521007
340030522001
340030522002
340030591004
340030544007
340030545001
340076092032
340076092041
340076092042
340076030013
340258115022
340076015003
340076015004
340076016001
340076016002
340210016001
340210019001
340210026024
340210029024
340210029044
340210030032
340210030093
340210031003
340210032011
340210032014
340210032015
340210033022
340076092043
340076092052
340076044003
340076078011
340076082091
340076082092
340076082093
340030193051
340030322011
340030193042
340030452002
340030321022
340030311004
340030442022
340030562001
340030562002
340076083021
340076083022
340030562003
340030562004
340030571012
340030062014
340030040021
340110304001
340110304003
340110304004
340110304005
340110305012
340076084012
340076084021
340076084022
340076084031
340076084032
340076084041
340076087004
340076088003
340076088004
340130175005
340130176002
340130186001
340130186003
340130186005
340130187001
340130187002
340130187004
340130188002
340130188004
340130189003
340130189004
340130190001
340130190002
340130190003
340130190004
340130191002
340230086042
340230086041
340230086044
340297361023
340297370001
340297370002
340110407002
340110202001
340110102001
340155003001
340155003002
340155003003
340155004001
340170173001
340170174002
340170175001
340170175002
340170176001
340170176002
340170177001
340170177002
340170178001
340057028061
340057028062
340270447021
340057040141
340057040142
340155004002
340155004003
340155004004
340155004005
340155004006
340155002041
340155005001
340155005002
340155002042
340155002051
340155012012
340155012013
340155012022
340155012023
340155012024
340076020002
340076020004
340076026012
340076026021
340076026022
340076026011
340076025031
340076025032
340076025033
340270419023
340270407022
340270443003
340270447022
340270417023
340270461041
340270430002
340270453003
340270462982
340270444011
340270407021
340270461061
340270407011
340076030025
340270433031
340270434011
340270434012
340270434013
340076072004
340076073002
340076074011
340270444031
340270454011
340270455021
340270457011
340270461052
340270401011
340270401013
340270401023
340330204002
340270402002
340270402004
340270434014
340270434015
340270434022
340270434023
340270459011
340076029022
340076030011
340076030012
340076030021
340076030022
340076030024
340076031002
340270403002
340076031003
340076031004
340270402005
340270402006
340270402007
340270404001
340155016043
340270435001
340270435002
340076035041
340076035042
340270436001
340270436002
340270436003
340270437001
340270437002
340076014003
340076014004
340076035074
340076036012
340076036021
340076036022
340076036031
340076029011
340076029013
340076029021
340270405001
340270405002
340270405003
340270406001
340270406002
340297360012
340297360021
340297361011
340297361021
340297361022
340350509032
340350538051
340350538052
340373749001
340373749002
340373749003
340373721001
340373731001
340373739003
340155012051
340155016051
