350430106022
350479575001
350479573002
350479573004
350479575004
350479576001
350479572003
350069742013
350069742011
350069742012
350069744001
350069747002
350069461003
350069744003
350069742021
350069742022
350069742023
350069415002
350069744002
350539783023
350430105033
350430107152
350430107162
350430107163
350430107164
350450002052
350130018013
350130015003
350130013074
350130013061
350130013062
350130012042
350130012012
350130013051
350130014003
350130012041
350130014004
350130012014
350130004025
350130011032
350490012032
350490103041
350490010012
350490103151
350499403001
350490105001
350499406003
350490106011
350490101021
350490108001
350490107001
350490103082
350490103042
350490002002
350490012021
350490001011
350490002001
350490001013
350130011041
350130018051
350130018043
350130013035
350490013032
350490013033
350490013034
350490013035
350490010011
350490012031
350490103141
350490103161
350490104001
350490105002
350490107002
350490108002
350130004021
350130004022
350130004023
350130005001
350130005002
350490001012
350130006001
350130006002
350130007001
350130007005
350130008001
350130008002
350499409003
350490011062
350450004012
350090004002
350090006011
350090006032
350090006012
350090006031
350090009001
350090003032
350090003041
350490103162
350179646001
350179644002
350499409001
350499406001
350490104002
350490107003
350130019001
350130017021
350130018011
350130017012
350130007004
350130013073
350130013031
350130015001
350079507005
350250007041
350130008003
350130008004
350130009001
350130009003
350130009004
350130001033
350130013063
350130001031
350130001032
350130002011
350290004002
350290001001
350290004003
350290005002
350490005001
350499800001
350499405001
350490005002
350490012022
350490101022
350490103092
350490103091
350490103111
350490106022
350410003001
350490106021
350490103112
350490103122
350490102032
350499403002
350490103101
350490013041
350499404001
350499406002
350130012043
350010037361
350010002073
350010037141
350010002041
350010005011
350010011014
350010009031
350010009043
350010009034
350010015002
350010013003
350010023003
350130011042
350130012031
350130018061
350130018012
350130012033
350130013071
350130017073
350130003003
350130003002
350130005003
350339552005
350339552004
350339552002
350339552001
350339552003
350490103152
350130002013
350130006003
350130012053
350130010002
350130012052
350090006033
350490013011
350490109001
350490012023
350490011073
350490011074
350199616001
350010025002
350010036001
350010047161
350010037312
350010046033
350010047341
350010005023
350010011015
350130013033
350130017061
350130001043
350130013041
350130012051
350130013043
350130013042
350250007031
350090003011
350090003014
350090004003
350090004004
350090004001
350090005001
350010040013
350010047372
350010047511
350010047532
350130001042
350130012034
350130017071
350130017072
350130017062
350130014001
350130017032
350090005002
350319403002
350319435001
350319436001
350319436005
350319437002
350319437004
350319438003
350319438005
350319452002
350319453001
350319453002
350319454001
350319454002
350450006081
350119601001
350619704052
350050010011
350050010022
350379589003
350379586011
350379586021
350379589002
350130011043
350130018014
350130018015
350319460002
350119601002
350090001003
350090001004
350090001005
350090002013
350090002014
350090002021
350490003001
350490004001
350490006001
350490006002
350490007001
350430107142
350430107222
350430107202
350430107173
350430112001
350430107172
350619702003
350619701024
350619707004
350619710001
350619703011
350430111003
350439405002
350439405003
350430107161
350430111004
350130015004
350130018052
350619701011
350619701021
350010047462
350010047522
350010047441
350010047483
350010001081
350010001072
350010001092
350010001202
350010001132
350619710004
350050002022
350050011011
350619707003
350399441004
350390001002
350150011003
350150011004
350150011005
350450004022
350450004014
350019406004
350250003001
350250003002
350250003003
350250003004
350250004002
350250004003
350250005041
350250005043
350250005031
350250005032
350250005042
350250005023
350250005024
350250005025
350250005026
350250006001
350250006002
350430106021
350430107022
350430107032
350430107033
350250006003
350250006004
350250006007
350250007012
350250007011
350430107051
350430107052
350430107053
350430107054
350430107191
350430107192
350410004022
350410004011
350410004021
350459428022
350039764003
350130011031
350619702002
350379589004
350090002024
350090009002
350379589001
350290005003
350290006002
350150006002
350150011002
350150011001
350150007003
350150007001
350010047431
350010037323
350010047383
350010047392
350010047502
350019405002
350010038061
350010038062
350010047382
350010047482
350010001091
350010009042
350010046043
350019407001
350019406001
350010047121
350010047461
350010037214
350010047351
350010037212
350010047411
350010047492
350010047332
350010001201
350010037381
350010037384
350010047352
350010047333
350010047343
350010047442
350010047424
350010047432
350010037174
350350003042
350350003031
350350004021
350350005002
350319435002
350319436002
350319457001
350319439013
350319439012
350319460003
350319460005
350319457002
350319452004
350319405001
350319440001
350010047452
350010047451
350010007143
350010037322
350010037371
350010037352
350010047151
350010047421
350010047423
350010047371
350019406003
350010047521
350010047531
350010047453
350010047231
350010047523
350010047223
350010047481
350619701022
350619711001
350619714002
350619702001
350619703012
350619704011
350619704012
350619704013
350619714001
350619704042
350490102031
350490101023
350499405002
350619709013
350619709014
350619710002
350619710003
350210001001
350479573001
350479574002
350479574003
350479576002
350479578004
350479572002
350579632011
350579636002
350579632021
350579636003
350579632022
350599502002
350599502003
350599502001
350579636001
350579636004
350579636005
350579637002
350579637001
350539783021
350390004004
350390003002
350390005003
350430112002
350430109001
350410002001
350410002002
350410002003
350430111002
350430105032
350410003003
350410004012
350410004023
350410004013
350450004021
350439406001
350430107212
350430109002
350439407001
350430107233
350430105031
350439409002
350439409001
350430106011
350430107031
350430111001
350430106012
350439403001
350430107034
350439402001
350459431001
350450001002
350459429003
350450006113
350459429001
350450002021
350450001003
350450002023
350450002041
350450002051
350450001001
350450002053
350450003013
350450003014
350450003021
350450002022
350459430003
350459432012
350450004013
350450005054
350450006134
350450006071
350459429006
350450002012
350450003023
350450003024
350450004011
350450003022
350450006131
350450006122
350450003011
350450003012
350010037243
350010001131
350010001151
350010001161
350010001171
350010001191
350010001215
350410001001
350559401005
350559401006
350559401004
350450006101
350459430001
350459429004
350450007052
350459432014
350450007062
350450002011
350450006111
350450006082
350559401001
350559527002
350559400002
350559521003
350559526003
350010011012
350010011013
350010011021
350010011022
350010012001
350010012002
350010012003
350010012004
350010013002
350010013001
350010014001
350010046042
350010047403
350010047122
350399408002
350010014002
350010014003
350010014004
350010016001
350010017001
350010017002
350010017004
350010018001
350010018002
350010019001
350010020001
350010020002
350010021001
350010022001
350010022002
350010047132
350010047201
350010047471
350010047472
350010047221
350010022003
350010023001
350010023004
350010023002
350010024011
350010024013
350010024022
350010024024
350010047232
350010047234
350010047241
350010047242
350010047261
350010047281
350010024025
350010025001
350010026001
350010027001
350010027003
350010027004
350010027005
350010029001
350010029002
350010029003
350010047361
350010047152
350010038041
350010036002
350010017003
350010024012
350010037234
350010001141
350010007112
350010047252
350010002062
350010037302
350010001261
350010030011
350010030012
350010030013
350010030014
350010030021
350010030022
350010031001
350010031002
350010031003
350010047171
350010047172
350010047173
350130016001
350130017031
350130017052
350130001041
350130001022
350010009032
350010037072
350010006044
350010047202
350010015001
350010001212
350010034001
350010009015
350010009013
350010037291
350010047233
350010004023
350010001291
350010001271
350010032011
350010032012
350010032024
350010032021
350010032022
350010034002
350010034003
350010035011
350010035012
350010035013
350010011023
350010024021
350010037211
350010037301
350010007073
350010016002
350010038052
350010032023
350010037232
350010006032
350010007102
350010037122
350010001293
350010038071
350010036005
350010004021
350010001211
350010038042
350010035021
350010035022
350010035023
350010035024
350010036003
350479578002
350479572001
350479575002
350479577002
350479578001
350479575003
350479576003
350479577001
350479574001
350250008001
350250008003
350250008004
350250009002
350250009003
350250010041
350250010043
350250010052
350250010051
350250010031
350250010032
350250010033
350250010034
350250011002
350430107193
350430107121
350430107134
350430107151
350399441002
350399408001
350399441003
350430107122
350430107123
350430107124
350430107131
350430107132
350430107133
350069461002
350069747004
350130001024
350130002021
350130003001
350130004011
350279604003
350279604004
350130004024
350130007002
350130007003
350130007006
350069458001
350069747003
350069747005
350069461001
350069415001
350069747001
350130009002
350130009005
350130009006
350130015002
350130017051
350280005005
350130018062
350130018041
350130018042
350130013032
350130017011
350250001002
350039764001
350039764002
350539782001
350539783032
350539782002
350539783011
350539783012
350539781001
350539783031
350539783022
350539781002
350410001004
350410003004
350379586023
350379586024
350050011023
350050014001
350050014002
350050006005
350050011012
350050002012
350050002021
350050006003
350050011022
350050011021
350050013002
350050007003
350050012002
350050013001
350050002011
350050003001
350050003003
350050003004
350050003005
350050004001
350050011013
350050011014
350050012001
350050004002
350050004003
350050004004
350050005001
350050005002
350050006001
350050006002
350050006004
350050007001
350050007002
350050008002
350050008003
350050008004
350050008005
350050009001
350050009002
350050010021
350050007004
350050008001
350410001002
350450007021
350450006112
350459428013
350450007082
350459433001
350459428023
350450007071
350459429005
350290001003
350290006001
350090001001
350090002023
350090006023
350199616003
350290002001
350290003001
350290002002
350290003002
350290003003
350090006021
350090002012
350069458002
350130002012
350010045021
350010001222
350010037231
350010001262
350010001101
350010037213
350010034004
350010047272
350010047251
350010002071
350019406002
350010038072
350010009011
350010038032
350010017005
350010007131
350519623001
350519622002
350130002014
350010007081
350010038043
350010047282
350010001224
350010027002
350090003044
350450002054
350450005056
350450005055
350450007061
350459428024
350450006091
350450006103
350450006133
350450007081
350450006072
350450005042
350450006102
350459428032
350450006132
350450002055
350179646003
350179647003
350179647002
350179648001
350350003052
350350009021
350350009023
350150001001
350150002002
350150002004
350150003005
350150003002
350150003003
350150003004
350150004013
350150004024
350150004021
350150004023
350150005001
350150005002
350150005003
350150006001
350150010001
350150010002
350150010003
350150010004
350499409002
350439402002
350239700001
350150010005
350150010006
350239702002
350430107181
350430110002
350430110001
350250007022
350350003032
350350009011
350350004024
350350009013
350350009012
350350006021
350130010001
350279608002
350279606004
350279604001
350279603002
350279606003
350279602002
350279606001
350279602001
350279604002
350279608001
350279603001
350279606002
350079507003
350079506001
350079505005
350079507004
350079505003
350079506004
350079505006
350079507001
350079506005
350010013004
350010002072
350079505002
350079505001
350079505004
350079506002
350079506003
350079507002
350239702001
350250002003
350250002002
350250005033
350250010053
350490001014
350490103081
350490008001
350490009001
350559521004
350559401002
350559526002
350559521001
350559526004
350559521002
350559526001
350559521005
350559527003
350559527001
350559523002
350559400001
350559523001
350490011072
350490011051
350490011071
350430107221
350430107203
350430107201
350490013021
350490012051
350490012041
350490012042
350490009002
350450006121
350450009001
350199616002
350399410003
350399408003
350130013052
350130002022
350130018023
350490008002
350490011021
350490103121
350490102041
350490013031
350490013022
350490106031
350490011022
350250006006
350250008002
350250010042
350250002001
350250001001
350250011001
350250011003
350450006083
350450007072
350459432015
350450007051
350290004004
350290004001
350290005001
350539400001
350559401003
350280004004
350280005002
350280005006
350250007021
350250004001
350250005022
350250011005
350250001003
350250005021
350250006005
350250011004
350250009001
350350001001
350350006031
350350003033
350350003062
350350002001
350350003063
350359400002
350350007002
350350006011
350350003051
350350004015
350350007001
350350007004
350350002002
350319438004
350319437001
350319403003
350319460004
350319439022
350319460001
350319436003
350319438002
350319452003
350319438001
350319439011
350319436004
350319437003
350319456001
350319435003
350519624011
350519624021
350519624012
350519624022
350150004022
350150002001
350350003061
350350003054
350350003053
350350004011
350350004012
350350004013
350199616004
350280001001
350280004003
350280005004
350280001002
350459429002
350459430002
350350004014
350350004022
350350004023
350350005003
350350006012
350350007003
350350003041
350350005001
350350006032
350359400001
350280002002
350280001003
350280002004
350280004002
350280005001
350280002001
350280004001
350280005003
350280002003
350579632012
350450004023
350450005052
350450007073
350459428012
350459432013
350179642001
350179643005
350179644001
350179644003
350179643004
350179642002
350179643003
350179641002
350179641001
350179647001
350179645002
350179645001
350179647004
350179643001
350179645003
350179646004
350179646002
350179648002
350179643002
350390004001
350399410001
350390003004
350399407003
350399410002
350450005051
350459432011
350459428021
350450005041
350450001004
350459428031
350450005031
350450005032
350010001233
350010001241
350010001242
350010001244
350010001272
350010002052
350010002082
350010002083
350010003004
350010047283
350010047291
350010047292
350010047491
350010047501
350010047422
350090002022
350090003043
350090003015
350090001002
350090003013
350090006022
350090002011
350090003042
350090003031
350479578003
350010005021
350010012005
350010037151
350010038051
350010047271
350090003012
350619704051
350619704041
350619701025
350619403001
350619703014
350619703013
350619707002
350130018021
350130014002
350130016002
350130012013
350130013053
350130011021
350130018022
350130013034
350130012011
350130011022
350130013072
350479573003
350479574004
350390002002
350390003003
350390002001
350399441005
350390005001
350390004002
350399441001
350390004003
350399407001
350390005002
350390003001
350399407002
350390001001
350050003002
350010047222
350010001071
350010001082
350010001102
350010001103
350010001111
350010001112
350010001121
350010001122
350010036004
350010037071
350010037073
350010037121
350010037123
350010037124
350010037142
350010037143
350010037144
350010037152
350010037153
350010037154
350010001142
350010001152
350010001153
350010001162
350010001172
350010001181
350010001182
350010001192
350010001213
350010001214
350010001221
350010001223
350010001231
350010001232
350010001234
350010001235
350010001243
350010037172
350010037173
350010037181
350010037182
350010037191
350010037192
350010037193
350010037233
350010001252
350010001273
350010001283
350010001284
350010001281
350010001282
350010001292
350010002031
350010002032
350010002042
350010002054
350010002051
350010002053
350010002061
350010002081
350010003001
350010037235
350010037241
350010037242
350010037251
350010037252
350010037253
350010037261
350010037262
350010037382
350010037383
350010003002
350010003003
350010003005
350010003006
350010004011
350010004012
350010004013
350010004022
350010004024
350010005012
350010006011
350010037372
350010037281
350010037282
350010037283
350010037284
350010037292
350010037303
350010037311
350010037321
350010037331
350010006012
350010006013
350010006014
350010006031
350010006033
350010006041
350010006042
350010006043
350010007041
350010007042
350010007043
350010007071
350010007072
350010007074
350010007075
350010007082
350010007083
350010038031
350010038073
350010040011
350010040012
350010043001
350010007101
350010007103
350010007111
350010007113
350010007122
350010007121
350010007132
350010007133
350010007134
350010043002
350010043003
350010043004
350010044011
350010044012
350010044021
350010044022
350010045011
350010045012
350010007142
350010008011
350010008012
350010009012
350010009014
350010009016
350010009017
350010009033
350010009041
350010011011
350010045022
350010045023
350010046021
350010046022
350010046031
350010046032
350010046041
350619713001
350619707001
350619703022
350619701013
350619703021
350619703033
350619709021
350619703034
350619701012
350619703031
350619701023
350619703032
350619708004
350410001003
350410003002
350050010012
350050002014
350050002013
350050010013
350050002023
350130012032
350290001002
350490002003
350490010021
350490010022
350490010023
350490012043
350490011031
350490011032
350490011052
350150007004
350150007002
350150009001
350150008001
350150009003
350150008002
350490011061
350490012052
350130001021
350130001023
350130002023
350130004012
350130004013
350150003001
350150006004
350150006003
350150004012
350150009002
350150004011
350150002003
350430107021
350439405001
350430107024
350430107141
350319456002
350319731001
350319440002
350010037171
350010001251
350010001253
350010037222
350010037221
350010047331
350010047342
350010047131
350010047402
350010047401
350010047381
350350005004
350350009022
350350001002
350350003064
350010037351
350019405001
350010007141
350010047391
350010047133
350010005022
350010047412
350010047413
350010047503
350619708001
350619708002
350619708003
350619708005
350619709011
350619709012
350519623002
350519622001
350450002042
350450005053
350459428011
350459428033
350459431002
350010024023
350379586012
350379586013
350379586014
350379586022
350430107232
350430107231
350430107211
350430107171
350430107023
350319455001
350319455002
350319455003
350319456003
350319403001
350319436006
350319439021
350319455004
350319452001
350319456004
