371619601004
371619605006
371619606002
371619610001
371619610002
371619607001
371619601003
371619608001
371619607003
371619601001
371619602004
371619602003
371619604001
371619605002
371619607002
371619605004
371619605007
371619606003
371619608002
371619611012
371619608003
371619608004
371619610004
370590807002
371619605003
371190019162
371439202012
370810165021
370810165022
370810165023
370810165031
370159604003
370010217011
370510016012
370510025031
370510025041
370510033072
370510033093
370510037002
370510014005
370510027003
370510026002
370510032011
370510027001
370510014003
370610904003
370610903004
370610907023
370610901002
370610908012
370610906003
370610907011
371539704002
371539711003
370319702002
370319702001
370670029032
370510002001
370510002002
370510002003
370510005001
370510005002
371539706003
371539704001
370799502003
371190064042
371190059143
371190062041
371190063023
370139305013
370139304003
371539708005
370799501011
370799501023
370799503003
370799502001
371190056202
371190056192
371190056172
371190056171
371190015102
371190056143
371539705003
371539703005
371539708004
370710326001
370710326003
370710326004
370590807003
370590805001
370590804003
370590802001
370590803001
370590801001
370590803002
370590801004
370590803003
370590804001
370590807004
370590801003
370590802003
370590803004
370590805003
370590805002
371219502003
371539701001
371539704003
371470001005
371470003021
371470001001
371470007012
371470002014
370139308003
370139305021
370139308001
370139310004
370590806001
370590806003
370590801002
371219504001
371219503002
371219501001
371219503003
371219504002
371219501002
371219502001
371219501003
371219503004
371219502004
371219502002
370319711013
370499610011
370499610024
370499610021
371190029042
371190029043
371190029044
371190030071
371190030083
371190029052
371190029031
371190029032
371190030112
371190030113
371190030114
371190030115
371190055132
371419201021
371190055243
371190056051
371419201022
371190034001
371190034002
371190034003
371190034004
371190035001
371190035002
371190036001
371190036002
371190036003
371190036004
370499605002
370499602003
370499605003
370499611002
370499606004
371190001001
371190019103
371190019111
371190019112
371190053053
371190053061
371190053062
371190053072
370139301005
371950013004
371719309013
371719312002
371719311031
371970505014
371970505013
370670041032
370210032042
370210032043
370210018011
370210018012
370210018021
370210018022
370319707022
370210018023
370319707033
370210022041
370319708012
370210022051
370210022052
370210023013
370210023021
370210024011
370319709012
370319709021
370210024021
370210024023
370210025041
371970504003
370479307002
370479308004
370479309004
371950007003
370479309002
370479309003
370510015001
370510036004
370510028001
370510029001
371970503001
371970504005
371970505023
371970501023
371970503005
371970505022
371970502002
371970503002
370479312004
370479312003
370479312002
370479312001
370479313003
371970503003
371970503004
371970501012
371970505021
370479301002
370479304002
370479308003
370479313002
370230208011
371950016003
370510014004
370510017001
370510026001
370510008002
371950008022
371950008023
370230206003
370230214003
370230209003
370230209002
370230212032
370230213021
370230203011
370230206001
370230213013
370230212011
370230203013
370230212021
370230213023
370230211003
370230203012
370230203021
370230212012
370839302003
370970614071
370970614033
370970614082
370839301004
370839302001
371239605001
370839303001
370839303003
370839303004
370839303005
370839304002
370839311003
371499202001
371499202003
371239601003
371239602003
371239605002
371239602004
371239601001
371239605003
371239603002
371239602006
371239601005
371239603003
371239602001
371239601002
371239604022
371270115005
371190056181
371150105001
371150104001
371150106005
371150107002
371150106001
371150101002
370670039031
371270109003
371270115003
371270107003
371270109004
370010212071
370670034031
370670029041
370510006002
370510006004
371950008011
371950008012
371950012002
371190015082
370010212061
370010212043
370010212013
370010206022
370010209022
370010206011
370010218011
370010209021
370010220011
371650105004
371719303023
371819605004
371970505011
371039201001
371039202002
371039203003
371039202001
371039203002
371039203001
370670028012
370510025011
370510025021
371650104002
371650103001
371650105001
371650106003
371650106004
371650104001
371650106002
371650105003
371650105005
370810160091
371190029063
371190058391
371190061044
371190038082
371190061062
371190016071
371190019193
370959201001
370959201003
370710324014
370710325051
370710325052
370710325081
370710327031
370710327041
370630020191
370630020201
370630018061
370630018082
370630020241
370630020261
370630020272
370630020281
370639801001
370810167022
370810164091
370810154022
370810126093
370810144113
370810154012
370810159021
370810164061
370810160082
370810160083
370810160061
370810160112
370810162041
370810165024
370810102003
370810106023
370510028003
371950008021
370810125083
370810154021
370510020023
370510025043
370510029004
370510030012
370510030021
370510016013
370510007013
370510031022
370510016041
370510029003
370510031021
370510034011
370510031041
370510031043
370510033104
370510034032
371190052003
370510036001
370510037001
370519802001
371190043031
371190043051
371190051002
371190052002
371559620022
371190053011
371190053051
371190031021
371190031022
371190031031
371190031032
371190031051
371190025001
371190025002
371190026001
371190027012
371190027011
371190027013
371190053052
371559601011
371559601024
371559605012
371559605011
371559602012
371559607021
371559608012
371559618012
371559613012
371559607012
371559613011
371559618021
371559608021
371559620021
371539701003
371539709004
371539702002
370010219013
370010219023
370010216002
370010204003
370319705041
371679312023
371679309002
371679303001
370850702002
370850702003
370850703003
370850703004
370179506006
371690704001
371690705031
371690701005
371690706002
371690705032
370319704033
370319705021
370319705032
370319705033
371830535092
370319705042
370319706021
371830528061
371830530093
371830531061
371830535183
371830542101
370010212011
370499612012
370499605001
370499604031
370499604033
370499604032
371830535064
371830535121
371830541062
371190060091
371190017024
370190204023
371190016062
371190016061
371190019124
371190019123
371190016091
371190056182
371190018021
371190019151
371190019152
371190015083
371190019154
371190015071
370010213001
370010212053
370010216001
370010214001
370010215003
370970608012
370079204003
370079205005
370710335003
370710335004
370190204022
371330004012
371330004021
371399605021
371399603001
371399605022
371399602001
371399607023
371090701003
370559704002
370559901000
370559701011
371090710021
371090710014
371090709011
371090709012
371090712011
370970613013
370970613012
370970613022
370970610022
370970609011
370610905012
370610904001
370610902001
370610901004
370610904004
370610905021
370610905023
370850713011
370970606032
370970606031
370850714011
370970613011
370850714021
370970609013
370970609014
370850704011
370850709031
370190204041
371190059063
370190206011
370190202021
370190203031
370190203052
370190204051
370190201042
370190202022
370190203061
370190202041
370190202042
370190201011
370190203063
370190204031
370190204032
370190205053
370190206024
370190204052
370190205051
370190205061
370190205075
370190205122
370190206021
370190206022
370190206023
370190203051
370230201003
370559702001
370230203024
370230202014
370230202013
370230213011
370230212023
370230203022
370230210001
370230202022
370230212013
370670038041
370670039081
370559702002
370559704000
370559703002
370559701012
370690607003
370690606002
370690605012
370690608021
370690603011
370690606001
370670028092
370670026043
370670040101
370670040074
370670028011
370670038031
370210026073
371679312011
371679312015
371679312017
371679308012
370850713032
370670033093
370670033102
370670033071
370670033072
370670030042
371830525072
371830537203
371830537202
371830537212
371830537161
371830537162
371830534051
371830536101
371830540163
370210025042
370210025043
370319901000
370210025051
370210025052
370210025061
370210025062
370210025063
370210026042
370210026052
370210026061
370210026063
370210028031
370210028042
370210032033
370210032011
370210032022
370210032031
370630017074
370250416013
370250416011
370250417013
370250415031
370250416014
370250413011
370250416021
370250426031
370250407031
371190041001
370250417022
370250419011
370250424012
371190043041
371190040004
371190059142
371190041002
371190041003
371190041004
371190042001
371650102003
371190042004
371190053081
371190053071
371190054011
371190054031
371190054042
371190054041
371650102002
371650103002
371650103003
371650103004
371650103005
370850705004
370850707001
370850707002
370850710011
370319706031
370319706041
370319706042
370319706051
370319707011
370319707031
370319708021
370499604021
370499613021
370499612021
370499604022
370499604011
371190019153
371190015091
371190015101
371190058123
371190056141
371190056151
371190055232
371190055211
371190038081
371190055212
371190059141
371830528091
371190029062
370230208013
371679301011
371679302003
371679303003
371970505015
370319708022
370319708031
370319708042
370319708043
370319711011
370499604041
370499613022
370499613024
370499613023
370499612011
371190063042
371190062122
371190062102
371190059171
371190055133
371190055231
371190058413
371190055223
371190055091
371830524092
371830536011
370670033152
370670013003
370670020012
370670009004
370670037023
370759203001
370759201001
370759202001
371830523011
371830540011
371830537163
371830526032
371939602002
371939603001
371939603004
371939604002
371939604005
371939605001
371939606003
371939607003
371939608022
371939609001
371939611003
371939612003
371939612005
371830526023
371830526031
371830524081
371830524082
371830527042
371830540062
371830540072
371830537241
371830534241
370670037031
370670037012
370670037021
370670013001
370670039062
370670033092
371830531072
371830523022
371830520024
371830511012
371830511013
371830511011
371830540044
371830527041
371830540083
371830540082
371830540081
371830541044
371830529011
371830537192
371830535241
371830540161
371830537221
371830538052
371939609002
371939603003
371939608011
371830543012
371830535091
371830519003
371830535072
371830526011
371830541091
371830523013
370670037034
370670037032
370670008012
370670008022
370670035004
371830535063
371830523023
371830528013
371830528081
371830528092
371830530032
371830529043
371830534183
371830534163
371830536012
371830541101
371830512002
371830511023
371830545002
371830544041
371830543024
371830528012
371830529031
370479312006
371910014001
371910014002
371910014003
370670019022
370670034022
370670040051
370670039042
370670038053
370670038054
370670038061
370670020021
370670021001
370670025011
371830541054
371830524043
371830524042
371830503001
371830510001
371830521013
371830531111
371830531112
371830530061
371830532051
371830532021
371830530053
371830534191
371830534052
371830534192
371830534222
371830535073
371830542062
371830537171
370670025022
370670025021
370670039052
370670039061
370670039063
370670027012
370670027024
371830521014
371830540071
371830540112
371830540111
371910014004
371910020002
371830534182
371830530084
371830532042
371830534091
371830532032
371830534251
370670026012
370670027023
370670038042
370670032011
370670032022
370670028081
371830540123
371830540122
371830540061
371830527061
371830505003
371830534252
371830536031
371830534171
371830534162
371830534082
371830536021
371830534101
371830538072
371910018002
370670040153
370670031052
370670031032
370670040112
371830527052
371830520012
371830520023
371830520011
371830538081
371830538082
371830535252
371830535232
370670040113
370670040123
370670032013
370710327021
370710328001
370710328002
370710328003
370670040151
370670040152
371830508001
371830509002
371830511022
371830527051
371830527071
371830534231
371830534232
371830536061
371830535173
370670040142
370710329001
370670038052
370670033151
370670033083
370670033131
370670035005
371830527043
370710329003
370710329004
371830540084
371830527072
371830524093
371830540041
371830540013
371830535192
371830537092
371830537262
371830537231
371910007003
370879211002
370879201021
370879207001
370879206003
370879207002
370879213021
370879205003
370879201023
371050305012
371050305013
371050307022
371050307023
371910019001
370670012002
370670013002
370670038051
370670039033
370670030021
370670039043
370670039044
370670040121
370670032023
370670039082
370670027013
371830520022
371830521022
371830521012
371830528083
371830528022
371830528015
371830537073
371830540133
371830540132
371830541121
371830541111
371830541102
371830540141
371830541151
371830541152
371070113003
371070114003
371070109001
371070110011
371070103002
371070105002
371070113002
370670028041
370670028082
371910008001
370670029034
370670033121
370670031082
370670026031
370839301001
370839304003
370839304001
370839305022
370839305012
370479305001
370479311002
370479304001
370479305003
370479306002
370479303003
370479303001
370479307001
370479308002
370479309001
370479303002
370479313004
370479313001
370479304003
370479310003
370479305002
370479311001
370479302001
370479312005
370479307003
370479301001
370839310003
371459205004
371459206011
371459206013
371459206021
370459504004
370459505002
370459505003
370459506023
370459506021
371859501012
371859501011
371859501031
371859503002
371859502002
371859501021
370139302003
370139305022
370839306001
370839307001
370839307003
370839310001
370399306022
371399601001
371910001021
371910001011
371910005001
371910013021
371910011013
371910003032
371910003031
370459509001
370459509002
370459509003
370459510002
370459510003
370459510004
370459511001
370459511002
370879210001
370879212004
370879212001
370399305001
370399301003
370399305003
370399301001
370399304003
370399305002
370399303002
371330002022
371339901000
371330002021
371330002012
371330002023
371330024005
370650204002
371330007001
371330007003
371330006002
371330022024
371330012003
371330006004
370590806002
370459511004
370459512001
370459512002
370459512003
370459512004
370459512005
370650209002
370650211001
370650208001
370650206002
370650207002
370650208002
370650213003
370650213002
370650215003
370650202005
370650216001
370650207001
370650213001
370650216002
370650211003
370650202004
370650214001
370650214002
370810101001
370879202005
370339305001
370339305003
370339301001
370339306001
370339302003
370810152003
370810152004
370810156003
370810102001
370810110002
370810104011
370810104042
370810105002
370810106021
370810106022
370810111011
371910006023
370810111012
370810112003
370810113001
371830524012
371830515022
371830514003
371830525042
371830517003
371830538071
371830537072
371830537122
371830537141
370670040124
370670030031
370670030032
370670031062
370670039032
370670033082
371830525052
371830525033
371830526022
371830527011
371830527062
371830528063
371830537132
371830537222
371830537143
371830539003
371830540151
371830540182
371070101004
371070102002
370670037011
370670003021
370670022002
371910004011
371910004021
371910004023
371910009022
371910011012
371910011014
371910003042
371679312021
371910009021
371910008002
370459507001
370459507002
370459507003
370459507004
370459508003
371330003012
371330002024
371330002013
371330003021
371679310002
371679301013
371679308021
371679311005
371050301021
371679301012
371679308022
371679311002
371679309004
370370206002
370370208004
370370202002
370370206001
370370206004
370370207023
370370205002
370370201061
370370202004
370370203001
370370208002
370370202001
370370203002
371459201003
371190059064
370350112002
370350112003
370350117022
370459512006
370459514004
370459515011
370670001001
370670002001
370510033041
370510033042
370510033043
370510033044
370510033045
370510033046
370670004001
370670005001
370670005002
370670005003
370670006001
370670006002
370670007001
370670007002
370670014001
370670014002
370670015001
370670008011
370670008021
370510033051
370670009001
370670015002
370670015003
370670016011
370670016012
370670016013
370670010001
370670010002
370670010003
370670011001
370670011002
370670009003
370670017005
370670018001
370670018002
370670018003
370670018004
370670016022
370670017003
370670017004
370510033071
370510033092
370510035001
370510035002
370510035003
370510035004
370510036003
370510015002
370510027002
370230208022
370230208012
370230210002
370230210003
370230211002
370230202011
370230202012
370230209005
370510009001
370510009004
370510010001
370510010002
371379501021
370510011001
370510011002
370510012001
371459205001
371459201004
371459202003
371459202001
371459203002
371459203005
371459203001
371819601003
371459202004
371459204003
371459201002
371459206014
371459203003
370510012004
370510014001
370510014002
371190057092
370510016011
370510017004
370510018001
370510018002
370510019011
370510019021
370510019031
370510019032
370510019033
370510019034
371290117053
371439201000
371439202020
371439202011
370270314012
370270306002
370270312013
370270314032
370270314011
371819603001
371819601001
371819609003
371819604002
371819602002
371819605005
371819604003
371819609002
371819610001
370350112004
371819607003
371819608003
371819605003
371819605002
371819602003
371239603001
371239604021
370350115043
370350116022
370350116021
370350117025
370350118022
370350101021
370350111021
370350105012
370350115012
370350113002
370350117011
370350114011
370350117023
370350101011
370350103031
370350111012
370350106003
370350103032
370350103023
371190060063
370350116023
370350116011
370350101023
370350103012
370350104013
370350104022
370350105013
370350106004
370350107002
370350109002
370499611001
370499602005
370350110002
370499603002
370079203001
371570403001
371570403002
371570403003
371570404001
371570404002
371190058481
371190030121
371190055081
371190058302
371190019181
371190058461
371190058161
371199802001
371190055143
371190056191
371190015043
371190040002
371190062131
371190058171
371190019113
371190055102
371190063032
371190058371
371570411004
371570415003
371570415004
371570410014
371570413003
371190057101
371190019121
371539703001
371190019211
371190062151
371190044002
371190030131
371190030072
371190064052
371190058462
371190063043
371190020034
371190042003
371190022002
371190033002
371190030075
371190030081
371190057131
371190059072
371190029041
370079201003
371190059121
371190030152
371190058151
371199801001
371190012003
371190058122
371190056161
371190049001
371190024001
371190058332
370610905022
371759602002
371190060081
371539704004
371190039021
371190048002
371190058252
371190058321
371190058172
371190058383
371190058262
371190058423
371190059061
371190030111
371190064051
371190058442
371190019201
371190030061
371190012001
371190022001
371190058251
371190059081
371190052001
371190037001
371190058281
371190016032
371190055222
371190058241
371190042002
371190058342
371190016092
371190063031
371190058341
371190030074
371190064033
371190057113
371190054012
371190056041
371190030062
371190029045
371190057142
371190040001
371190030073
371190058471
370499603004
371190043052
371190043021
370499603001
370499613031
370499602002
370499613011
370499602004
370810158003
370499606003
371190043022
371190043023
371190044001
371190045001
371190019222
371190020021
370499607002
370499608003
370499609002
371190020022
371190020023
371190020031
371190020032
370499601012
371190027022
371190027023
371190028001
371190028002
371190028003
371590516002
370670031051
370670038043
370670020011
370670026044
370670039093
370670040073
370670034032
370670022003
370670033142
370670033111
371830539001
371830543022
371830503002
371190056201
371190056211
371190057061
371190057062
371190057064
370670028043
370670028071
371190057141
371190057091
371190057111
371190057112
370670035001
370670035002
370670036001
370670036002
371590517003
371590517004
371590505003
371590508004
371590509042
371590510012
371590510024
371590512022
371590513012
371590516001
371470019001
371590519023
371570412004
371570401013
371570406023
371570407004
371590517005
370630018015
370630021002
370630020171
370630003012
370630018011
370630019001
370630016011
370630020072
370630016032
370630016042
370630009002
370630019002
371570405023
370810172003
370810155001
370810170001
370810156002
371830504001
370810119051
370810166001
370810136012
370810114004
370810128032
370810138003
370810156001
370810128051
370810151001
370810153003
370810110001
370630016034
370810142004
370630018014
370630020182
370630020082
370630013011
370630017092
370630016012
370630016041
370630009001
370630021003
370630020132
370630005002
370810160031
370810126122
370810112004
370810136022
370810128031
370810171003
370810145012
370810125081
370810162011
370810153002
370350117013
370350105021
370350105022
370350104021
370350111024
370350111022
370350116013
370350114023
370350101014
370350115013
370350118024
370350117012
370350103041
370350118012
370610905011
370610907012
370610902002
370610901003
370610906001
370610908021
370610901001
370610903001
370610907021
370610908023
370610906002
370939701021
371470018003
371470007023
371290115002
370510008003
371879501000
370670027033
370670033084
371879501004
371879501001
371879502006
370670040103
370670038062
370670040102
370670021002
370670034042
370670033101
371719304001
370670019011
371879501005
371879503002
371879501006
371879503001
371879501003
370939701022
370210010002
370210010003
370939701025
370939701024
370939701033
370939704011
370939702011
370939702012
370939702013
370939701011
370939801001
370939701032
370939701031
370939702021
370939701012
371190015073
371259510003
371259511001
371259511002
371259511003
371259511004
371259511005
371259512001
371259507021
371259512002
371719302013
371190015081
371190015041
371190015042
371190019182
371190019192
371190019191
371190019101
370210011001
370210012001
370210012002
371719303021
371719312003
371719307002
371719305023
371719307001
371719310021
371719302023
371719303011
371719310022
371190015051
371719304002
371719301023
371719303022
371719306002
371590512041
371150101001
371190015092
371190016051
371190016031
371190016081
371190017011
371190017012
371819607002
371150106003
371190017021
371190017022
371190017023
371190018022
371590518011
371590502023
371590520001
371590503001
370210012003
370210014002
371590504001
371590504002
371590509032
371119707002
371119709014
370531104022
370839309005
370350103042
370190204021
370210030024
371879501002
371879502003
371190018012
371190018011
371190018013
371190019141
371190019142
370810125111
370810125112
370810125113
370810126044
370810126172
371290120092
371290121031
371290120102
371290120082
371290121041
371350122021
371350107042
371350107031
371350111022
371350111023
371350110002
371119709021
371119709023
370810127032
370810127033
370810144073
370810144091
370810144101
370810144102
370810144103
370810144112
370810144121
371290120013
371290121042
371290121053
371290121052
370839302004
370839305011
371830531051
370839305021
371350122011
371350122012
371350119013
371350116012
371350116022
371350116023
370810144122
370810154023
370810157032
370810157033
370810157041
370810157051
370010213003
370010215002
371290122013
371290122031
371290122023
371290117052
371290117054
371319204013
371790203062
371790203122
371790210101
371790210102
371790210052
371790206021
371790210053
371790210121
371790210131
371790202031
371790210122
371790204031
371790202032
371590505001
371590509041
371590517002
371590509031
371590502013
371590514001
371590508003
371590511021
371590513022
371590519022
371590517001
371590509011
371590502011
371590502012
371590510021
371590510013
371590510014
371590502021
371590509033
371590508002
371590508001
371590510011
371590518022
371590510022
371590511013
371590516005
371590509013
371590511011
371590516003
371590519011
371590519021
371590507001
371590512011
371590519012
371590513023
371590511014
371590519024
371590518021
371590509043
371590513011
371590509012
370850712011
371590502022
370970606021
370970611032
370970610023
370970612051
370850713013
371050306012
371050306023
370850709021
370850712031
370850712041
370850704022
370850711022
370850714023
370850701002
371859502005
370850709041
370190205081
370190201033
370190201041
370190201043
370190202011
371470016003
371470006031
371470002011
371470002012
371470003011
371470003023
371470003024
371590514002
371790203052
371790203051
371790203081
371790203072
371790203121
371790203101
370970609022
370970609024
370970616012
370970607032
370970612021
370970612052
370970611041
370970611023
370970612041
370970614022
370970606011
370970604002
370970609012
371590518013
371590515021
371859504002
371859502001
371290116051
370850714012
370850713021
370850705002
370850708021
370850713031
370190202012
370190202031
370190202032
370190202043
370190202044
371470003022
371470006033
371470005011
371470006022
371290121012
371290122012
371290122032
371290116035
371290120093
371290121051
371290122022
371299901000
370499601023
371119706002
371790203102
371790203112
371790203083
371790210113
371119702003
371119703002
371119705003
371119707001
371119701003
371119702002
371119707003
371119708002
371119702001
371119705001
371859504001
371859502003
371859502004
371859503001
371859501032
370210019001
370590802002
370590807001
370590804002
370270304001
370270314021
370190205094
370190205095
370510006001
370190205096
370190205101
370190205102
370190205103
371470008002
371470002013
371470014014
371910001014
371910005002
371910011022
371910011023
371910003043
371910004012
371179705004
371179701001
371179706001
370210008002
370210021022
370210004001
370210004002
370210014004
370210029003
370210001001
370210002001
370210023011
370210014001
370210015001
370210016001
370210030022
370210031021
370210023012
370210003001
370210003002
370210005001
370210009003
370210021021
370210023023
370210030014
370210031022
370210031023
370210014003
370210030025
370210008001
370210008003
370210016003
370210012005
370190205111
370190205112
370190205123
370190205124
370210029001
370210017002
370210016002
370210013001
370210005003
370210005002
370210019002
370210014005
370210030013
370210007001
370210030012
370210023022
370210029002
370210017001
370210030011
370210021011
371910018001
371910004013
371910006025
371910009012
371910013012
371910013022
371910013013
371910013011
371910009023
371899207031
370210030023
370210016004
371070105003
371070106001
371070107003
371070108002
370879201012
371899207032
371899209004
370879201022
370879201013
370879213011
371899207011
370879801001
370879206001
370879208001
370879207003
370419301014
370570619013
370850705003
371590505002
371590514004
371070114004
371419202023
370630010021
370630010022
370630010023
370630010024
370630011001
370630011002
370630013031
371090702012
371090702013
371090702022
371090703001
370630013041
370630014002
370630015011
370630015021
370630015022
370630013032
370630015031
371999603001
371999602003
371999604001
371090705003
371090708002
371090704004
371090708003
371090710011
371090710012
370939703002
370630016013
371590515012
371999602004
370630010011
371090712021
371190015072
370810172001
370810172002
371639708002
371639701005
371639701001
371639701006
371639705003
371639704001
371639704004
371639707005
371639706001
371639709002
371639710004
371639701002
371639705002
371639703011
371639702002
371639710001
371639708004
371639701004
371639709003
371419202022
371639705001
371639702004
371639703023
371639704003
371639705004
371639706002
370139301004
370139309001
371419202042
371419204031
370419301012
370810104012
371139704001
371139707004
370810119053
371759603004
370810125032
370810125041
370810125052
370810125053
370810104032
370810104041
370810105001
370810106011
370810106012
370810107011
370210030021
370210031024
370250420001
370250405001
370250406003
371330012002
371330012004
371330013003
371330013004
371330014002
371330014004
371330014003
371330015002
371330017001
370210022031
370250408002
370250408003
370250409001
370250410001
370250410002
370250410004
370810125082
370810126011
371330026002
371330026003
370810126012
370810126013
370810126041
370810126043
371330026004
371330021001
371470016004
371570405012
371570405013
371570405021
371570405022
370419302004
371119706003
371119709012
371119709013
371119706001
371119708003
371119708001
371119705002
371119701004
371119701002
371119703003
371119704001
371570407003
371570408001
371570404004
370570615002
370570615003
370570618021
370570606022
370570616003
370570603011
370570619023
370570601022
370570618042
370570616002
370570604002
370570620022
370570618033
370570601021
370570618044
370570604001
371119703001
370419302005
371119704002
371119701001
370350102023
371570413001
371570409001
371570409002
371570409003
371570411002
371570412002
371570412003
370350111011
370350111023
371570414001
370350112001
371570401021
371570406011
371570401011
371570410011
371570410022
371570406012
371570412001
371570406021
371570407002
371570405011
371570411003
371570411006
371570407001
371570413004
371570414002
371570411001
371570410021
371570413002
371570401022
371570401023
371570411005
371570410012
371570406022
371570410013
370099705005
371570414003
371570415001
371570415002
370099705003
370099707001
370099708002
370099705001
370099707002
370099702003
370099704003
370099707003
370099705004
370099702001
370099704002
371470010022
371570402001
371570402002
371570402003
370850705001
371470010011
371470011001
371470020022
371470012001
371470009002
371470012002
371470015002
371470011002
371470020023
371470016001
371470012003
371470009001
371470019002
370670041021
370850706002
370850701003
370850703002
370850702001
371470004002
371470020011
371910019002
371910019003
371910010003
371910011011
371910015001
370670028091
370670038032
370670040053
370670027031
370670029012
370670040052
370670010004
370510025042
370510026003
370510027004
370670026032
370670040122
370670026041
370670009002
370670039041
370670017001
371639709001
370670033081
370670041041
370670025012
370670035003
370670004002
370510032041
370510032042
370510032043
371639702003
371639703012
371639703022
371639708003
371639703021
371290123001
371639703013
370499613032
370499604012
370499613012
370499612022
370499610023
370499610013
370499610012
370499601011
371290115004
371290105013
371290119041
371290119035
371290119024
371290111001
371290120091
371290116082
371290116073
371290117031
371290120041
371510305042
371510305021
371510305031
371510304003
371510308021
371510305041
371510315012
371510315052
371950017002
371510303022
371539701002
371190053012
370159604006
370159603003
370159602003
371950013002
370370204022
371939609004
371939608023
371939610023
370510008001
371190061081
370670029033
371190055161
371190055093
371190055131
371190055142
370670029042
370670039051
370670040071
370370201062
370370201052
370370201031
370370201032
370370201063
370370201041
370370201042
370370208003
370370204012
370370207011
370370207021
370370204021
370370204011
371939612001
371939604001
371190055122
371190055082
371190055112
371190055221
370670041022
370670019021
370670040131
370670028042
370670017002
371190058312
370670031031
370670031033
371190058232
370670031071
370670030022
371190055123
371190055121
371190058451
370670031072
371190004002
370670004003
371190058351
371190058483
371190058401
371379501023
371539703002
370399301002
370399303001
370399306011
370399306023
371190059133
371190059122
371190062132
371190061061
371190061071
371190063041
371190062121
371190062111
371190062112
371190062101
371190061032
371190061041
370759201002
371379501011
371379501022
371379502022
371379501024
371379501012
371379502012
371379502013
371379502014
370999503004
371190063021
371190055202
371190055201
371190058441
370670030023
370670034021
370570612014
370670036003
370670027022
370670027011
370670031061
370670011003
370670028062
370670033091
371190057121
371190057122
371190058261
370670031081
370670032012
370670032014
370670032021
370999503001
370999504001
370999509002
370999502002
370999506003
370999502001
370999506004
370999507003
370999503002
370999505002
370999507001
370999402003
370999505001
370999402001
370670037033
370670026011
370670022001
370670016021
370670027032
370670028061
370670025013
370670020022
370670037013
370670030041
370839301003
370839307004
370839305023
370839303002
370839309002
371070110012
370630020081
370630018013
370630014001
370630002003
370630020133
370630002002
370630020181
370630021001
370630001011
370630001012
370839311002
370630001021
370839311007
370839308001
370839311006
370839306003
370839309006
370839308002
370839311005
370839301002
370839309004
370839310002
370839308003
370839309003
370839302002
371070110022
371139703022
371139701002
371139705011
371139705021
371830530052
370630002001
371830542042
371830542041
371830542112
371830542111
371830544032
371830544042
371830544033
371830528082
371830532071
371830534132
371830534141
371830534122
371830536091
371830541041
371830541131
371619611022
370630003021
370630003022
370630003023
370630004011
370630004012
370630004013
370630003011
370630003013
371619603001
371619603004
371619611021
371619603003
371619611013
371619611014
371619606001
371590514003
370210020001
370210020003
370210020004
370210011002
370570617021
370570617024
370531102001
370531103022
371619607004
371619601002
371619611011
371619609001
371619605005
371619607005
371619604002
371619609003
371619603002
371619609002
371619602001
371619602002
370079204001
371619612003
371619610003
371619605001
370079205003
370079206001
370079202001
370079203003
370079205001
371259501002
370570610003
371259502002
371259505012
371259501001
371259505021
371259502003
371259512003
371259505024
371259509003
371259501003
371259504011
371259507011
371259505011
371259503011
371470020012
370079205002
371259502005
371259502004
371259505023
371470020013
371470017001
371470006021
371470020021
371470019003
371470013031
370839309001
371470001002
371470001003
370570606012
371470001004
371470002022
371259507012
371259507013
371619608005
371470004001
371470004003
371470007013
371259508013
370010204001
371470007011
371470013012
371470013022
371259508012
371259508011
371259509001
371259509002
371259510002
371139706003
371139706005
371139707003
371139703023
371139707001
370570613002
370570615001
370570618043
371139703013
371139703012
371139703011
370570619012
371470013011
371470005023
371470008001
371470014021
371470010021
370570609005
370570611002
370570605003
370570615004
370570609001
370570609004
370570605001
370570617022
370570605002
370570601012
370570618023
370570604003
370570606021
370570614001
370570601023
370739702003
370570607001
370570618024
371470014022
370739701004
370739701001
370739701002
370739703003
370739701003
370739702002
370739703002
370739703001
370739702001
371619612001
371899209001
371470014013
371470014012
371470018001
371470018002
370570610001
370570612021
370570616001
370570618022
370010210001
371470018004
371470018005
371470020024
371470006011
371470011003
371470016002
370799503001
371819608001
371739602002
371819604001
371350112031
371350121004
371590515011
371590513032
371590513033
371590513034
371950001003
371950003001
371590520002
371590507002
371590507003
370899303002
370899308001
371819610002
370299501020
370899309002
370899311001
370899311002
370899312001
371950011001
371950014001
371950006005
371950009002
371950006002
371950014002
371950010001
371950015002
371950017001
371950012003
371950012001
371950011002
371950015003
371590515013
370799503004
370799503002
370799502002
370899316001
371590507004
371590510023
371590511012
371590512021
371590512042
371590513021
371590513031
371190019102
371950015001
371950013003
371759605004
371759603001
371759606003
371759601001
371759602001
371950009001
371950013001
371950001004
371759601002
371759603006
371759604011
371759605003
371759606002
371759601003
371759603005
370710313021
370710315002
370710307003
370710326002
370710310011
370710319001
370710322002
370710334003
371350121002
370610903003
370710315003
371190060061
371190056043
371190056053
371190064071
370710307001
370710307002
371899202002
371899202003
371899204004
371899201003
371899201001
371899204001
371899208002
371899204003
371899209002
371899203002
371899209003
370010204002
370710310012
370710310013
371190058313
371190058311
371190058111
371190058112
371190058121
371190058152
370610904002
370010203001
370010203002
370010203003
370010203004
370899302002
370899302004
370899305022
370899302003
370710313023
371190058231
371190060051
371190059062
370010203005
370479309005
370810119042
370810119052
371190059131
370010204005
370710313024
370899314004
371190059111
371190059132
371190059181
371910003023
371910006012
371910007001
371910007002
370570619021
371190061091
371190061082
371190062031
371190062032
371899206011
371899206012
371190062033
371190062081
371190063022
371190064031
371190064062
371270106021
371270106023
371270105041
371270106022
371270105043
370559706010
370559704003
370559703000
370559705023
371499203042
371499201041
371499201012
370010205012
370499606001
370499608001
370610907022
370010205022
370010207012
370710316002
370710313011
370710315001
370710313012
370710325021
370710319002
370710325022
370710317011
370710317012
370010201001
371050304023
371050307011
371050305034
371050301012
370010202004
370010202003
370479306001
370479306003
370479308001
370479310001
370479307004
370479306004
370479307005
370479301003
371290102001
370919504021
370919504011
371350112052
371350121003
371350112053
371350107033
371350116011
371330006001
371330022012
371330009004
371330011021
371330011012
370810154024
370810161023
370779706012
370779707032
370779701012
370779707011
370779702002
370779701021
370779706011
370779706033
371290104001
370810102002
371290103002
371290114002
371299801001
371290119031
371290105012
371090710013
371090709021
370670037022
371350112051
371350111014
371330022011
371330014001
371330017002
371330012005
371330015001
370810157042
370810157061
370810106024
370810154011
370810159011
370810126094
370810160051
371290119032
370810161031
370810161032
370810161033
370779707022
370779707041
370779706031
371290104003
371290116052
371290119034
371970501021
371290116062
371290117011
371290120071
371379901000
371090711011
371090712031
371090712022
371090711013
371090712032
371419202021
370270307001
370610902003
370010216003
370010217022
371330028004
371050301023
371330009003
371330009005
371330009002
370810163061
370810167011
370810167012
370810144092
370810161021
371290109001
371290113002
371290107001
371290119033
371290116031
371290116081
371379502021
371379502011
370270303001
370270314022
370270314023
371090711022
371350117001
371350109021
371350107051
370010212041
371939607002
371939605003
371939611001
371939601002
371939606002
371939608021
371939607001
371939609003
371939601001
371939601005
371939602001
371939604004
371939604003
371939601006
371939608012
371939604006
371939603002
371939612004
371939611002
371330007002
371330011011
371330011024
371330022021
370810163032
370810163041
370810167021
370810125042
370810125101
370810125102
371290108001
371290120072
371290116083
371290116061
371290119042
371970501013
371970502001
371970502003
371970505012
371970501022
371970504002
371970503006
371970501011
370690604011
370759203002
370759203003
370759203004
370759202002
370690604021
370690602001
370690601003
370690608011
370690603013
370899307011
371350107052
371350118001
371350119011
371350107053
371350118002
371350107034
370970605001
370970611022
370970610024
370970611031
370970608011
370970612031
370970614021
370970614072
370970614013
370970614061
371190012002
371190013001
371190013002
371190013003
370570609003
370570610002
370570607004
370570608002
370570608003
370850712021
370850712032
370850711021
370850710012
370850713022
370850711023
370850712022
370190203042
370190203062
370190203071
370190203082
370190203092
370190203093
370190203101
370190203102
371470005012
371470010031
371470006034
371470005013
371830534053
371830539004
371830541154
371830542081
371830542092
371830542061
371830536042
371839802001
371790203082
371790203152
371790210111
371790203111
370570611003
370570612012
370010206021
370010212012
370570609002
370570607002
370419302001
370419302006
370419302003
371190005001
371190005002
371190005003
371190006001
370399302001
371739603021
371739802001
371739401001
371190006002
371190007001
371190008001
370970608013
370970610021
370970612053
370970612011
370970612054
370970614062
370970614052
370970615011
371999601021
370959902000
370799501012
370799501022
370839311001
370839311004
370970615022
370970616022
371499201031
371499203011
371499201011
371499202002
371499203031
371499201042
371499203041
370899304012
370690608022
370690603012
370690601004
370690601001
370690602002
370899307022
370899801001
370899307021
370899315001
370899318023
370899316003
370899318012
370899315003
370899320002
370899301002
371190010003
371190008002
371190009001
371190009002
371190010001
371190010002
371790203113
371190011001
371190011002
371999604003
371399605012
371399605011
371399607020
371399605031
371179701003
370850709011
370850708011
370850713033
370999506001
370999508002
371830544043
371830536102
371830527013
371830531113
370190203103
370190203104
370190203105
371190014001
371190014002
370190204024
370190204025
370190204026
371470017002
371470010032
371470010033
371439201004
371439201002
371439201003
371439201001
371539707002
371790203151
371790210103
371790210072
371790205011
370970613021
370970613041
370970612042
370970612032
370970614042
370190204034
370190204043
370190205071
370190205072
370190205073
371470013032
371470015001
371470002021
371470005021
371790204033
371790206022
371790210081
371790210132
371790210152
371790203173
371790203061
371790210041
371910006011
371650101023
371650101012
371650102004
371650101024
370970614031
370970614032
370970616021
370970613031
370970613042
370970613032
371330028003
371330028005
371330001024
370190205082
370190205091
370190205092
370190205093
371470005022
371470006032
371470006012
371470013021
371790203171
371790203172
371790210112
371790210142
371910004022
371070102003
371070102001
371070103001
371070104001
371070105001
370970614041
370970611042
370970614012
370970614051
370970614011
370970614081
370630010012
370630017052
370630017053
370630017061
370630017072
370630017071
370630018092
370630022001
371090705002
371090708004
371090706002
371090706003
371090708001
371090705001
371090704002
371690705012
371690701004
371690703001
371690705013
371690705034
371690707004
371190055213
370630017101
370630017102
370630017111
370630017112
370630017113
371910001013
371910009013
371910006022
371910001012
371910002003
371910012001
371910006021
371910010002
371910009011
371910002001
371910011021
371910012002
371910001022
371910002002
371910003021
371910014005
371910020001
371910015002
371910010001
370970603001
370630020071
370630020131
370899303001
370899304021
370899308003
370899305021
370899303003
370630020262
370630020151
370630020152
370630020161
370899308002
370899309001
370939703004
370939703005
370939703003
370630016031
370630016033
370630016043
370630017051
371290110001
371290112003
371290112002
371290113001
370630017073
370630017081
370630017091
370630017093
370630018012
370630018021
370630018022
370630018023
371690705011
370630020073
370630020091
370630020092
370630020093
370559902000
371190019183
371190057102
371190019171
371290116033
371090709022
371090711021
371090702011
371090703002
371090709023
371090707001
371090710022
371090704003
371090704001
371090707002
371090706001
370630010013
371290114001
371090701001
371090701002
371090701004
371090701005
371090701006
371090702021
371790208004
371790209012
371790209022
371790201002
371790202021
371790208005
371290116032
371290117012
370650203004
370650204001
370650204005
370650209001
370650210001
370710323023
370650210003
370650210004
370650212002
370650215002
370710332021
370970606022
370970611012
370970607022
370970607021
370970610012
370970612013
370970601001
370970601002
370970603004
370970607031
370970608022
370970609021
370970604004
370970602001
370970608021
370970603003
370650204004
370650212004
370650215001
370970601003
370970601004
370970602002
370970603002
370970609023
370970607012
370970604003
370970604001
370970605002
370970605003
370419301013
370710334001
370710334002
370710329002
370970606012
370970607011
370970610011
371330028001
370970610032
370779705001
370779702003
370779705002
370419302002
370970610031
370970611011
370970611021
370970612022
370970612023
370970613023
370810162012
370970615012
370970615021
370970615032
370970615031
370970616011
370970616023
370810127042
370810127043
370810127051
370810127052
370810127061
370810127062
371330005001
371330025001
371330003011
371330001021
371330010001
371330001031
371330013001
371330002014
371330001022
371330023002
371330012001
370810113003
371330018001
370810127071
371330021002
371330021003
371330022022
370190204035
371779601001
371779601000
370250411002
370250411003
370250412001
370139307002
370139303001
370139302002
370139305012
371330022023
371330023001
371330024003
371330024004
371330024002
370810103002
370810139001
370810125091
370810125084
370810104031
370810158001
370810152001
370810153001
370810171001
370810104043
370810170002
370810151002
370810112001
370810155002
370810112002
371459205002
371459206022
371459204001
370250420002
370250420003
370810107022
370810109001
370810109002
370810111022
370810114002
370810107012
370810107021
370810113004
370810115003
370030404004
370810116012
370230203014
370230214001
370810126121
370810126171
370810127031
370810127041
370030405002
370030407001
370030401002
370030402001
370030406001
370030406003
370030404005
370030402002
370030404003
370030403001
370030407003
370030405003
370230205001
370230205002
370230206002
370230206004
370810116013
370810116021
370810116022
370810126081
370810126091
370810126092
370810126101
370810126102
370810126071
370810126112
370250422001
370250422002
370250422005
370250423001
370250423002
370710322001
370230214004
370230209001
370230209004
370230210004
371459204002
371459205003
371459206012
370250412003
370250406002
370250422004
370250412002
370250406001
370250408001
370030405001
370030401003
370030403002
370030404002
370030402003
370030405004
370030406002
370030407002
370030401001
370030404001
370030407004
370570606011
370250423003
370250423004
370570602032
370570602031
370570603021
370570618041
370570617012
370570612011
370570617032
370570620023
370570617013
370570603031
370570617023
370779706021
370250410003
371899203001
371899206013
371899207033
371899206021
371899207022
371899207021
371859503003
370779705003
370779703003
370779701013
370670026033
370779702001
370779703001
370779703002
370779704001
370779704002
370779704003
370779707031
370779707021
370810103001
370570620024
370570620013
371039201002
371239604011
371239602002
371239604012
371239601004
371830528014
371830528021
371830528023
370779707013
370779701011
370779706022
370779701022
370779706032
370779707012
371510301002
371830531073
370210006001
370210006002
370210009001
370850703001
370850706001
370850704021
370850707003
370850710021
370850710022
370850711011
371830535174
371830535172
371830535171
371830535052
371830535061
371830535062
371830535071
370190204033
370190204042
370190205052
370190205062
370190205074
371510315041
371510301001
371010402013
371510302011
371510302012
371510302013
371510302022
371510303011
371510303013
371510305022
371510305023
371010407002
371010401004
371010401005
371010404001
371010408003
371010412012
371010413003
371010405001
371010414003
371010405003
371010414004
371010413002
371010401001
371010414005
371010406002
371790206011
371010406003
371510308011
371830535181
371830535182
371510308023
371510309003
371510310002
371010401002
371010402014
371510310004
371070112002
371070101002
371070106003
371070114001
371070111004
371070111002
371070112001
371070109003
371070104002
371510310005
371510311002
371510311004
371510311005
371510312001
371070107002
371070108001
371070108003
371070111001
371070113001
371790205013
371790202041
371790206012
371790201003
371790209013
371790202022
371790202023
371790202043
371790208001
371790209023
371790201001
371790202042
371790210051
371790202024
371790209011
371790204012
371790207012
371790203091
371790207022
370190201031
371510312002
371510312003
371510312004
371790208003
371790203131
371510314002
371510315042
371510315053
371510315051
371510315032
371510316011
371010403021
371010403011
370190205121
370190206012
370190206031
370190203081
370199901000
370190201021
370190201032
370190203032
370190203041
370190203091
370339302001
370190205041
371510316012
371510316013
371510316021
371830527012
371010404002
371010405002
371010406001
371010407001
370339302004
370339306003
370339303001
370339301002
370339304001
370339303004
370339303002
370339303003
370339306002
370339305002
370339304002
370339302002
371510307002
371010407003
371010408001
371010408002
370010218021
371010413001
371010413004
371010414006
371010401003
371010405004
371010414002
371830528024
371830528031
371830531071
371790204011
371790204044
371790204043
371790204042
371510310003
371510307001
371510315031
371510313051
371510304001
371510309001
371510308013
371510313063
371510307003
371510306002
371510309002
371510311003
371510310001
371830524062
371510308012
371510306003
371510311001
371510302023
371510306001
371510308022
371790204041
371790205021
371790205012
371790207021
371790208002
371330002011
370010210003
371830535132
371830535242
371899202001
371830537232
371830537071
371830523012
371830530083
371830524061
371830543013
371830537142
371830541153
371830542051
371830542031
371830542103
371830544031
371830543023
371830543014
371899204002
371070106002
371070107001
371070110013
371070113004
371899208001
371899201002
371899210001
370670034041
370670033141
370670027034
370670040111
370670012001
370670003011
371830537131
371830521011
371830537093
371830525043
371830541051
371830537112
371830535161
371830535193
371830524072
371830537261
371830541142
371830541141
371830536041
371830535203
371830525071
371830534131
371830534211
371830534121
371830536081
371830531082
370670039092
371830537201
371830528071
371830531102
371830530094
371830532031
371830534092
371830534081
371830534123
371830538084
371830536051
371830535212
371830535191
371830536062
371830537111
371830536013
371830537181
371830541081
371830531081
371830542071
371839801001
371939610011
371830537151
371830537152
371830501001
371830531092
371830538041
371830541103
371830540181
371830524063
371830535162
371830525062
371830537224
371830537223
371830540142
371830541053
371830540042
371830540043
371939601003
371939606001
371939610022
371939610021
371939610013
371939601004
371939605002
371939610012
371939608024
371939608013
371939602003
370010211023
370010218013
370010219011
370010211012
370510033132
370510030014
370510032053
370510037003
370510030011
370510031032
370510034021
371270113003
370510034041
370519801001
370510009002
371830540012
370510009003
370510032013
370510033052
370250417012
370250421022
370250407032
370250411004
370250405002
370250405003
370250407022
371830542052
371830543011
370210010001
370210022043
371830543025
371830544021
371830509003
371830514004
371270107001
371270107002
371270114001
371270111022
371270109001
371270114002
371270105021
371270110002
370879209001
370879213022
370879201011
370879213024
370879206002
370879213012
370879210002
370139303003
370010202002
370139305011
371679312022
371679310004
371679311003
371679305003
371679311004
371679301021
371679308011
371679311001
371950001002
371830535093
371899205001
371830541092
370010201004
370010201002
370010212062
370010207021
370010206013
370510032031
370510005003
370570601024
370570602014
370570619022
370510006003
370510006005
370510009005
370510009006
370510011003
370250419021
370250419022
370250421012
370250421014
370570603012
370250422003
370250407021
370250417011
370250421011
370350103013
370350103011
370350102024
370350103043
371950005023
371950005022
371950002001
371950007002
371950005011
371950005012
371950005021
370010208023
370010208012
370010208021
370010204004
370010217021
370010210002
370010208025
370010202001
370510032014
370510012002
370510017003
370510020011
370510020024
370510021003
370510025033
370510030013
370250416012
370250421013
371790203161
370250425021
370250426021
370250426041
371050305011
370850713034
371790203063
371790203073
371790203162
371790210062
371790203141
371790203142
371790210091
371790210061
371790207011
371790206013
371790209021
371790205022
371790210042
371790210151
371790210141
371790203103
371790210083
371790210071
371790210082
371650101021
371650106005
370250413031
371139703014
370010211011
370010207022
370010217023
370010207011
370010206012
370010207013
370510032033
370510033022
370510033142
370510007021
370250407011
370250407012
370250407023
370250411001
370010216004
370250413021
370350117021
370350101022
371190062043
370010209012
370010211022
370010209011
370010208011
370010208026
370510024021
370510025013
370510033111
370510033123
370510007011
370250405004
370250413022
370250413023
370250413032
371179703002
371179704002
371179705002
371179705001
371179702003
370010207023
370010211021
370010212051
370010212063
370010212052
370010215004
370010212042
370010220012
370010218012
370010217031
370010207024
370010205011
370010201003
370010213002
370010217032
370010207014
370010209013
370010215001
370010213005
370010213004
370010220021
370010220022
370010220023
370010219022
370010214002
370010218022
370510034071
370010219021
370010218032
370010219012
370010205021
370510007012
370510007022
370510012003
370510016031
370250415012
370250415021
370250415022
370250415023
371050301022
371050304013
370010205023
370010217013
370010217012
370010208022
370010212072
370510016032
370510016042
370010211013
370510016043
370510017002
370510019022
370510020012
370250415011
370250417021
370670039091
370670040141
370250419012
370250419023
370250421021
370250422006
371590511022
370510020021
370510020022
370510023003
370510024011
370510024012
370250424021
370250424022
370250424023
370250425011
370250425012
370250425031
370250425041
371050304022
371050304021
370510024022
370510024023
370510025012
370510025023
370510025032
370250424011
370250426011
370250426012
370250426022
370250426023
370250426032
370510031031
370510031033
370510031042
370510032012
370510032032
370510033053
370510033091
370510033101
370510033102
370510033103
370510033121
370510033122
370510033124
370510033131
371050304024
371050305031
371050305021
370510033141
370510033143
370510034012
370510034022
370510034031
370510034042
370010218031
371050301013
371050305033
370510034051
371150105002
371150106004
371150102002
371150105003
371150104002
371150107001
371150102001
371150106002
370510034061
370999503003
370510034072
370510034081
370510034082
370479311003
370510036002
370510038001
370510038002
370510038003
371270103005
371270105044
371270113001
371270104001
371270106011
371270112003
371219503001
371219504003
371759605001
371759604022
371759603003
371759603007
371759604012
370999506005
370999507002
370999504002
370999505003
370999509001
370999402002
370999506002
370999508001
371319201001
371319203002
371319204011
371319202003
371319203001
371319202004
371319204012
371319201004
371319201006
371319201003
371319202002
371319203004
371319202001
371319202005
371319201005
371319203006
371319203005
371319203003
371319201002
370119302001
370839305024
370839302005
370839305013
371259508022
370650210002
370650209003
370119301003
370119303012
370119303021
370119304001
370119304002
370119302002
370119302003
370119303011
370119303013
370119303014
370119301001
370119301002
370119303022
370119303023
370119304003
370810137004
371510304002
371510301003
371510305032
370810128041
370810128042
371319204021
371319204022
370810136011
370810136021
370810136023
370810136024
370810137001
370810137002
370850712042
370850713012
370850704023
370850709042
370850708022
370850714022
370970612012
371690707003
371690705041
371690706003
371690702001
371179706003
370570607003
371999602001
371999604002
370570614003
370370201051
370370204013
370810138001
370810138002
370810138004
371999601011
370810144071
371350107011
371350107041
370570614004
370810157052
370810157053
370810157062
370810157071
371350108012
371350110003
370810157073
371290122011
371290120101
371290120081
371290120062
371290120103
371179703001
371179702002
371179704003
371179704001
371179705003
371179703004
371179702004
371179702001
371179703003
371179701002
371179706002
370570602012
371899205002
371270105022
371559601022
371559601023
371559605031
371559602021
371559607022
371559604011
371559608011
371559608013
370350113001
370350102012
370350102013
370350104011
370350106001
370810139003
370810144072
370459503014
370459501013
370459501022
370459503021
371259503022
371259503014
371259506012
371259505022
371259505014
371259506021
371259506022
371259503021
371259502001
371259503012
371259506011
371259503013
371259505013
371259504021
371259504023
371259508021
371510303012
371259510001
371259503023
371259504012
371090711012
371510303021
371510305033
371510314001
370570613001
370570617033
370570618034
370570603041
370570612022
370570618032
370419301022
370570612013
371439201005
370939701023
370939704012
370939704021
370419301021
370419301020
370419301010
370810160032
370570614002
371010411023
371010411011
370810159012
370810160062
371010409023
370810160071
371190057132
371190061051
371010403022
371010402033
371010410011
371010415011
371010411031
371010411022
371010411021
371010402012
371010415022
371010404003
371010410012
371010409011
371010403013
370350114022
370810160072
370810160073
371290121032
371290122021
370810145032
370810152002
371570416011
371270108002
371270111012
371270111025
371270106024
371270104002
371559613021
371559613023
371559620011
371559604012
371559608014
371559601012
371559607013
371559620013
370350102022
370350116012
370350114021
370350101013
370350115031
370350114012
370350114013
370350110001
370350105011
371690701001
370810161012
371650101011
370350109001
370459516011
370459501014
370459501021
370459503013
370459503012
370459506022
370459506024
371259506023
371259504013
371259504022
370810168004
370810169001
370810169002
370810171002
371510314004
371510305043
371510315013
371510315014
371510313032
371910006013
371910003022
371910003041
371910006024
371439202022
371439202021
371439202013
371419201012
371419901000
371419201031
370419301011
370459503011
370459516013
370459516012
370459515031
370459515013
370459506012
370810160081
370810160092
370810160101
370810160102
370810160111
371690701003
371690707001
371690704002
371690703002
371690704003
371690706001
371690702003
371690705014
371690703003
371690705042
371690702002
371690701002
371690707002
371690705033
370559704001
370810144081
370810145011
370810145021
370810145022
370810145031
371559605022
371559613022
371470014011
371470009003
371470007014
371470020025
370810137005
371190019161
371050302003
370810157031
370810158002
370459515021
370459515012
370459504002
370459516023
370459516022
371119709011
371119709022
371510313031
370299501011
370299501022
371510305044
371510313041
371510313061
371510313062
371050304011
370810161022
370810168001
370810168002
370810168003
371419206022
371470003012
371190057143
370810160113
370810160114
370810161011
370810162031
370810162051
370810163031
370559701022
370559703001
370559705011
370559701021
370810139004
370810140001
370810140002
370810142001
370810142002
370810142003
370559701020
370559705010
370559706020
370810143001
370810143002
370810144061
371399601002
371399607012
371510314003
371510315043
371510313042
371510315011
371510313043
370690601002
370839306002
370839307002
370839308004
370810116023
370810119041
370810143004
370899313002
370899305011
370899310001
370899317001
370899301001
370899306001
370899307032
370899316004
370899319022
370899301003
370899313001
370899305012
370899304011
370810163051
370810163052
370810164051
370810164071
370810164072
370559706014
370559706011
371830524011
370559702004
370559702003
371830525051
371830527063
371830541061
371830528033
371830530091
371830537113
371830537251
371830537252
371830541063
371830530031
371830525061
371830534151
371239605004
371350116021
371350117002
371830530041
371830532012
371830531091
371830532022
371830532011
371830532061
371830532041
371830534093
371830534201
371830532072
371830534242
371830534202
371830534111
371830534112
371830538061
371830534142
371830535211
371830538032
371830538062
371830535221
371830537091
371830537121
371830537191
371830538051
371830539002
370139306002
370139310002
370139301006
370139304001
370139309003
370139307001
370139310001
370139301002
370139301003
370139301001
370139308002
370139309002
370139306001
370139302001
370139310003
371830542091
371510313052
371650105002
371350110001
371350110004
371830540134
370810127072
371830537211
371830540143
371830540162
371830540131
371830541083
371830541132
371830542102
371830541082
370559705022
371050302001
371050303001
370899314003
370899314002
370899314001
370899310003
370899304022
370899310002
370899310004
370899319011
370810164081
370810164101
370810164102
370810165032
370810165051
370810165052
370559703003
370559706021
370559706013
370559705021
370059501001
370559706012
371350110005
371350111013
371350112021
371350112023
371350112032
371350113001
371350114001
371350114002
370059501004
370059501003
370059502003
370059503003
370059502002
370059502004
370059501002
370059503002
370059503001
370059502001
370810167013
371350115001
371350121001
370899307033
370899319013
370899319012
370899319021
370899318011
370899318022
370899310005
370899312002
370810165061
370810165062
370810165063
371350108013
370819801001
370810105003
370810108001
370559703004
370670040132
370670040072
371350111015
371350108011
371350107043
371350111012
371350109011
371350119012
371350112022
371350112042
371350108022
371350108021
370810125114
371330003023
371330004011
371759605002
371330013002
370139304002
371330003024
371330004031
371330004022
371330028002
371330026001
371330025002
371330001023
371330001032
371330003013
371330003022
370899313003
370899313004
370899302001
370899306002
370899304023
370899307031
370899318021
370810108002
370810110003
370810111021
370810125031
370810125051
371830528064
370810126014
370810126042
371650101022
371290116072
371290107002
371290103001
371290109002
371290103004
371330008001
371330011022
371330011023
371830538031
371830527073
371830528084
371830529022
371830530051
371830530071
371830530072
371830530042
371830529042
371830529021
371830528072
371830534161
371830534181
371830531103
371830531101
371830529041
371330006003
371330024001
371330011013
371330009001
371330004023
371330018002
371290106001
370899316002
370810126111
370810126123
370810137003
370810138005
370810139002
370810143003
370810144111
370810157072
371290116034
371290116071
371290118003
371290111002
371830541055
370690603022
370439501003
370439502003
371830530082
371830541043
371830541042
371830541052
371830524041
371830545001
371830521021
371830540121
371830540171
371830516005
371199803001
371190003001
371830507003
371830528062
371830523021
371830524091
371290115001
371830535222
371830535231
371830536071
371290121011
371290105024
371290112001
371290110002
371830535053
371190058292
371190056122
371239602005
370710331003
370570605004
370570611001
370570602013
370850704012
370850701001
371290118001
371290120014
371290117032
371879502001
371879502002
371879502004
371050305022
371050303002
370479310002
370531104012
370531103012
370531104020
370531104011
370630020192
370630015023
370630020283
370630020202
370630001022
370630006003
370630015024
370630017062
370630017075
370630018062
370630018073
370630018091
370630020153
370630020162
371830530092
371830528032
370570619011
370570620011
370570603032
371879502005
371830525031
371830530081
371830525032
371830535051
371830535122
371830520021
371010411014
371830528011
371830544023
371010414001
371010409012
371010411013
371010402022
371010402032
371010415032
371010410023
371010409014
371010409021
371010402021
371010410021
371010415023
371010411032
371010412023
371010402011
371010411012
371010410013
371010402031
371010402023
371010409013
371010415033
371010410022
371190058361
371190062042
371190058271
371190019202
371190059172
371190059151
371190059161
371190059162
371190064032
371190016082
371190058381
371190058362
371190058372
371190001003
371190058373
371190001005
371190030122
371190058282
371190056121
371190058291
370710309021
371190030082
371830518002
371830519002
371830545004
371190053082
371190055246
371190061031
371190059092
371190061042
371830545003
371190061043
371190060103
371190058233
371190058234
371190060073
370919501005
371830510002
371830514001
371830514005
371830515011
371679309001
371679302001
371679310001
371679303002
370630020173
370630020183
370630020193
370710302052
370710304012
370710304023
370710306012
370710314011
370710317031
370710317041
370710324022
370710325071
370710332031
370710335002
370710303021
370710306011
370710308022
370710315005
370710333061
370710301012
370710302041
370710302051
370710305011
370710305023
370710325082
370710308012
370710310032
370710317013
370710324011
370710324021
370710333071
370710333072
370710305022
371830515012
371830516004
371830517001
371830534221
371419204022
370710333042
370710302042
370710303022
370710304022
370710325072
370710310031
370710314021
370710317032
370710301022
370710308021
370710301011
370710302031
370710303011
370710305012
370710308011
370710313022
370710309011
371470013033
370710335001
370710301021
370710304011
370710304021
370710305021
370710308023
371139701001
371190058482
371190054013
371190058472
371190058473
371190054032
370959201002
370959201004
371830535251
371830538083
371830543021
370959901000
371830504002
371830506002
370539901000
370531102002
370531101021
370630020271
370630020211
370630020212
370630020221
370630020222
370630020231
370630020232
370630020242
370630020243
371010403012
371010411033
371010409022
371010415012
371010415013
371010415021
371010412011
371139706001
371139703021
371139707005
371139702003
371139706004
371139706002
371139702001
371139704002
371139702002
370879205001
371139702004
371139707002
371139704003
371190055192
371190019172
371190057173
371190055141
371190058412
371190058411
371190058432
371190058333
371190055244
371190060102
370710310041
370710310042
370710312012
370710312021
370710314012
370630020251
370630020252
370630020253
370630020273
370630020282
370630023001
370630023002
370630018024
370630018071
370630018072
370630018081
371190059091
371190062152
371190057151
371190058301
371190064041
371190031081
371190031062
371190031023
371190057171
371190055245
371190060092
371190055241
371190055242
371190060062
371190062092
371190021002
371190058431
371190058421
371190058422
371190058162
371190058452
370710314022
370710315004
370710317042
370710319004
370710324012
370710324013
371399607022
370710322003
370919502001
370919502004
370919501001
370919501006
370919501002
370919503001
370919502003
370919502002
371950007001
371950017003
371950001001
370879213023
370879203004
370879210003
370879204002
370879202003
370879202004
370879202001
370879212002
370879204001
370879208002
370879205005
370879203002
370879205002
370879212003
370879203003
370879205004
370879202002
370879203001
370879211001
371719305011
371190057172
371190057161
371190031033
371190029061
371190019203
371190058331
371190030163
371190030171
371190056213
371190032031
371190032032
371190043042
371190060104
371190062142
371190062141
371190027021
370710325061
370710325062
370710327032
370710327033
370710327042
370710327043
371719302012
371719305012
371719308021
371719308011
371719306003
371719308023
371719308013
371719310031
371719307003
371719301021
371719311022
371719310024
371830511021
371559603002
371830512001
370459514003
371830512003
371830514002
371830515021
371590512013
371590512012
371590513035
371590503002
371590503003
371590518012
371590516004
371590515022
370210002002
371190032041
371190056203
371190032042
371190056212
371190033003
371830516001
371830516003
371830516002
371190062091
371190062093
371190064061
371190064063
371190059071
371830517002
370710327044
370710332033
370710332041
370710332042
370710333041
371830518003
371830519001
371559603004
371559604013
371559605023
371559606001
371559606003
370459510001
370459502003
370459513002
370459511003
370459506011
370459503022
370459508002
370459508001
370459516024
370459502004
370459514005
370459507005
370459502001
370459513001
370399301004
370210004003
370210011003
370210012004
370210022044
371190056102
371190020024
371190056091
371190056101
371190056042
371190055233
371559609001
371559610001
371190061072
371190029051
371190029033
371190055151
371190038071
370710333051
370710333053
370710302053
370710309022
371559610002
371559611001
371559612001
371559612002
371559612003
371559613024
371559613025
371559618024
371559618011
371559619001
371559619005
370919501003
370210031044
370210032041
370210020002
370210031031
370210009002
370210022033
370210022042
370919501004
370919504022
371190055172
371190055171
371190038063
371190055191
371190055182
371190055092
371559602022
371559603003
371559616021
371559619002
370399302002
370399304004
370399304001
370399304002
370399306021
370399306012
370399304005
370459501011
370710311012
370710312011
370710328004
370710331002
370710332032
370459514001
370459503024
370459505001
370459514002
370459501012
370459502002
371559606002
370459503023
371539710002
371539703003
371559619003
371559620012
371559616011
371559618022
371559617002
371559616023
370319710011
370319701033
370319703011
370319708011
370319705011
370319704022
370319709022
371559604021
370319701032
370319707034
370319709011
370270301004
371559611002
371559617003
371559615003
371559618023
371559615001
371559604022
371559601021
371559615004
371559619004
371559615002
371559605021
371559609002
371559616022
371559610003
371559602013
371559616012
371559617004
371559617001
371559607011
371559604014
371559614002
371559614001
371559602011
371559603001
370370202003
370370205003
370370206003
370370208001
370370205001
370370207022
370210024022
370210022053
370210022062
370210024013
370210026053
370210025032
370210026032
370210026051
370210026062
370210026064
370210027012
370210028032
370210031043
370210032021
370210032023
370210032032
370690605021
370210032051
370690604022
370690608012
370270304002
370270301006
370710303012
370270305002
370270301005
370710333043
370710301013
370710302032
370319708032
370710306021
370710306022
370710318005
371539705002
370270302004
370270305001
370270313004
370319711022
370319703012
370319703043
370270301002
370319706011
370319707032
370319704011
370319704021
370319704032
370319705022
370319710021
370710321002
370799501021
370799501013
370459504001
370459504003
370459504005
370459504006
371010412021
371010415031
371010403023
371010412022
371190056111
371190060071
370710319003
370710320001
370710320002
370710320003
370710321001
370690605023
370710321003
370690606003
370690607002
370690607001
370690605022
370690604023
370690605011
370690603021
371679307001
370270301001
370710309012
370710311011
370710311021
370710311022
370710312022
370710314023
371539706001
371539708001
370270310002
370270302003
370270311004
370270303002
370270307003
370710318001
370710318002
370710318003
370710318004
371539708003
371539709002
370570602021
370270310001
370319710022
370319701011
370319701022
370319703013
371779601002
371779601003
370270308003
370270308005
370270308001
370270305003
370270311002
370270313002
371539709005
371539709001
370270313003
370270312021
370270302001
370270304004
370270304003
371679307002
371679302002
371679301022
371679301023
371679310005
371679309003
371679307003
371679312014
371679312016
371679312012
371679310003
371639710002
371639706004
371639707002
371619612002
370270309004
370270301003
371639706003
371639707003
371639707004
371639708001
371639710003
371639701003
371639702001
371639704002
371639707001
371639708005
371719311021
371719303012
371719302021
371719302022
370270311003
371679312013
371679305001
371679305002
371539708002
370270312012
370270303003
370270314031
370270310003
370270312014
370270306003
370270302002
370270312011
370270308004
370270313001
370270311001
370270309003
371999601022
371999602002
371999603002
371999601012
370270312022
370270303004
370270309001
371070110021
370270309002
371070101001
371070101003
371070109002
371070112004
371070112003
371070111003
370099703002
371619610005
371539709003
370099708001
370099702002
370099707004
370099708003
370099703001
370099704001
370099705002
370099704004
370099707005
371270108001
371539710001
371539710003
371539711002
371270104003
371270105023
371270105024
370570608001
370570611004
370570603042
371950004002
371950004003
371950004001
371539705001
371270111024
371270112002
371270113002
371270103006
371270115002
370299501023
370299501021
370299501012
371539706002
371539707001
371539707004
371950003002
371950006001
371950006003
371950006004
371950007004
371270111011
371270112004
371270102003
371270105025
371270115004
371270115001
371270110001
371270108004
371270102001
371270103002
371270111021
371270102005
370179503001
371270102002
370179504005
370179506002
370179503004
370179503005
370179505001
370179503003
370179506007
370179501003
370179504001
370179502002
370179501002
370179501004
370179503002
370179501005
370179506005
370179502001
370179505006
370179505002
370179506003
370179505005
370179504002
370179504006
370179506004
370179501001
370179506001
370179504004
370510028002
371950016002
371270102004
371270103001
371270103003
371270103004
371270105031
371419203002
371419205012
371419203003
371419203001
371270105032
371270105042
371270108003
371270109002
371270110003
371270111023
371270112001
371570416022
371570401012
371570406013
371570410023
371510302021
370630020172
371939612002
370439502002
370439501001
370439501002
370439502001
370439501004
370510025022
370510029002
371950004004
371190038051
371190038072
371190039032
371190039022
371190039023
371190039024
371190040003
371190045002
371190045003
371190046001
371190031092
371190055181
371190030132
371190056052
371190056131
371190056142
371419202011
371419202012
371190030172
371190030181
371190030151
371190030153
371190030161
371190031052
371190031061
371190031091
371190031082
371190032011
371190046002
371190047001
371190048001
371190048003
371190050001
371190050002
371190051001
370710316001
371190032012
371190032043
371190033001
370670028013
370670041031
370510032044
370510032045
370510032051
370510032052
370510033021
370710323011
370710323012
370710323013
370710323021
370710323022
370939702022
370939703001
370939704022
371470004004
370499603005
370159604005
370159603002
370159604002
370159602001
370159601002
370159604007
370159601005
370159601001
370159604001
370159601004
370159603001
370159601003
370159602002
370159601006
370159604000
371950009003
371970504001
371350109022
370590802004
370079203004
370079206003
370079205004
370079201002
370079206002
370079201001
370079203002
370879212005
371570416021
371570416012
371570416023
371570404003
370079204002
370159604004
371779601004
371190058283
370139303002
371190001002
371190001004
371050301011
371190030162
370139304004
371190020033
371190020035
371190020041
371190020042
371190020043
371190019122
371190019232
371190019221
371190019231
371190021001
371190022003
371190022004
371190023001
371190023002
371190024002
371190024003
371190037002
371190038021
371190038022
371190038023
371190038062
371190038064
370510021001
370510021002
370510022001
371350112033
371350112041
371350107062
371350107054
371350122022
371350111011
371350109012
371350111021
371350119022
371350107061
371350109013
371350107032
371350122023
371350119021
371819608002
370510022002
370210022032
370210022061
370510023001
370510023002
370270307004
370270307005
370270308002
371950016001
371819607001
371819607005
371819607004
371819609001
371819609004
371819610003
371819603003
371819605001
371650106001
371650102001
371970504004
371719309014
370250426033
371950008013
370179504003
370179505003
370179505004
370319703021
370319703022
370319703031
370319703041
370319703042
370319704031
370499604023
370499613013
371190057162
371190058382
371190062044
371190059112
371190059101
371190060072
371190057063
371190060082
371190060101
371830544022
370710328005
370710332043
370710333031
370710333032
370710333052
371719301012
371719307004
371719310011
371719309012
371719309011
371719310012
371719311011
371719311012
371719310023
371719310032
371719301011
371719302011
371719308022
371719309021
371719301022
371719305024
371719306001
370810114005
371719305022
371819603002
371819601002
371819606001
371819602001
370610903002
370610905013
370899320001
370899315002
370899307012
370899317002
370810113002
370810114001
370810114003
370810107023
370810114006
370810115001
370531101011
370810115002
370810116011
370319711012
370319711021
370319801001
370319902000
370499610022
370499611003
370499604042
370499608002
370499607001
370499608004
370499609001
370531101012
370531104021
370531103021
370531103011
371190055113
370570620012
371190055101
371190055111
371190039031
371190038061
371190058374
371470007021
370350104012
370459516021
371470007022
370350115032
370499602001
370499601022
370499605004
370650208003
370610908022
370610908011
370570617011
370570601011
370010208024
370570602033
370570603022
370570611005
370570617031
370570620021
370570618045
371419204032
370570602011
370499601021
370499603003
370499606002
370270306001
371190064072
371459201001
371459202002
371459203004
370670026034
370670026042
370670027021
371739603012
371739603011
371739603022
371739603013
370630004021
371759604021
371759602003
371759603002
371759606001
371759604023
371719312001
371719308014
371719308012
371719305021
371830505002
371830505001
371830506001
371419201011
371419201032
371419201033
371419202041
371419205011
371419204021
371419206021
371419206023
371419202031
371419206011
371419204011
371419205013
371419205021
371290119021
371830518001
371830506003
371830507002
371830507001
371830508003
371830508002
371830509001
370630005001
370630005003
370630005004
370630006001
370710316003
370710316004
371830535201
371830535202
371290115003
371290119023
371290119022
371539702001
371190004001
371539703004
371539711001
371539702003
371539707003
370230202021
371830535123
371830535131
370710331001
370230214002
370230208021
370230211001
370230212022
370230213012
370230213022
370230201001
370230201002
370230203023
370230212031
370350118023
371830525041
371830526012
371830526021
371830524071
371290120012
371290120011
371290120061
371290101001
371290101003
371290101002
371290102002
371290121013
370570618031
370350115011
370350118021
370350117024
370350116024
370350118011
371790203071
371790204032
370350102021
370350103022
370350102011
370350103021
370350107003
370350101012
370350113003
370350106002
370350118013
371050305032
370350115042
370350115041
371290102003
371290103003
371290104002
371290117051
371290118002
371399606002
371399604002
371399603002
371399606001
371399602004
371399602003
371399602002
371399604001
371399604003
371399604004
371050304012
371050307012
371050307021
371050306022
371050306011
371050302002
371050306021
370210027031
371290105011
371290105021
371399604005
371399607011
371399607021
370630006002
370630007001
370630007002
371290105022
371290105023
371290106003
371290106002
371290123002
370630007003
371739401002
371739602001
371739401003
371739602003
371619609004
370919504024
370919504012
370919504023
370919503002
371070114002
371290120042
370650206001
370650216003
370650204003
370650202006
370650212003
370650212001
370650211002
370650202001
370650202002
370650202003
370650203001
370270307002
370650203002
370650203003
370919504013
370350107001
370210024012
370319707021
370210025031
370210026031
370210026041
370210026043
370670028072
370670028073
370670029011
370670029013
370670029031
370319707041
370210026071
370210026072
370319708041
370210027011
370319708051
370210027021
370319709031
370210027022
370210027032
370210027033
370210028041
370319701021
370210028043
370210031041
370319701031
370210031042
370210023024
370210031045
370319705012
370210013002
370319705031
370670041043
370670040091
370670040092
370670041042
