380259622001
380459721001
380199509001
380899636003
380439668003
380150112003
380170103062
380519729001
380739689002
380739691002
380739691001
380739689001
380739690002
380739690001
380150110012
380150113001
380150109003
380459722001
380459722002
380459721002
380139533001
380439668001
380119653001
380119652002
380119653002
380119652001
380519729002
380519729003
380899633001
380899639003
380899639002
380899640001
380899634003
380899640002
380899635002
380899633002
380899639001
380899636002
380899634001
380899634002
380899635001
380899635003
380899636001
380590202004
380899637001
380899637002
380150111041
380150111032
380170103032
380170101081
380899637003
380899638001
380759529002
380759529003
380759529001
380899637004
380899638002
380779714001
380779714002
380779709003
380779709002
381010110003
381010113003
381010106003
380170101071
380170101061
380350107002
380350108011
380350108012
380350108032
380350108034
380350108033
380350110001
380350110002
380350111001
380590203003
380590205003
380059566001
380059402002
380779711002
380590205002
380259622002
380259622003
380919687001
380879650001
380939670001
380939670002
380939674005
380939678003
380939678006
380279592002
380279592003
380479725002
380299665002
380299665004
380299665003
380299665001
380939678002
380939678001
380619404002
380619552001
380939678004
380939674001
380799519001
381059539002
381059538001
381059534001
381059539001
381059541002
381059534002
381059537003
381059535001
381059538002
380939675003
380539624001
380539624002
381059539004
381059541001
381059535002
381059539003
380170009011
380590203004
380590201002
380779707002
380779709001
380150103001
380150103002
380150103004
380150103005
380150103006
380150104001
380150104002
380150105001
380150105002
380150105003
380150106001
380150106002
380499556002
380150111013
380150107001
380150107003
380150108001
380150108002
380150109002
380170008021
381010105004
381010106001
381010106002
381010107001
381010104005
381010104006
381010105001
380719576002
381010107003
381010107004
381010107002
381010102002
381010110002
381010107005
381010112002
381010108003
381010101004
380719576003
380719576004
380719576001
380350111002
380350111003
380350112001
380350112003
380350112004
380350112005
380350117002
380350117004
381010105003
381010105002
380150115002
380150101001
380150107002
380150103003
380150114001
380639590004
380150106003
380150115001
380150102004
380150104003
380150101002
380150101003
380150102001
380150102002
380150102003
380590202005
380590202001
380590204002
380590202003
380590205004
380590202002
380590204003
380590204001
380590201003
380590201004
380590201001
380170009013
380590203001
380590203002
380590205001
380099525002
380170001002
380170002022
380170002013
380170402002
380170004002
380170405002
380170405003
380170101091
380170001004
380539623002
380539625001
380170006002
380170009012
380170009041
380559608002
380170009043
380170009031
380170009042
380170010012
380170010021
380170101092
380699562001
380699561001
380699562003
380699562002
380699561002
380170102012
380170102011
380170102031
380170102032
380170102042
380170103071
380170402001
380170403001
380170403002
380170404001
380170404003
380170008025
380719578003
380199511003
380199511002
380199509002
380099523001
380099524001
380099524002
380099523002
380219732001
380219733001
380219733002
380219732002
380170006004
380170006001
380170007002
380170008011
380219732003
380219734001
380219734002
380150110013
381039600003
381039598001
381039600001
380019656001
380039680003
380619404001
380619552002
380099525001
381039598002
380859409002
380859409001
380150110022
380839602001
381010109004
381010109003
381010109002
380559608005
380559610002
380559610001
381010113004
380579618001
380319596002
381039600002
380170010011
380779710002
380059401001
380170002021
380619552003
380619403001
380239545002
380239545001
380799418001
380799418003
380799418005
380799517003
380799516002
380799517002
380959515003
380959515002
380150111011
380150112001
380150114002
380170009032
381010108001
381010110001
381010108002
381010112001
381010104001
381010101003
381010113002
381010113001
381010112003
380679503002
380679501002
380679501001
380679503001
380679504002
380679505002
380679505001
380679504001
380679502001
380679502002
380350108035
380350108031
380350107001
380350120002
380350114002
380999579002
380999580001
380999581001
380999582001
380999582002
380999579001
380999581002
380999580002
380999578002
380999583002
380999583001
380999578001
380999581003
381010109001
380059565001
380059401002
380059402001
380059565002
380170005014
380170007001
380170405001
380150111052
380379659001
380379659002
380150111051
380150113003
380150113002
380170406003
380779710003
380779708002
380059566002
380539623001
380439668002
380959515001
380170401001
380170008014
380170003001
380170009033
380170008013
380170403003
380170003003
380170102041
380170005011
380170005013
380170401002
380170009015
380170406002
380170404002
380170001003
380170401003
380559608003
380559610004
380559608004
380559610003
380659612002
380170009014
380170406001
380170001001
380779711001
380779708001
380779707001
380779710001
380919687002
380719578002
380019656002
380019656003
380579617002
380579617003
380579616001
380579617001
380350120001
380339629001
380779714003
380419647001
380939675002
380419648001
380559610005
380579616002
380579618002
380150110011
380719577002
380719577001
380150111031
380199511001
380659612001
380419648002
380039680001
380039683004
380039679001
380039683003
380039680002
380039682001
380039682002
380039682003
380039682004
380039683001
380039683002
380350101002
380350110003
380350117003
380350117001
380350109002
380350102004
380350117005
380350101003
380350101001
380350102002
380350114001
380350102005
380350101004
380350102003
380350112002
380350108013
380350103002
380350102001
380799516001
380539401001
380139533002
380479725001
380559608001
380170101062
380170101082
380170103052
380170101072
380170006003
380170010022
380170102013
380319596003
380170102033
380170002012
380099524003
380979704001
380979704002
380319596001
380170103051
380979702002
380979702003
380979702001
380979703001
380979701001
380979701002
380979703002
380979701003
380170010013
380170103061
380639590002
380639590001
380639590003
380939672004
380939673001
380939672001
380939672002
380939674003
380939672003
380939673002
380939678005
380719578001
380719577004
380719578004
380719577003
380939675001
380350118002
380350118001
380170003002
380170004001
380170004003
380170004004
380170005012
380170005021
380170005022
380279592001
380859408002
380859408001
380939674002
380939674004
380399686002
380399686001
380170008012
380170008022
380170008023
380170008024
380170103031
381059541003
380339629002
380150112004
380150111042
380150109001
380150111012
380079631001
380350104003
380350104001
380350106002
380819740001
380819740002
380819742003
380150112002
381010101002
381010102001
381010102003
381010102004
381010101001
381010103011
381010103012
381010103013
381010103021
381010103022
381010103023
381010103024
381010104002
381010104003
381010104004
380819742001
380150110021
380899638004
380899638003
380350103001
380350108041
380350119001
380350119002
380039679002
380170103033
380170002011
380170103034
380170002023
381059537001
381059536002
380350108042
380350104002
380350109001
380350106001
381059536001
381059537002
380819742004
380819742002
380499556001
380499559002
380499559001
380799418004
380799519002
380799517001
380799418002
