401139400083
401091080052
401091082202
401091069071
401091077041
401091050002
401091010003
401091007001
401091007002
401091008003
401091072201
401091083102
401091001001
401091003001
401091005002
401091009001
401091069152
401091084044
401091018002
401091069061
401091089002
401091063032
401091067021
401091080112
401091024001
401091055003
401091024002
401091032002
401091072202
401091059074
401091068012
401091069072
401091083091
401091090011
401091086011
401091083101
401091068023
401091029001
401110008002
401110003001
401110004004
401110006004
401110003004
401110006002
401110007001
401179574003
401110006001
400634849001
400634849002
400836001005
400173001003
400173009011
400173001002
400173002022
400470007006
401190112003
401190113013
400634850001
400634846002
400634846003
400634848003
400634850002
400634846001
400634848002
400634847002
401230891002
401230892001
401190114002
401190105002
401190106002
400496812002
400079518001
400470007005
401091012002
401091013001
401091013002
401091013003
401091013004
401091013006
401091014001
401519543003
401519544001
401519543002
401519542002
401255011022
401255013003
401255010011
401091066011
401091066012
401091066013
401091066021
401091066041
401091066042
401091066062
400634849003
401010013005
401190114003
401190114004
401190110003
401190107002
401190108002
401190108003
401190109001
401190109003
401190101013
401190106001
401190101023
401139400111
401255011012
400272015081
400836007004
400272026002
400272001001
400272002003
400272003002
400272003003
400272004001
400272004002
400272005002
400272005003
400272006011
401091015001
401091015002
401091015003
401091016001
401091017001
401091017002
401091018001
401091019001
401091019002
401091039005
400272006012
401091040001
401091041001
401091041002
401091042001
401091042002
401091043001
401091059044
401091059051
401091059052
401091059061
401091059062
401091059071
401091066071
401091066072
401091066073
401430065061
401091066074
401091066081
401091066082
401091066083
401010009007
400137966001
400496818002
400496819003
400496812001
400496819001
401179574001
401179572001
401179575001
401179574002
401179571003
401179573001
401179573002
401179572002
401399510001
401179571001
400836008002
401091069144
401091074052
401399506001
401399506002
401399509001
401399508002
401399506005
401399509004
401399507002
401399508005
401399506004
401399507001
401399506003
401399507003
401399508001
401399508003
401399508004
401091024003
401399509002
401399509003
401399509005
401399510002
401091023002
401091023003
401091023004
401091024004
401091028001
401091025001
401091026001
401091027001
401091048001
401091047002
401091049002
401091048002
401091048003
401091049001
401091063013
401091049003
401091061003
401091062002
401091063011
401091063012
401310503031
401091067075
401091067074
401091067071
401091067072
401091067041
401230892002
401230895983
401230889002
401091069034
401091037001
401091039001
401091039002
401091039003
401091039004
401091056001
401091056002
401091056003
401091056004
401091057001
401091057002
401091064032
401091064033
401091064034
401091064035
401091065011
401091065012
401091065013
401155744003
401155744002
400119590001
401091058001
401091059031
401091059032
401091059033
401091059034
401091059041
401091059042
401091065021
401091065022
401091065023
401091065024
401091065031
401091065032
400470011004
400470012002
400470012003
400470013001
400470013002
400470002002
400470012004
401299600001
401299600002
400119586001
400119587002
400119589001
400119586002
400496814002
400496814003
400496815001
400496816002
400836006002
401091028002
401091028003
401091028004
401091028005
401091030001
401091030002
401091032001
401091049004
401091050001
401091051001
400710012004
401091087082
401091083035
400272025002
401091061002
401091082181
401091088012
401091061004
401430057002
401010006003
401010006004
400790403021
400790407003
400790405003
400790403011
400790405002
400790401022
401190101021
401190103001
400470013003
401450306023
401450307982
401310505011
401310504031
401310507021
401310508022
401310508011
401310508012
401310504091
401310502011
401310504051
401310504061
401310506031
401310502031
401310507012
401310503041
401310501041
401310505022
401310506021
401310506042
401310504081
401310503012
401310503021
401450305111
401310501011
401310505021
401310504071
401310503011
401310501031
401450304022
401450305022
401450302023
401450303001
401450306011
401450302022
401450308001
401450306025
401450305051
401450302021
401450306024
401091064022
400272008002
401310501042
401310501052
401310502021
401310502022
401470009001
401470009002
401470010002
401470011002
400579678001
400579678002
400272022011
400272011013
401470011003
401470011001
401470013004
401470010001
401470013002
401430076382
401430075201
400496813003
401091051002
401091052011
401091052012
401091052021
401091063014
401091063021
401091063022
401091063023
401091063024
401091063031
401091063033
401091067063
401091067061
401091068013
401091068014
401091068021
401091068022
401091068031
401091068033
401091068034
401091033001
401091033002
401091034001
401091035001
401091036011
401091036021
401091053002
401091053003
401091053004
401091053001
401091054001
401091054002
401091064011
401091064012
401091064013
401091064021
401091064023
401091064031
401091068041
401091068011
401091088014
401091088023
401190101011
400151621002
401010008012
401010007006
401310504042
401310506011
401310506041
401310507011
401310507022
401310508021
401310501012
400272008001
400272013011
400272006014
400272014051
400272014052
400539565002
400539565001
400496813001
400272014042
400272024052
400272020072
400272016122
400272006015
401010016002
401010008011
401010008022
401091088015
401091088021
401051721001
401051722002
401051724006
401051724004
401051724001
401051722001
400970405011
400970405021
401091088024
401091088031
401091088032
401091088041
401190105003
401139400103
401139400021
401139400063
401139400071
401139400081
401139400015
401139400025
401139400033
401139400102
401190111014
401190102001
401190101022
400173002021
400173002011
400173012011
400173005003
400173007002
400819617003
400272008003
400819617002
401430076253
400272019031
400272021071
401430090072
401430074111
401430013001
401430023011
400850942001
400850942002
400850943001
401430075192
401430076201
400239672001
400239669001
400239670003
400239670001
400239672002
400239673004
400239669002
400239673002
401430016005
401430038002
401430020001
401430075191
401430076362
401430076413
401430076203
400850941001
400850943002
401299600003
400272012033
401155742003
400099661006
401091002002
401091002003
401091002004
401091002005
401091002006
401091002007
401091004002
401091004003
401091005001
401091005003
401091006001
401091008001
401091008002
401091009002
401091010002
401091010004
401091011001
400836004004
400272012031
401190113014
401190109002
400310007002
400272024043
400272024053
400272015083
400272015074
400272016101
400272021051
400272021052
401190113021
400173007001
401091082073
401091013005
401091072222
401091069133
401091066023
401091078043
401091042003
401091055004
401091083092
400970405023
401230886003
401230888001
401230893003
401230896001
401230888002
401230886001
400970404004
400970401001
400970407001
400970408004
400970403002
400970401004
400970407003
400970404001
401255009001
400039560002
400137960012
400137960011
400137966003
400137961002
400137960021
401470011004
401470007003
400259501002
400259501001
401255009002
401255011013
401255011011
401255010042
401255010014
401255010013
401255011021
401255013001
401255011026
401255013002
401255006002
400710011001
400137961004
401255010015
401255010012
400137962003
401255002003
401110009011
401110009023
401110009013
401110009024
401110002001
401110001001
400173010091
400173010081
401335833003
401335834003
401335834005
401335835002
401335835003
401335836004
401110009014
400413758021
400710003003
400710012003
401091079003
401335836005
401335837002
400173012022
400173013001
400173014061
400173014062
400173014063
400173013003
400173010071
400173011004
400173014101
400173014074
400173014072
401091068042
400710004003
400198923001
400710005002
400710005003
400710005004
400173014091
400173009053
400173009051
400790403032
400790401982
400790407002
400790401021
400790404012
400790403012
400790403014
400790403022
400272007001
400272009001
400272006023
400272006021
400272006022
401091083034
401091088042
401091090041
401091069142
401091010001
400079516002
400079516001
400079518002
400079517002
400079517001
400079516003
401091045002
401091072231
401091092022
401091085081
401091055001
401091067073
400272009002
400272010001
400272010002
400272010003
400272010005
401091060001
401091021003
401091067022
401091068032
401091072063
401091082014
401091059043
401091055002
401091070021
401091090012
401091078102
401091090042
400173007003
401091085232
401091085302
401091085301
400272013014
400272013013
400272024024
400272002001
400272009003
400272020054
400272016033
400272005001
401091085292
401091085291
401091085281
401091085192
401091085193
401091085191
401091089001
401091089003
400310007001
400272022061
400272015103
401091085201
401091085202
401091085211
401091085212
401091085261
401091085263
400272014054
400272015055
400272022051
400272016123
400272016111
400272015071
400173002014
400272014041
400272015054
400272018021
400272016091
400272018011
401139400061
401139400014
401139400031
401139400034
401139400022
401139400042
401139400072
401139400053
401139400032
401139400035
401139400041
401010015004
401010007003
400710001001
400673718003
400950948023
401110001002
401110002002
401110004005
401110007002
401110009012
401214861002
401110005001
401110006003
401110009021
401110009022
401190110001
401190102002
401190111023
401190111013
401190113012
401190110002
401190114001
401190110004
401190112001
401190105001
401139400052
401410702001
401410703001
401410703002
401410704001
401410703003
401410704002
401410704003
401410701001
400055877001
400917803004
400917803001
400917803002
400917796003
400917796004
401091085272
401091085271
400559671002
400559672001
400559672003
400559671001
400559672004
401091085241
401091085231
400173009043
400173010011
400173010031
400173010032
400634848001
400634847001
400634850003
401335834004
401335836003
401335838002
401335833002
401335831001
401335833001
400173009022
400173011001
400173001001
400173003003
400173004001
400173004002
400173005002
400173005004
400173012014
400173012012
400173012013
401335832002
400173006001
400173006002
400173008021
401430007002
400173008022
400173009021
400173012021
401430002001
401450308002
401450305121
400173008013
400173008012
400173002012
401039566002
401039571001
401070809001
401039569003
401470002001
401450306022
401450307981
401450305071
401450302012
401450304021
401450307983
401450305021
401430054023
401430058055
401430075182
401430027002
401430068032
401430012001
401430032001
401470013001
401450305091
401091088043
401091089004
401091078082
401450301023
401450304023
401450306012
401470008003
401470013005
401470012002
401470001001
401470001002
401470006004
401470013003
401350301012
401350303022
401350304021
401350304012
401350302012
401350301041
401539533004
401350302011
401350301011
401350301013
401350302023
401350304011
401350302022
401350304024
401270978002
401270978001
401270977001
401270977002
401270976001
401270976002
401270976003
401270977003
401270977004
401010003005
400890986005
400890989002
401155748002
401039569002
401010001005
401010014005
401010015005
401010016003
401010001001
401010001002
401010001003
401010001004
401010002001
401010002002
401010003002
401010003003
401010003004
401010004002
401010008013
401010006001
401010006002
401010014003
401010015003
401010007001
401010007004
401010007005
401010008021
401010008014
400790405004
401010009003
401010009004
401010009005
401010009006
401010010001
401010013001
401010013002
401010014001
401010014002
401110005003
401110005002
401110008001
400293882001
400293881002
400293882002
400293881004
400293881001
400293881003
400272016071
400272016072
400272019041
400890985003
400890989003
400890984002
400890986004
400890985004
400890983002
400890987002
400272020081
400272021062
400272021061
400272021053
400272024041
400890986003
400890986001
400272025004
400890986002
400890987003
401450302011
401430066003
400055877004
400055877002
400239670002
400272019032
400272019023
400272018022
400272018012
400272021063
400272020082
400272015091
401430074112
401430017002
401430053001
401430058081
401430059001
401430089003
401430094022
400173009042
400173010061
400950948021
400950948012
401091066061
401091082201
401190113022
400039556002
400039557001
400039556001
400039560001
400496817001
400496818001
400790404021
400790407004
400790401023
400790406013
400790403013
400790405001
400790404011
400790403031
400790401981
400790404013
400790406021
400790402992
400790403033
400790404024
401091087072
400790404023
400790407001
401155743001
400173010072
400173010062
400173014073
400173014102
400173011002
400173014092
400173002013
401091073032
401091062001
401091092012
401155747001
401091081132
401091081141
401091087033
401470008004
401091081142
401091083033
400099661003
400099661005
401091081131
401091083023
401091083172
400099661007
400099661001
400099662003
400099662004
400099662005
400099662006
400099668003
400099661004
401091087044
401091086021
400917799001
400917803003
400917796002
401470003002
401470004003
401470011005
401470012001
400470015002
401091083181
401091074032
401051724003
401091003003
401091004001
401091004004
401091003002
401179575002
401091071011
401091087071
400459526001
400770872004
400272026001
400439591002
400874003002
400874002013
400874003004
400874001012
400874003003
400874001025
400874002024
400874001021
400874001023
400874003005
400874003001
400874001022
400874002021
401110008003
400510009034
400439593001
400439591001
400439593002
400198925002
400198923004
400413757004
400413757005
400151617002
400413760005
400413760002
400413761001
401091069022
401091083103
400659684003
400659686004
400659681001
400272005004
400272024051
400272016023
400272016121
400272020042
400272017001
400272012021
400272015101
400272024021
401039569004
401039570001
400272020062
400272002002
400272003001
400272016031
400272015073
400272011023
400272024033
400272010004
400272024023
400272006013
400272020052
400272020053
400272020051
400272020061
400770871002
400770872003
400770872001
400770873002
400770872002
400770873001
400770871001
401214860004
400470013004
400470014011
400219782022
400219782012
400219782023
400470014012
400470014021
401010011002
400470015004
400470015005
401010009002
401010016001
401010015001
401010009001
400173003001
400173003002
400173005001
401010007002
401010003001
401010015006
401010011001
401010014004
401010012001
401010013003
401010013004
401010015002
401010012002
400710013022
400970405012
400970405013
400970404002
400970405024
400119588001
400119588002
400119587001
400659682001
400659684001
400659684004
400659685001
400310009001
400659685002
400659685003
400659686002
400659686003
400659686005
400659687001
400659687002
400659688001
400836008003
400836004003
400272012023
400272012032
400659688002
400659688003
401190106003
400496811003
400151621007
400151621005
400151621008
400151621006
400151621004
400151621003
400151622003
400151622002
400137957002
400137961001
400997907001
400997907006
400997906002
400997907004
400997908005
400997906001
400997908001
400710001002
400710001003
400710006001
400710001006
400710002012
400710006002
400710003001
400710012001
400710011003
400710005001
400710001005
400710012002
400137962002
400710001004
400997907005
400997907002
400997908003
400997908002
400997907003
400997908004
400997908006
401091082173
400137962001
400137963002
400137965001
400137964002
400137964001
400137965002
400137965003
400137956002
400137966002
400137966004
400137960013
400137960023
400137960022
400137959002
400137957003
400137956001
400137957001
400137963001
400137959001
400137961003
400939552001
400939551002
400939553003
400710002011
400710002013
400710002021
400710002022
400710002023
400939551001
400939553002
400939552002
400939553001
401430030002
400272011011
400272011012
401430025001
401430027001
401430030001
401430076331
401430076252
401430076291
401430076292
401430076311
401430076312
401430076332
401430036001
400710003002
400710004002
400151618001
400151620002
400151620003
400151620001
400151616004
400151619002
401430033003
401430034002
401430035001
401430035002
401430035003
401499654002
401430036002
401430036003
401430039002
401430037003
401430038001
401430039001
401430039003
401430040001
401430040002
401430041011
401430077022
401430076391
401430076392
401430077011
401430077012
401430077021
401430077023
401539534004
401539532002
401539531003
401539534001
401539533001
401539531002
401539532001
401539533002
401430043012
401539535003
401091082133
400272011021
400272011022
400272012011
400272012012
400272013012
400151621001
401430041013
401430042001
401430042002
401430042003
401430043011
401430045001
401430043022
401430043024
401430044001
401430044002
401430044003
401430045002
401430046001
401430048001
401430077024
401430079002
401430078011
401430078012
401430078021
401430080011
401430079003
401430079004
401430079005
401430052002
401430080022
401430048003
401430048002
401430050023
401430051001
401430051002
401430052001
401430053002
401430084002
401430085012
401430094011
401430094012
401430094021
401430094023
401430095001
401430054021
401430054025
401430054024
401430056001
401430056002
401430057001
401430084004
401430085011
401430086001
401430085021
401430085022
401430085023
401430087002
401430086002
401430086003
401430087001
401430005001
401430089001
401430089002
400696602001
401430003001
401430004001
401430004002
401430004003
400836008004
400836005005
400836008001
400836005006
400836004002
400836005004
401430058051
401430057003
401430058011
401430058013
401430090062
401430058053
401430090042
401430090061
401430090063
401430090064
401430090075
401430090071
401091083182
401430090073
401430090074
401430091011
401430091012
400013769002
400696601981
400696602003
401430005002
401430007001
401430008001
401430008002
401430010001
401430013002
401430060002
401430062001
401430062002
401430091041
401430092001
401430093001
401430093002
401091085121
401091082213
400874002023
401091082182
401091082152
401230888003
400272023013
400272023014
400272023021
400272023022
400272023023
401230890003
401230895981
401230886002
401230886004
401230887002
401230889003
401230896002
401230890001
401430070002
401230887003
401091083134
401091083132
401091083135
401091083131
401091083142
401091087034
400559672002
401091090031
401091082212
401091083141
401091083022
401091083162
401091082171
401091074051
401091074034
401091081133
401091082134
401091082211
401091069145
401091074041
401091074042
401091083151
401091083183
401091090032
401091091001
401091038001
401091082191
401091088016
401091085242
401070809002
401519543001
401519542004
401519542003
401519542001
401430031002
401430021001
401430067012
401430047001
401430048004
401430029003
401430090031
401430040003
401430049001
401430054011
401430058071
401430082001
400099661002
401430058014
401430083001
401430060004
401430085024
401430093003
401430065071
401430076341
400739583002
400739581002
400739583001
400739581001
400739583003
400739581003
400739582001
400739582002
400739584001
401091014002
401430067081
401430075162
401430050022
401430073041
401430073122
401430073103
401430075031
401430076351
401430076241
401430076121
401430075202
401430009002
401430074141
401430060003
401430016001
401430033002
400173008015
400970404003
400970407002
400970408001
400970408002
400970402003
400970405022
400970406002
400970408003
401430025002
401430053005
401430075241
401430076122
401430055001
401430037002
401430050011
401430034001
401430069021
401430072004
401430080021
401430016003
401190111011
401470004002
401039569001
401039571003
401039566001
400272016032
400272016034
400272016041
400272016022
400696603001
400696602004
401091067062
401091088022
400272025003
400272026003
401091012001
401091069023
401091069031
400917801001
400710011002
400710013013
400710013011
400710013014
400710004001
401450301021
401450304051
400310024041
400310008001
400310003002
400310005023
400310015002
400310025002
400310019012
400310023023
400119589002
400119589004
400119590002
401310503042
401310501053
401310503032
401310506012
401310504043
401214864002
401214866001
401214867002
401091069131
401091069132
401091069134
401091069141
401091069122
401091069143
401091072091
401091072092
401091072093
401091072094
401091072095
401091072101
400310004022
400310002002
400055876001
400055878002
400055879003
400055878001
400055878003
400874001011
400874001024
400055877003
400055879002
401539535002
401539535004
401539534003
401539535001
401539535005
400310010002
400310001001
400310009002
400310004021
400310021001
400310022001
400310017001
400310005021
400310004012
401255002001
401190107003
401190111022
400890983001
400890982003
401430003002
401430058052
401430076151
400099665001
400099662001
400099668002
400099662002
400099665002
401430076163
401430074022
401499650002
401430069072
401430076421
401499654001
401499649003
401499651002
401499649002
401499651001
401499649001
401051723002
401214861001
401051724005
401051721002
401051723001
401051724002
401350303023
401335832003
401335839001
401335835001
400338711002
400338711001
400338711003
400338712002
401450301024
401450304061
400353731001
400353732001
401350301043
401350301042
401350301031
401350302021
400198925003
400850942003
400850941002
400739581004
400739584002
400198927002
401410705001
401410701002
401214857001
400459528001
400459526002
401214864003
401214862004
401214860002
401214860001
401214868001
401214858002
401214861003
401214865001
401214865005
401214862002
401091085042
401091083011
401091083012
401091083021
401091083031
401091084041
401091084042
401091084043
400510010003
401091085043
401091086031
401091087011
401091087012
401091087031
401091087032
400836002003
400510007003
400510010001
400510006004
400510008001
400510001001
400510004001
401430084001
400510010004
401539533003
401430043023
401430037001
401430014005
401430075154
401430067031
401430041012
401430053004
401430045003
401430033001
400890984004
401430070001
401430018001
400890982001
400890988002
400890989001
400890985001
400890988001
400890984003
400890984001
401430043021
400890987001
400890985005
400890982002
401430001001
401430076352
401430073082
401430009001
401430091013
401430076133
401430076091
401430030003
401430075081
401430079001
401430015001
401430055002
401430068041
401430084003
401430050021
401430021002
401430075161
401430034003
401430003003
401070807002
401430039004
401430060001
401430053003
401430050012
401430068011
401430076251
401214859002
401214859001
401214865003
401214858003
401214865006
401214857002
401214866003
401214862001
401214867005
401214858001
401214868002
401430080023
401430075033
401430069013
401430076162
400310023011
401430087003
400310014002
400310019021
400310020031
400310022003
400310023022
401335836002
401091072133
401214864001
400198921001
400198922001
400673716001
400673718001
400673716002
400673717001
400673718002
400198923003
400151623001
400151616003
400151620004
400151622001
400198923002
400198928004
401310504052
401214861004
400310004032
400310005011
400310005012
400310005013
400310005014
400310005022
400310005024
400310006001
400310006002
401091087061
401091087062
401091088011
401091088013
401091072112
400198925001
401091072121
401091072122
401091072123
401091072124
401091072134
400198924004
401091072131
401091072132
401091072141
400198926001
400198926003
400198926004
400198928005
400198924003
400310001002
401091072142
400310004013
400310007003
400310001003
400310025001
400310003003
400310017002
400310003001
400310001004
400310002001
400310002003
400310003004
400310004031
400310004011
400310004014
400310004015
401091072163
400013769003
401091072143
401091072153
401091072151
401091072152
401091072161
401091072162
401091072171
401091072232
401091072172
401091072181
401091072182
401091072191
401091072192
401091072211
401091072221
401091072233
401091073062
401091073021
401091073023
401091073031
401091073052
401091073061
401091078014
401091073022
401091073063
401091074011
401091074012
401091074013
401091074014
401091074031
401091074033
401091075001
401091076011
401091076012
401091076043
401091076041
401091076042
401091077031
401091077032
401091077033
401091077042
401091077043
401091078061
401091078072
401091087091
401091077051
401091077052
401091078013
400599522001
401091078041
401091078042
401091078044
400370201031
400370214003
400599521001
400874002011
400370210003
400370213003
401190113023
400272023024
400272024022
400272024031
400272024032
401091078051
401091078052
401091078053
401091078062
401091078063
401091078064
401091078071
401091078073
401091078081
401091078083
401091078091
401091078092
401091080031
401091080032
401091080033
401091080034
401091080035
401091080072
401091080073
401091080083
401091080081
401091080082
401091080113
401430088002
401430074092
401430058054
401430069051
401091081011
401091081012
401091092021
401091081061
401091081091
401091081092
401430029001
401430088001
401430029002
401091081093
401091081094
401091081101
401091082042
401091082061
401091082062
401091082063
401091082071
401091083032
401091083041
401091083042
401091083043
401091083044
401091083045
401091085061
400173008014
400173009012
401091085062
401091085063
401091085071
401091085082
401519542005
401519544002
400612793001
400612793002
400696603002
400696602005
400239671001
401430076372
400239671002
400239671003
400239671004
400239672003
400239673003
400239669003
400239673001
400874002012
400874002022
400874004001
400399607003
401430092002
401430058072
401430058061
401430058062
401430090082
401430069053
401430094013
400310020042
400353734003
401091087042
401091087043
400353731003
400353732002
400353735001
400353731002
400353735002
400353733001
400353734002
400353733002
400353734001
400353733003
401430095003
400399606003
400399606004
400399607002
401091085132
401091068044
401091069021
400399607005
400399610003
400399604002
401091085131
401091085133
400413760003
401091085141
401091085142
401091085143
401091087041
401430067082
401430076242
401430075132
401430067071
400419762003
400413760001
400413761002
400413760004
400413757002
400413757001
400413759003
400413761003
400413757003
400419762001
400413759001
400370208002
400419762002
401430073081
401430074072
401430074121
401430071021
401430074122
401430075181
400272010006
400272024034
400272024035
400272024042
400272014053
401179571004
401179572003
401179573003
401179575003
401430076204
401430076202
401430076302
401430076361
401430076321
401430054022
401430076322
400370201032
400370212023
400370207061
400370214001
400055879001
400539565003
400539564001
400439592001
401430046002
401430076373
401430067072
401430076183
401430076182
401430074091
401430031003
401430031001
401430067051
401430067053
401430073064
401430073063
401255010032
401430091042
401430058012
401370009014
401370009011
401370009013
401370001021
401370006003
401370009012
401370009023
401430076381
401430076411
401430069014
401155746003
401155748003
401430090081
401430090091
401430072003
401310504032
401310501013
400790406023
400272008004
400790402993
400790402991
400790402994
400790406022
400272020071
400272025001
400470016022
400055876002
400710013023
400710013021
400710013012
401539532003
401539531001
400470016012
400470016021
400510008004
401039571002
401255010041
401255010043
401255010031
401450301022
401091085252
401230888004
401255002002
401255003013
401255012011
401255009003
401255011025
401255003023
401139400062
401230889001
401230889004
401230893004
401230888005
401230893002
401091087092
401091092014
401091092011
401091085122
401091083163
401091083133
401091082153
401091092013
401370009022
400790406011
400790406012
400790404022
401039570002
400151618003
400310023013
400310016002
400310024032
401350303026
401350303027
401350303011
400151617001
400151616001
400151616002
400151619001
400151618002
400151623002
401139400012
401139400043
401139400091
401139400036
401139400011
401139400023
401139400013
401139400082
401139400101
401139400024
401139400051
401091076071
401230893001
401230890002
401091087081
400470006001
400470016013
400470006004
400470014013
400470014022
401255003022
401255005002
401450301011
401450301012
401450301013
400272016042
400272021021
400272021022
400272021041
400272023011
400272023012
401430076081
401214860003
400173002023
400173013002
400173010082
401091069035
401091069036
401091069151
401091069154
401091069155
401091070011
401091070012
401091070013
401091070014
401091070022
401091071031
401091071032
401091072111
401091076051
401091076052
401091076061
401091076072
401091077072
401091077062
401091077063
401091077071
400470001003
401091077053
401091077061
401091078011
401091078012
400370201011
400370206021
400370206023
400370206022
400370207071
400370208001
400470007001
400470007003
400470007004
400470011002
400470001001
400470006003
400470012001
400470015006
400470015003
400470015001
400470011001
400470001004
400470007002
400470016011
400470011003
400470001002
400198928001
401214866002
401214867003
400470001005
400470001006
400470002001
401214863001
401214865002
401214856001
401091069062
401091069063
401091069091
401091069101
401450304031
401450305061
401450305062
401091069102
401091069111
401091069112
401091069121
401091071041
401091071042
401091072061
401091072062
401091072064
401091072071
401091072072
401091078101
401091078103
401091079001
401091079002
401470002002
401470003001
401091080053
401091080051
401091080061
401091080062
401091080071
401091080091
401091080092
400198928002
400198928003
400173014081
400198929002
401470003003
401470004001
401470005001
401091080093
401091080101
401091080102
401091080103
401091080111
401091081062
401091081063
400198929001
400198930002
400198930003
400198930004
400198930006
400198930005
401091081071
401091081072
401091081103
401091082011
401091082012
401091082013
401091082031
401091082033
400173014071
400173009052
400173011003
400173009013
400219782021
401091082041
401091082072
401091082081
401091082082
401091082083
401091082131
401091083071
401091083072
401091083073
401091083074
401091083075
400219782011
400219781002
400219778001
400219777001
400219783004
400219778002
400219778003
400219781004
400219776003
400219776004
400219783002
400219779001
400219783001
400219777002
400219776001
400399606005
400219777003
400219778004
400219779002
400399610001
400399604005
400399604003
400399610002
400399604004
400399607001
400399606002
400399607004
400399604006
400399508003
400399508001
400399508002
400399606001
401091084032
400399604001
400198930001
400198931003
400198931001
400198927001
400370209001
400370209002
401214867004
401214858004
401214862003
401214861005
401214867001
401214865004
401091082132
401091082151
401091082161
401091084021
401091084022
401091084031
401091085144
400310023014
401091085145
401091085151
401091085152
401091085153
401091085154
400310024031
400310023012
400310024012
400310020051
400310024011
400310024042
400310008002
401070809003
401110002003
400338712001
400338711004
401110002004
401430078022
401430068031
401430068043
401450305081
401450305101
401070809004
401450306021
401470005002
401470005003
401470005004
401470005005
401470005006
401470006001
400219783003
400219779003
400219779004
401430111001
401430076161
401430078013
401430090041
400219780001
400219780002
400219781001
400219781003
400219776002
400219777004
400219780003
400370215003
400370211013
400370213001
400370213002
400370214004
400370210002
400370212021
400370212022
400370201021
400370215001
400370209003
400370207042
400370207062
400370207051
400370211022
400370211012
400370210001
400370207041
400370206012
400370211021
400370211011
400370207021
400370207052
400370207022
400370206011
400370214002
400310016001
400272011014
400470006002
401110003002
401430074024
401430076301
401430076371
401430095002
401430076092
401430052003
401430006001
401255007001
401255007002
401470006002
401470006003
401470007001
401470007002
401470008001
401470008002
401010004001
400612792002
401255007003
401255008001
401255008002
401255011023
401255011024
400836007003
401255012012
400970406003
400370215002
400370216001
400370216002
400370212011
400272022012
400272022032
400272022031
400173008011
400759636002
400759637002
400759637004
400759642003
400759642002
400759642001
401230895982
401230891001
401230887001
400759636001
400759637001
400759637003
401110003003
401110004001
401110004002
401110004003
401539534002
400970402002
400970402004
400970401002
400970401003
400970402001
401370011004
401370011005
400659682002
400659684002
400659683002
400659681002
400659686001
400659683001
401310504041
400496813002
400496812003
400496818003
400496811002
400496816001
400496811001
400496814004
400496817002
400496814001
400496819002
400496818004
400496815002
401370008002
401370010002
401370002002
401370009021
401370011001
401370002003
401370008001
401370003002
400510009031
401091069032
401091069033
401499650001
401255002004
401255003011
401255003012
401310501051
401255003021
401091067042
401091067043
401091067051
401091067052
401255004001
401255004002
401255004003
401255004004
401070806001
401070807001
401070810002
401070810001
401070807003
401070806003
401070806002
401370010001
401370002001
401370001022
401370008003
401370011003
400510009021
400510004003
400510007002
400510007004
400510009033
400510006003
400510006002
400510009011
400510008003
400510007001
401255005003
401255005001
401255006001
401255006003
401255006004
400510010002
400510004004
401370001011
401370001012
401370001013
400510004005
400510004002
400510005001
400510005002
400510005003
400510005004
400510006001
401370003001
401370004001
401370004002
401370004003
401370004004
401370006001
400510007005
400510007006
400510008002
400510009012
401370006002
400310010001
400310011001
400310011002
400310014001
400310015001
401335838001
400310017003
400310019011
400510009013
400510009022
400510009023
400510009032
400310020011
400310020012
400310020053
400310020052
400310020041
400310021002
400310021003
401190111021
401190107001
401190108001
401190103002
401190112002
400310021004
400310022002
400310023021
401370010003
401370011002
400310004023
400413756022
400413758023
400413756011
400413756021
400413758012
400413759002
400413756012
400413758013
400413758011
400413758022
400013767004
401335834001
401335836001
401335837001
401335832001
401335839002
400836003001
401335831002
401335834002
401350303025
401350303021
401350303024
400013768002
400013770003
400836004001
400836006001
400836001002
400836002002
400836001003
400836003002
400836007001
400836005002
400836005001
400836007005
400836007002
400836002001
400836005003
400836001001
400836006003
400950946981
400836001004
400510009035
400950947002
400950947003
400950948022
400950946982
400950947001
400950946983
400950948011
401091085251
400198926002
401091066022
401091068043
401091069153
401091072212
401091073051
401091082032
401091090043
400198921002
400198924001
400198927003
400198921003
400198926005
400198931002
400198929003
400198922002
400198924002
400198925004
401091059072
401091001002
401091001003
401179571002
401091002001
401190101012
401190102003
401190102004
401190104002
401190104001
401190111012
401190113011
401091019003
401091020001
401091020002
401091021001
401091021002
401091022001
401091022002
401091022003
401091023001
401091043002
401091043003
401091044001
401091044002
401091044003
401091045001
401091045003
401091046001
401091047001
401155749002
401091059073
401091060002
401091060003
401091061001
401091066091
401091066101
401091067023
401091067024
401091067025
401091067081
401091067076
401155743002
401155742001
401155741003
401155743003
401155749001
401155741004
401155746001
401155748001
401155741002
401155741005
401155742002
401155747003
401155749003
401155747002
401155741001
400819614001
401155745003
400259503001
400259503002
401155744001
401155745001
401155745002
401155746002
400272019042
400272020073
401430090032
401430090092
400272012022
400819617001
400819614003
400819613001
400819612002
400819615001
400819611002
400272019022
400272019043
400819611003
400819613002
400819615002
400819611004
400819616002
400819613003
400819612003
400819614002
400819612001
400819611001
400819614004
400819617004
400819616001
400819611005
400819615003
400890988005
400272020041
400119589003
400173007004
400173009041
400272015104
401091081102
400272022052
400272014031
400272014032
400272014033
400272015051
400890987004
400890987005
401430069033
400890988003
400890988004
400890985002
400696602002
401430066004
401430066001
401430066002
401430067011
401430067032
401430067033
401430067052
401430068012
401430068042
400696601982
401430069011
401430069012
401430069022
401430069031
401430069032
401430069071
401430069034
401430069052
401430069061
401430073052
400272015053
400272015102
400272015052
401430070003
401430071011
401430071012
401430071022
401430072001
401430072002
401430073042
401430073051
401430073053
400917796001
401430073061
401430073062
401430073091
400917802002
400917802001
400970403001
401430073101
401430073102
400013768001
400013767002
401430073111
401430073112
401430073123
401430073121
401430074021
401430074023
401430074071
401430074081
401430074101
400917797002
400917797004
400917799002
400013770004
400917799003
400013767005
400013768004
400013770002
400013769001
400013768003
400013766001
400013770001
400013767001
400013767003
400013766002
401430075032
400917801002
400917797003
400917797001
400917802003
400272020021
400272020022
400272020023
401430074102
401430074131
401430074132
401430074151
401430075073
401430075061
401430075071
401430075072
401430075082
401430015002
401430075083
401430075101
401430075102
400099668001
401091083153
401091085112
401091083161
401091085262
401091090033
401430075103
401430075111
401430075112
401430075121
401430075122
401430075131
401430075151
401430075152
401430075153
401091083152
401091085273
401430075221
401430075231
401430075232
401430076082
401430076094
401430076093
401430076412
401430076111
401430076131
400272015072
400272015082
400272016021
400272019021
401430014001
401430014002
401430014003
401430014004
401430015003
401430015004
401430016002
401430016004
401430076132
401430017001
401430019001
401430023012
401430076141
401430076142
401430076164
401430076192
401430076171
401430076172
401430076173
401430076181
401430076191
400612794002
401430076193
401430076194
401350304022
401350304023
401091085044
401091082172
401091085041
401091085111
401091085233
401091083171
400970406001
400970407004
400612791002
400612792001
400612792003
400612793003
400612794001
400612791001
400612792004
