410390026001
410390026002
410390026003
410390027001
410390027002
410530051001
410390028002
410390028003
410390029031
410050210001
410050209003
410050210002
410390029022
410050229061
410050229071
410050229072
410050232021
410390024011
410599501002
410050210003
410050211001
410050212002
410050213001
410050233001
410050233003
410050234011
410050234041
410050234044
410050213002
410050213003
410050214001
410050214002
410050234042
410050242001
410279502005
410279503005
410279501004
410279503002
410279502004
410279502002
410279501002
410279504004
410279504001
410279504002
410279501001
410530204001
410530204003
410530204004
410530204002
410530202023
410530203023
410530052021
410530203031
410530202043
410530051002
410530203021
410530203022
410530053001
410530205002
410530052012
410510038032
410530052022
410530052023
410530052024
410279502001
410279502003
410279503003
410279503004
410279503006
410279501003
410279503001
410530053002
410279504003
410390025032
410390025042
410390031023
410390031024
410390007073
410390007071
410390044013
410390044042
410390019043
410390019042
410390035003
410559501001
410050224002
410050226021
410050228004
410050231002
410050232023
410050235005
410050237002
410050238005
410050243023
410390031011
410390029041
410390024012
410390029032
410390031013
410390032023
410390032022
410390044043
410390023023
410390007072
410390025041
410390029042
410390044041
410290016012
410670305013
410670326045
410290006014
410290006022
410290006021
410619708002
410510098034
410510013023
410510099073
410510035013
410510071001
410510102001
410510067012
410510067011
410510057001
410510057003
410510021002
410470105032
410510103062
410510103063
410510064041
410510100022
410510099043
410510091021
410510003022
410510010003
410110001006
410110001004
410110006003
410110005022
410110002001
410110010005
410110010006
410110010007
410110008001
410110011002
410110007005
410110011005
410110009001
410110009007
410110011006
410510011021
410510018013
410510035022
410510056004
410510036012
410510082022
410510040024
410510060021
410510066023
410110004006
410110001001
410110007008
410110005042
410390004021
410110006002
410290016025
410290020002
410110007003
410110007004
410110001002
410110001005
410110002003
410110003001
410510104072
410510102003
410510052004
410510055002
410110003002
410110003003
410110011004
410110003004
410110004001
410110004002
410110004003
410390024032
410390018011
410390025031
410710303015
410390010012
410390013021
410390001003
410390009022
410390017004
410710304005
410470013002
410470014013
410670320052
410670320054
410710303011
410710309001
410710305024
410710304001
410710306021
410710304002
410710307012
410710304004
410510055001
410670316104
410170004012
410170004023
410170010011
410170019024
410170010015
410170010014
410170017004
410710302023
410710301022
410710305013
410170018003
410170018004
410170015005
410710308021
410710307024
410710307021
410710308023
410710308011
410510094005
410510094001
410510065013
410510096052
410510096053
410510051001
410519800001
410510049002
410510049003
410510052003
410510048003
410710304003
410459703004
410459705006
410139501005
410139503001
410139503003
410139503004
410139502002
410139503002
410419509003
410459706005
410459707001
410459709002
410459709003
410599513004
410659703003
410659705002
410670320013
410670321102
410619708001
410710310001
410710306011
410710305022
410710302022
410710303012
410710305011
410139501003
410670321091
410139502004
410139501004
410139504002
410139504001
410139502003
410139502001
410139501002
410139503005
410139501001
410359708001
410470005021
410110005044
410530203043
410530203032
410530203024
410470103062
410290030011
410290028001
410470002003
410470014023
410470007012
410470023031
410379602004
410670321042
410359707001
410559501002
410019506003
410319603021
410319602023
410319602011
410319602022
410670319081
410670324072
410670315141
410670320042
410670330003
410670321032
410579604002
410579604003
410579605002
410579605003
410579608002
410579601001
410579603002
410579604007
410579607001
410710308022
410710305023
410159503021
410159504002
410530052011
410530205003
410530202021
410530202031
410530202032
410530202033
410530202041
410530203042
410470022021
410470104001
410470103063
410470103032
410470102023
410470104005
410470102024
410319603023
410319603012
410319603013
410319603011
410510069001
410710302011
410219601002
410219601001
410219601003
410359709002
410619701003
410619704003
410619705001
410619705002
410619706003
410359715001
410619706004
410619707001
410619707002
410619707003
410359718001
410333601002
410710302012
410710302013
410710302014
410710302021
410710305012
410710305021
410710307022
410359702004
410359708002
410359703002
410359711002
410359702001
410359720002
410359701002
410359720003
410359703003
410359719003
410359705002
410359710002
410359709003
410359714003
410359702003
410359714001
410359701003
410359715003
410359717002
410359701001
410359702002
410359703001
410359703004
410359705001
410359707002
410359709001
410359710001
410359711001
410359715004
410359711003
410359711004
410359712001
410359712002
410359712003
410359713001
410359713002
410359713003
410359713004
410359716004
410359715005
410359716001
410359716002
410359716003
410359717001
410510099041
410619708003
410019502002
410419503042
410670329021
410333606003
410333606004
410333607011
410333607012
410699601002
410699601001
410239602004
410619701001
410619706001
410619703002
410619704001
410619704002
410619702001
410619703001
410619701004
410619701002
410619708004
410619705003
410619702002
410290010023
410290004042
410290014003
410290017004
410290007004
410290007002
410510091023
410510098032
410510091024
410510099033
410333608003
410510099061
410510051003
410510104083
410510104084
410510099034
410510104053
410510104054
410599512002
410599512003
410333605002
410599512004
410333603001
410333611002
410333604002
410333616001
410333614002
410333604001
410333603003
410333606002
410333610003
410333616004
410333612002
410333610004
410333611003
410333608001
410333601001
410333613001
410333607021
410333616006
410333607023
410333612004
410333608002
410333614001
410333609001
410333605001
410333613003
410333605003
410333616003
410333610001
410333603004
410333605004
410333606005
410333606001
410050212001
410379602005
410099708001
410099709002
410099702005
410099703004
410099709001
410510016011
410050205012
410050230012
410050223012
410050222012
410670324062
410050202005
410050202004
410050203043
410050203031
410050203042
410050203033
410670302001
410670313002
410670313004
410670304023
410670319112
410670319092
410670308034
410670326091
410670316161
410050203032
410050204031
410050207003
410050207002
410050205042
410670304012
410670306001
410670308031
410670308052
410670316162
410670316174
410670316173
410670316105
410670324065
410670321041
410639602001
410290030022
410290001001
410050204032
410050221071
410050221011
410050215002
410050222013
410050222051
410670329012
410670329024
410670331022
410670333011
410050239011
410050244001
410670332002
410670321071
410670319075
410670319073
410670319074
410390041004
410390045012
410390001002
410390002001
410390054004
410639602002
410639603001
410639603004
410639603002
410390025012
410390028001
410079507001
410079509001
410079511002
410079502002
410079504003
410079501003
410079503004
410079506002
410079511003
410079512002
410079506001
410079511001
410079504001
410079511004
410379601001
410379602006
410599505002
410599506001
410079505003
410599509002
410079900000
410110007002
410670310035
410670310042
410670310043
410670310051
410670318132
410670319121
410579602001
410579602003
410670310052
410670310054
410670310061
410670310062
410670310063
410670310064
410670311001
410670311002
410159503011
410159504003
410159901010
410670321081
410670314031
410670314032
410670314033
410670324044
410670324061
410670324063
410670326062
410670314041
410670314042
410670314043
410670314044
410670315042
410670326033
410670326041
410670326042
410670326043
410670326044
410670315043
410670315044
410670315061
410670315062
410670315072
410670326065
410670330002
410670334001
410670336003
410670310053
410670334002
410670336002
410710308012
410670315081
410670335001
410670319101
410670324041
410670316132
410670324042
410670315111
410670315112
410670315121
410419510002
410670318131
410670315083
410670315071
410670325031
410670319041
410670315041
410670335002
410670330004
410670317031
410670322001
410670313001
410670322002
410510008024
410670315122
410670315123
410670316151
410670320011
410670301022
410670323001
410670305011
410670322003
410670310032
410670317061
410670303001
410670322004
410670326031
410670330001
410670336001
410670316061
410670316062
410670316063
410670316101
410390016002
410670324102
410670324101
410670324043
410259602002
410259601004
410259602001
410670302002
410670302003
410259601001
410259601003
410259601002
410259601005
410670303002
410670303003
410670303004
410670316103
410670316111
410670316112
410670316113
410670316121
410670325032
410670304011
410670305012
410670305014
410670305021
410670316131
410670316133
410670316134
410670317032
410670317041
410670326102
410670326071
410419509002
410419508001
410419509001
410670326061
410670326063
410670326064
410670305022
410670305023
410670306002
410670307001
410670317042
410670317043
410670317044
410670317045
410670317046
410670317051
410670307002
410670308011
410670308012
410670308013
410670308014
410670317052
410670317053
410670317062
410670317063
410019505002
410019502003
410019504001
410019506002
410670318042
410670319122
410670319123
410670319042
410379602002
410379602007
410379602003
410379602001
410379601002
410670308032
410670308033
410670318053
410670318054
410670318051
410670318052
410670318061
410670318062
410670310031
410670310033
410670310034
410670318063
410670318071
410670319103
410290004052
410290005011
410510045001
410510046011
410510046021
410510051002
410510104073
410510104071
410510104081
410510104082
410510104091
410510104092
410579901000
410579601002
410579607002
410579607003
410510059001
410510059002
410510059003
410510059004
410510062001
410510056002
410510104093
410510033022
410510043001
410510104051
410510058005
410510012013
410510005025
410510028021
410510047002
410510034021
410510024013
410510020002
410510009012
410510070003
410510091012
410510062003
410510063002
410510063003
410510064032
410510064033
410510064042
410510003021
410510100011
410510074002
410510022034
410510024021
410510058002
410510082013
410510105004
410510016024
410510046022
410510048001
410510036023
410510029021
410510019002
410510033021
410510041022
410510061001
410510013011
410510069002
410510077001
410510064022
410510065012
410510065022
410510066012
410510066022
410510034022
410510047003
410510056003
410510060011
410510033011
410510009023
410510029011
410510006014
410510089022
410510001002
410510101004
410510105002
410510001001
410510001003
410510001004
410510001005
410510075003
410510067021
410510068011
410510068021
410510068022
410510073001
410510074001
410510075001
410110009004
410110009005
410510001006
410510002001
410510002002
410510003011
410510003012
410510003024
410510003025
410510075002
410510076001
410510079002
410510077002
410510078002
410510079001
410510080022
410510080011
410510080012
410510080021
410510004022
410510081001
410510081002
410510003026
410510004011
410510004012
410510004013
410510004021
410510004023
410510005013
410510006012
410510005014
410510005024
410510006011
410510006013
410510082011
410510006022
410510081003
410510081004
410510082012
410510082023
410510083021
410510082021
410510083011
410510083012
410510083022
410510084001
410510041024
410510084002
410399900000
410510016014
410510016015
410510017013
410510017015
410510017021
410510017022
410290001002
410290002011
410290002012
410290002013
410290002022
410510037021
410510033013
410510029012
410510009021
410510005023
410510017011
410510038031
410510105003
410510078001
410510013014
410510104021
410019503001
410510071002
410510030002
410510025011
410510020005
410510018012
410510029033
410510002003
410510096061
410510012012
410019504003
410019503003
410019501002
410019504002
410019505001
410019506001
410019502001
410019501001
410019503002
410019501003
410659708004
410530053005
410530053003
410530203041
410430208021
410430208011
410430207001
410430309042
410430208024
410290004062
410290005022
410290009004
410419511001
410290006012
410290016011
410290010012
410290017001
410470020004
410470022012
410470025021
410470023041
410470010003
410470102012
410470102021
410470020002
410659708002
410659702003
410659705001
410050230011
410290004061
410670316152
410670316153
410670316154
410670327002
410670315091
410290010013
410290010011
410050205052
410050205011
410050211004
410050221051
410050222081
410050227081
410050223011
410050226061
410050234012
410050242004
410050243042
410050205041
410050239021
410050243031
410050211003
410050232011
410050243041
410670304013
410670315084
410670315133
410670315142
410670316091
410670321043
410670318122
410670310044
410670312002
410670314022
410670313003
410050243032
410050223021
410050239023
410059800001
410390038003
410670301013
410670304022
410670304021
410670302004
410670309001
410670306003
410670315143
410670308051
410670309003
410670312003
410670310041
410670319111
410670321082
410670333012
410670315073
410670315092
410670316142
410430307002
410050221072
410050221053
410050217002
410050206002
410670319091
410670319072
410670321031
410670321083
410670320053
410050227021
410050226051
410050221012
410050217003
410050226031
410050226052
410050244002
410670321092
410670332001
410670324045
410670324064
410050205013
410050218012
410050205051
410050221082
410050205043
410670326034
410670326101
410670326032
410670301012
410050220003
410050220002
410050221031
410050244003
410050228002
410050229062
410050208001
410050216011
410050214003
410050216012
410050216013
410050216014
410390037001
410050201001
410459703001
410390053002
410390035001
410050201003
410050202001
410050202002
410050205031
410050205032
410050206001
410050202003
410050203021
410050206003
410050207001
410050216021
410050216022
410050216023
410050217001
410050218011
410050219001
410050203022
410390020012
410390020022
410290013014
410290014002
410290030013
410290009003
410290030023
410290023001
410290007003
410290011003
410290010022
410290002021
410290015001
410390015003
410050203041
410050204012
410050204013
410390021012
410390021021
410390021022
410290012001
410290013022
410290016021
410290030012
410290017002
410290021003
410290027003
410290027001
410290013024
410290013021
410290025002
410290016023
410290013013
410290029001
410290004041
410290022003
410290017003
410390021023
410290022001
410390013022
410290023002
410290022004
410290019001
410290027004
410290027002
410290029002
410290002033
410390022012
410390022022
410390009033
410050223013
410050224001
410050224003
410050224004
410050224005
410050225001
410050225002
410390022023
410390007081
410050204014
410050204041
410050204042
410390019032
410390019041
410390023021
410050208002
410050209001
410050225003
410050225004
410050226022
410390016001
410390018012
410390024033
410390024042
410390018031
410390024041
410390025011
410390025013
410390025034
410390025033
410050227071
410050227082
410050228001
410050229051
410050229041
410050229053
410050229052
410390030001
410659703002
410290004032
410290006023
410290015002
410290014001
410290016022
410390004043
410290005023
410390007051
410390032021
410390003002
410390033011
410390033012
410390033023
410390033013
410390004032
410390004033
410390034001
410390034002
410390034003
410390034004
410390035002
410390036001
410390037002
410390038001
410390038002
410390038004
410390038005
410390039001
410390014002
410390039002
410390040001
410390040002
410390040003
410390041001
410390041003
410390042001
410390042002
410390042003
410390043001
410390043002
410390043003
410390043004
410390044011
410390044012
410390044014
410390044031
410390044032
410390044033
410390044034
410390045023
410390045022
410390045013
410390046001
410390046002
410390046003
410390047001
410390047002
410159502002
410159503022
410159501003
410159502003
410159504001
410159503013
410390047003
410390047004
410390048001
410390048002
410390048003
410390049002
410390049003
410390050002
410390051001
410390051002
410390052001
410499701004
410499702005
410390052002
410390053001
410390054001
410390054002
410670320012
410670319071
410670312004
410670316141
410670318041
410670332003
410390036003
410390050001
410390039003
410390008002
410390015004
410390004041
410390011022
410390003001
410599510002
410599508003
410599501004
410599505004
410599511005
410599502006
410599513003
410599514001
410599502001
410599513001
410599508004
410599502004
410599505001
410599506006
410599504001
410599502005
410599503001
410599501003
410599508001
410599510001
410599505003
410599503002
410599509001
410599506005
410599509003
410390044051
410110009003
410579601003
410579605001
410579606003
410079505001
410079513001
410079501001
410079502004
410110011007
410579606002
410079503001
410079503003
410079513002
410079507002
410079509005
410419518003
410419513002
410419512001
410419503041
410419513001
410419516002
410670331021
410670325021
410670327003
410670331011
410670327001
410670325011
410670333021
410670328001
410670333022
410419501001
410419901000
410419515002
410419508002
410419514002
410670316092
410390018013
410390030002
410390044053
410390044052
410390023012
410390024031
410390024013
410579604004
410390029043
410290007005
410290009002
410579604005
410579606001
410579608001
410579601004
410579602002
410579604001
410579604006
410579608003
410579603001
410390001001
410390009042
410390036002
410390017002
410390009032
410390007022
410390033022
410390010022
410390001004
410390004031
410390008001
410390009041
410390009021
410390022011
410390002002
410390021011
410390011021
410390050004
410390045021
410510087001
410050222011
410050241003
410639601001
410639603003
410459703003
410459704001
410510085001
410510085002
410510086002
410510008014
410510087003
410510088001
410510088002
410510088003
410510089012
410510089013
410510007011
410510007012
410510007013
410510007022
410510008011
410510008012
410510008013
410510008021
410510009011
410510009013
410510009014
410510009022
410510010002
410510010004
410510089021
410510090001
410510092012
410510090002
410510090003
410510091011
410510091022
410510092011
410510012022
410510092021
410510092022
410459704003
410459704004
410510010001
410510012011
410510012021
410510013022
410510012023
410510013012
410510013013
410510016013
410510014002
410510014003
410510014004
410510015002
410510016012
410510092023
410510093021
410510093011
410510093012
410510093013
410510094002
410510017023
410510094003
410510094004
410510095011
410510095012
410110007007
410510016016
410510016021
410510016022
410510016023
410510017012
410510017014
410510017016
410510017017
410510095021
410510018021
410510019004
410510020001
410510096042
410510095022
410510095023
410510096031
410510096032
410510096041
410510097012
410510096051
410510096062
410510097011
410510097013
410510024012
410510020003
410510020004
410510023031
410510022032
410510023032
410510025012
410510026001
410510025013
410510025021
410510025022
410510025023
410510025024
410510026002
410510097021
410510097022
410510098031
410510097023
410510097024
410510098011
410510098041
410510028023
410510098042
410510099042
410510027012
410510027013
410510027021
410510028011
410510028012
410510029013
410510029022
410510029023
410510099031
410510029024
410510029025
410510029031
410510099051
410510099052
410510099072
410510099062
410510032001
410510099032
410510072021
410510093022
410510072011
410510098012
410510027011
410510005021
410510030003
410510030004
410510031002
410510031004
410510032004
410510033012
410510034011
410510034023
410510034012
410510034013
410510034014
410510101003
410510035012
410510100012
410510100013
410510101001
410510101002
410510099071
410459400001
410459702003
410459702004
410459703002
410510025015
410510006024
410510049001
410510103053
410510058004
410510076002
410510028022
410510037022
410510015003
410510036032
410510036013
410510036021
410510036022
410510036024
410510036031
410510038011
410510037011
410510037013
410510037014
410510038033
410510038012
410510038021
410510038023
410510039011
410510040013
410510102002
410510103031
410510103032
410510103041
410510103042
410459704002
410459704005
410459705002
410459705004
410459705005
410510029032
410510105001
410510060012
410510039015
410510039021
410510039022
410510039024
410510040011
410510040012
410510104103
410510040021
410510040023
410510103051
410510103052
410510103061
410510104022
410510041011
410510041012
410510041013
410510041014
410510041021
410510041023
410510042001
410510042002
410510063001
410510089011
410510104023
410510104052
410510104101
410510104102
410459705003
410510104112
410510104111
410459702001
410192100004
410290007001
410190100002
410190300003
410190700002
410191700002
410239602005
410290013023
410239601003
410239601001
410239601002
410239602003
410239602001
410239602002
410459709001
410290013025
410190200003
410290015003
410290016024
410290018001
410290018002
410290018004
410290019002
410290020001
410290018003
410290021001
410290024001
410290025003
410290002023
410290002031
410290002032
410290003001
410030104003
410290021002
410290022002
410290024002
410290003002
410290004031
410290008001
410510018011
410510018022
410510019001
410510019003
410510021001
410510022031
410510022033
410510024022
410510024023
410510025014
410510025016
410510026003
410290005012
410290006011
410290009001
410459706004
410459706003
410459702002
410459706002
410459706001
410459703005
410459705001
410390017003
410290006013
410510027022
410510106001
410510106003
410510058001
410510058003
410510061002
410290025001
410290026002
410290028002
410290010021
410290029003
410290029005
410290029006
410290030021
410290028003
410290008002
410290029004
410290030014
410290011001
410390013011
410390015001
410390004042
410390029021
410390004022
410390013013
410390012012
410390001005
410390005002
410390018042
410390009023
410390002004
410390009031
410390009034
410390013012
410510050001
410510062002
410459709004
410290012002
410290013011
410510064021
410510065021
410510066011
410510066021
410510067022
410359706001
410290013012
410510029014
410510029034
410510030001
410510031001
410510031003
410510032002
410510032003
410510035014
410510035011
410510035021
410510036014
410510037012
410510037023
410510038013
410510039013
410510039014
410510040014
410510040022
410510046012
410510047001
410510052002
410191100003
410190400001
410190600003
410192100002
410191900003
410191000001
410191600002
410191600001
410191700001
410659708003
410319602012
410670320031
410510003013
410510011012
410510070001
410510036011
410659708001
410659706002
410659706001
410659705003
410659704002
410659704001
410659703001
410659701002
410659707001
410659701001
410659707002
410670316171
410191600003
410110005021
410110005045
410110007001
410290011002
410030010023
410030011012
410030001003
410030006003
410030107023
410470002001
410030106002
410030106003
410030108001
410030107022
410030011013
410670329022
410670329023
410670329011
410670319102
410670319082
410030011022
410670324103
410670315082
410670321033
410670333014
410670333013
410030001004
410030004001
410030004002
410030004003
410030009001
410030009003
410030009004
410030009005
410030010011
410030010013
410030010021
410030010022
410030011014
410030011021
410470025022
410030011023
410030101001
410470016021
410470016025
410470016023
410030101002
410030101005
410030103003
410030104002
410030108003
410470108012
410470107015
410470107021
410470108024
410470108023
410470105033
410470016033
410470106001
410470027004
410470108013
410470103052
410470024001
410470026002
410470102022
410470105012
410470106002
410470106003
410470108014
410470009004
410470009006
410470009007
410030010012
410470010001
410470016032
410470016034
410470016024
410470018014
410030005001
410030005003
410030006001
410599514002
410599400001
410599400002
410030004004
410470018022
410470018023
410470018024
410470018021
410470002002
410470003002
410470010002
410470016041
410470016042
410470016043
410470016044
410470017011
410470018025
410470011002
410470012001
410710301011
410710301012
410710306013
410710306012
410710306022
410710307011
410710307023
410710307013
410710309002
410710310002
410470003003
410470003004
410470012002
410470021011
410470021021
410470021023
410470021024
410470015011
410470015012
410470015013
410470015021
410470015022
410470017012
410470017013
410470017021
410470017022
410470004001
410470015031
410470015032
410470015033
410470016011
410470016012
410470015023
410470017023
410110007006
410470005012
410619702003
410619706002
410470017031
410470018011
410470018012
410470006001
410470006002
410470007011
410470006003
410050242002
410530205001
410530053004
410530202022
410530203025
410530204005
410530202042
410530052013
410470007013
410470018013
410470024002
410470013003
410470027002
410470104004
410470101001
410470105011
410470016031
410470017033
410470028002
410470107023
410470021022
410470026001
410470009001
410470009002
410470016013
410470016014
410470017032
410470027005
410470018032
410470108021
410470027003
410470013001
410470009005
410470108022
410470107022
410470028001
410470101002
410470027001
410470009003
410599510004
410599510005
410599511002
410599511003
410030011011
410030104001
410030102003
410030011024
410030102001
410030101004
410030002021
410030101003
410030103001
410030005002
410030006002
410030009002
410030109001
410030001001
410430301003
410470103051
410470103053
410030001002
410030102002
410030103002
410470104002
410470104003
410470105014
410430304012
410430308003
410430301002
410430304013
410430304025
410430308001
410430203003
410430304023
410430309025
410430301004
410430306005
410430304021
410430306001
410430306003
410430309034
410430205002
410430304014
410430302006
410430309024
410430201001
410430203005
410430307004
410470022023
410430302003
410430309043
410430303002
410430201004
410430202001
410430305002
410430303003
410430206004
410430309021
410050223023
410470105021
410430201002
410430203001
410470103071
410470105022
410470105023
410470105031
410470107011
410430203002
410470023011
410470023012
410470103065
410470103061
410470103064
410470103072
410470105013
410430204001
410430203004
410430204002
410430204003
410470023032
410470107013
410430204004
410470103041
410470103031
410430206001
410470021012
410470103042
410470103043
410470108011
410470108015
410470003001
410470102011
410430302004
410430302005
410599507001
410599507002
410599507003
410599508002
410599510003
410470103044
410430307003
410430301005
410430301001
410430305001
410430307001
410430303001
410430309041
410430305003
410470025023
410510008022
410510008023
410510010005
410430208023
410430208022
410430208012
410599506002
410599506003
410599506004
410430309023
410430309031
410390035004
410430308006
410390050003
410390054003
410430206002
410430309032
410430309033
410430201003
410430304011
410430304022
410430306004
410430309022
410050223022
410050227023
410050227024
410050211002
410050243022
410050227022
410050235003
410050212003
410050237003
410050204011
410050230021
410050241002
410050231001
410050239022
410050218021
410050236002
410050236003
410050235001
410050234043
410430302001
410430302002
410050232022
410050231003
410050235004
410050228003
410050237001
410050218022
410050237004
410050235002
410510038022
410430304015
410430304016
410510039012
410510039023
410510106002
410510087002
410510001007
410510002004
410510006021
410510003023
410510004014
410510005011
410510005012
410510005022
410510007014
410510007021
410510007023
410510007024
410419511002
410099702003
410110009002
410430306002
410430308002
410430308004
410430308005
410390017001
410390023011
410430206003
410430206005
410430207003
410110010004
410110002002
410110010001
410110010003
410110009006
410110011001
410110001003
410110009008
410419516001
410419518002
410419501002
410419504002
410419514001
410419518001
410499702003
410499701002
410499701005
410499701001
410499702002
410499702006
410499702001
410499702004
410190700001
410499701003
410191500003
410191600004
410192000004
410192100005
410190400002
410190500014
410190900004
410191300001
410191500002
410191800003
410192100001
410099704001
410390005001
410390002003
410390007053
410390007052
410390007062
410390011011
410390011012
410390011013
410390012011
410079502003
410079503002
410079505002
410390012013
410390012022
410390012023
410099709003
410099708002
410290026001
410079501002
410079502001
410110011003
410099705004
410099706001
410099710002
410099707003
410099706003
410099711002
410099710001
410099705002
410099703005
410099704002
410191100002
410099705003
410099702001
410119901010
410190500021
410191800005
410192000001
410192000003
410190300002
410190300001
410191300004
410099707001
410099707002
410390007021
410099707004
410390007082
410710301021
410710301023
410710303013
410710303022
410710303014
410710303021
410191200004
410190800005
410190900002
410190200002
410190600001
410190500023
410191900001
410191100001
410191600005
410190500011
410190900001
410191800004
410191800002
410192000002
410191400001
410191000002
410190800001
410191500001
410190500013
410191200003
410191900002
410190100001
410190500012
410192100003
410190400003
410190600002
410191800001
410190200004
410191300003
410191200001
410190200001
410190500022
410190500024
410110008002
410190800003
410190900003
410191000003
410190700003
410190800002
410099710003
410191200002
410191200005
410099703003
410099702004
410099702002
410099703001
410099706002
410099705001
410099706004
410099703002
410099708003
410099711003
410319602021
410099711001
410319603022
410319400002
410319603024
410319601002
410319601001
410319400001
410510057002
410191300002
410191300005
410030002022
410030108002
410050229042
410050232012
410191400003
410191400004
410191400005
410050238004
410510006023
410510072012
410030106004
410030107021
410390030003
410390031012
410390031021
410390031022
410390032011
410390032012
410390018032
410390018033
410390018041
410390019021
410390019022
410390019023
410390019024
410390019031
410050234031
410050221081
410050230022
410050233002
410050240001
410050241001
410050209002
410050240002
410050238002
410050229011
410050201002
410050234013
410050208003
410050243021
410050236001
410050219002
410050242003
410510052001
410510070002
410510048002
410510070004
410510100021
410510003014
410510098033
410510024011
410510056001
410170006003
410079504002
410079509004
410170005002
410170005005
410170006004
410170007003
410170008001
410170011001
410170008002
410170008003
410170008004
410170009002
410170005004
410170014001
410170002001
410170002004
410170019021
410170012002
410170003003
410170004021
410170004011
410170003004
410170006002
410170003001
410170010012
410170011003
410170013003
410170003002
410170018002
410170007001
410170005001
410170007002
410170021004
410170012001
410170021002
410170002003
410170012004
410170007004
410170021003
410170005003
410170010013
410170011002
410170006001
410170016001
410170002002
410170015002
410170015001
410170015004
410170016003
410170019022
410170019023
410170009003
410170009004
410170013001
410170013005
410170013004
410170014003
410170014002
410170019011
410170015003
410170017002
410170017003
410170020002
410170020004
410170020003
410170012003
410170013002
410170018001
410170020001
410170004022
410170017001
410170010021
410170009001
410470025012
410170016002
410170001001
410510092013
410359713005
410359713006
410359714002
410359714004
410359714005
410359715002
410359717003
410359717004
410359718002
410359718003
410359719001
410359719002
410359719004
410359719005
410359720001
410359720004
410359704001
410430207002
410191200006
410190800004
410170021001
410079506003
410159501001
410159501002
410159503012
410079509002
410079509003
410079509006
410079512001
410079512003
410199900000
410470107014
410470107012
410390004034
410191400002
410599501001
410599502002
410599504004
410030109002
410290015004
410290010014
410419506022
410419506012
410419506011
410419503043
410419503032
410419509004
410419510001
410419516003
410110004004
410110004005
410110005031
410110005032
410110005041
410110005043
410110006001
410710308013
410710305014
410510064031
410510065011
410419506013
410419506021
410419504001
410419503031
410419512002
410419515001
410419517001
410510086001
410599511004
410599512001
410670326081
410333607013
410333607022
410333609002
410333610002
410333611001
410333612001
410333612003
410333613002
410333613004
410333615001
410333616002
410333616005
410333616007
410333603002
410599512005
410599512006
410599513002
410599511001
410159502001
410659701003
410659702001
410670316094
410670324081
410670318152
410670325012
410670301011
410470103073
410659702002
410030106001
410050215001
410670318121
410670314021
410670316172
410670301014
410670315132
410670315131
410670317033
410670318072
410670324091
410670318142
410670320033
410430304024
410050222052
410050221052
410050218013
410050220001
410050221014
410050221013
410050222082
410670315085
410670309002
410670316102
410670316093
410670301021
410670318151
410670308061
410670324082
410670320032
410670324092
410430205001
410050222072
410050222071
410050221032
410050222061
410670324071
410670308053
410670318141
410670312001
410670318153
410670320051
410670321101
410670320041
410050222062
410050226053
410050227072
410050227101
410110010002
410290005021
410470004002
410470014021
410510011011
410390007061
410390016005
410390005003
410390012021
410390010011
410390010021
410390020011
410390016003
410390010023
410390022021
410390033021
410390045011
410390011023
410390016004
410390004023
410390023022
410390014001
410390009024
410390041002
410390049001
410390020021
410470023044
410470018031
410470022011
410050238001
410050238003
410470025013
410470025011
410470014011
410510015001
410470023033
410470023043
410333611004
410470005011
410470005022
410470004003
410290004051
410470014022
410470014012
410470022022
410470023042
410470020003
410470011003
410599502007
410599503003
410599504002
410599504003
410599504005
410599504006
410470005023
410599502003
410470016022
410470020001
410470011001
410159504004
410159503023
410390013023
410390015002
410510012014
410510013021
410510014001
410510014005
