440090503012
440070014005
440070169003
440070174003
440070112005
440090505003
440070113013
440070113021
440070113022
440070114012
440070141001
440070141002
440090506003
440090508015
440090513041
440090509021
440090511013
440090507002
440070124011
440070141003
440070141004
440070142003
440070142002
440090501022
440090511021
440070116002
440070117012
440070117013
440070117021
440070144003
440070145021
440070145023
440070146001
440070031004
440070031005
440070032001
440070032002
440070032004
440070033001
440070033002
440070033003
440070033004
440070034001
440070034002
440070034003
440070122002
440090507003
440070124012
440070124013
440070164003
440070165001
440070165002
440070165003
440070167001
440070168001
440070168002
440090504023
440090506001
440090506004
440090511012
440090509013
440090513062
440090501032
440090515041
440070147001
440070128013
440070111001
440070147006
440070016001
440070128032
440070133001
440070114021
440070129004
440070114014
440070032003
440070152001
440070005003
440050409004
440070155001
440070104001
440070101023
440070127011
440070036021
440070016005
440070037003
440070131021
440070034004
440070035002
440070035001
440070036012
440070036022
440070037001
440070037004
440070123001
440070101011
440070101012
440070012001
440070127023
440070124015
440070124021
440070124022
440070126011
440070131022
440070106001
440070170002
440070171003
440070171001
440070171004
440070173002
440070173003
440070174001
440070174002
440070175001
440070175002
440070019004
440070014003
440070140002
440070122003
440070023006
440070113012
440070031001
440070012002
440070147002
440070110003
440070105011
440070133003
440070158005
440090509011
440070125001
440090503013
440090512021
440090513025
440050401022
440070117022
440070118001
440070118002
440070118003
440070118004
440070118005
440070147003
440070147004
440070148001
440070150001
440070150002
440070151001
440070151002
440070151003
440090509024
440090511011
440090507005
440090515024
440090415002
440090501031
440090510001
440090507006
440090515025
440090503022
440090504012
440090510003
440090508012
440090511014
440090501034
440090503021
440070157002
440070120001
440070120002
440070120003
440070120004
440070120005
440070121041
440070152002
440070153001
440070154002
440070155002
440070155004
440070156002
440070157001
440070157003
440090504011
440070158001
440070158002
440070159003
440090512023
440090509022
440090508011
440090513061
440090507001
440090507004
440090504021
440070102004
440090506002
440070101013
440070101014
440070101021
440070101022
440070101024
440070102001
440070102002
440070102003
440070126021
440070126022
440070176002
440070126023
440070126025
440070126026
440070175003
440070176001
440070178003
440070177001
440070177002
440070177003
440070178001
440070178002
440070104005
440070179001
440050401023
440050417023
440050414002
440050401021
440050412001
440050411003
440050417021
440050417011
440070102006
440070102007
440070103002
440070103003
440070104003
440070104004
440070105012
440070180002
440070127021
440070127022
440070128011
440070128012
440070128021
440070128022
440070179002
440070179003
440070180001
440030208001
440070180003
440070181002
440070181001
440070170004
440030206013
440030222022
440030223004
440030203005
440030213004
440030223003
440090508022
440090509023
440090501041
440090510005
440090508021
440090509012
440090503011
440090510004
440090508014
440090501033
440090505001
440090505002
440090515044
440090504022
440090511023
440090512011
440090512024
440090512022
440070132011
440070132012
440070132013
440070133004
440070134001
440070134002
440070134003
440070134004
440070135001
440070182001
440070182002
440070183001
440070184001
440030214013
440070184002
440070184003
440070184005
440030222015
440070185002
440070185003
440030207032
440030219014
440030222011
440010302003
440010305003
440030210012
440030209032
440030209033
440039800001
440030207033
440030202003
440050409002
440050402002
440050411001
440050401031
440030221001
440030210011
440030201011
440070139003
440070168003
440070114033
440070140005
440070003005
440070036023
440070160002
440070024006
440070028002
440070105021
440070145013
440070116003
440070146002
440070035004
440070036011
440070105013
440070106002
440070119023
440070121032
440070121043
440050401013
440070148002
440070145011
440070008003
440070011002
440070007003
440070029004
440070016002
440070167002
440070166001
440070171002
440070019001
440070006001
440070119011
440070119012
440070009001
440070169002
440070010002
440070156003
440050416022
440050401035
440050403042
440090513021
440050414001
440050408002
440050404002
440050403031
440070125003
440070132023
440070021012
440070170001
440070108002
440070114034
440070115001
440070116004
440070115003
440070159004
440070108003
440070128031
440070132014
440070154001
440070129002
440070014004
440070146003
440070145012
440030201013
440030206022
440030222023
440010309022
440010304001
440010301003
440010306022
440010301001
440010307003
440010301004
440010302001
440010302002
440010301002
440030208002
440030205002
440030215011
440030201022
440030203004
440030208003
440030206033
440030222014
440030205001
440030223002
440030206021
440030207022
440030207031
440030207011
440030209042
440030203002
440030202001
440030215013
440030201023
440030211001
440030217005
440030204002
440030207021
440030224002
440070013003
440030201012
440030201021
440030202002
440010307004
440050405003
440050410001
440050411002
440050417022
440090513052
440050413003
440070026002
440070037002
440090501042
440090512012
440090503023
440050401034
440099901000
440099902000
440090515031
440090508013
440090510002
440090415001
440090513063
440050401033
440090515021
440090515042
440090501021
440050413001
440050403041
440050413005
440059900000
440050404003
440050406004
440050401011
440050401036
440050416021
440050404001
440050401012
440030222012
440030222013
440030222021
440030223001
440030224001
440030219011
440030203001
440030203003
440030204001
440030204003
440030205003
440030206011
440030206012
440030206031
440030206032
440030206041
440030206042
440030206043
440030209011
440030209012
440030209013
440030209014
440030209041
440030210022
440030210024
440030210023
440030210021
440030211002
440030211003
440030211004
440030212001
440030212002
440030213001
440030213002
440030213003
440030214011
440030214021
440030214022
440030214023
440030215012
440030215014
440030215021
440030215022
440030215023
440030215024
440030216001
440030216002
440030217001
440030217002
440030217004
440030218001
440030218002
440030219012
440030217003
440030219013
440030219021
440030219022
440030219023
440030219031
440030219032
440030219033
440030220001
440030220002
440030220003
440030221002
440030221003
440030221004
440050403021
440050403022
440050403032
440050402001
440050405001
440050405002
440050406001
440050406002
440050406003
440050407001
440050407002
440050407003
440050408001
440050408003
440050409003
440010303001
440010303002
440010303003
440010304002
440010304003
440010305001
440010305002
440010306011
440010306012
440010306013
440010306021
440010306023
440010306024
440010307001
440010307002
440010308001
440050410002
440050413002
440050413004
440010308002
440010308003
440050416011
440050401032
440010308004
440010309011
440010309012
440010309013
440010309021
440010309023
440010309024
440090513022
440070113023
440070157004
440070142001
440070122004
440070147005
440070123002
440070184004
440070011003
440070130012
440070131011
440070130024
440070114015
440070019005
440070021024
440070023002
440070021013
440070024001
440070024003
440070027001
440070023005
440070028001
440070029002
440070029003
440070027004
440070114011
440070021025
440070130021
440070126024
440070035003
440070005002
440070156001
440070158004
440070117023
440070131013
440070129003
440070117011
440070126012
440070109002
440070130023
440070138004
440070130022
440070130011
440070132021
440070153002
440070001012
440070027003
440070002001
440070002003
440070158003
440070020001
440070111002
440070159002
440070001013
440070001014
440070002005
440070003001
440070004001
440070003002
440070003003
440070003004
440070004003
440070014001
440070005001
440070006002
440070009002
440070011001
440070012003
440070016003
440070016004
440070017003
440070137011
440070018006
440070019002
440070019003
440070019006
440070020004
440090511022
440050416012
440070102005
440070105022
440070105024
440070106003
440070106004
440070106005
440070106006
440070135004
440070135005
440070136001
440070136002
440070136003
440070021022
440070137012
440070137013
440070185001
440070007001
440070007002
440070008001
440070008002
440070013001
440070017002
440070018001
440070018002
440070018003
440070018004
440070018005
440070020002
440070020003
440070021023
440070021021
440070107025
440070107012
440070107021
440070107022
440070107023
440070107024
440070108001
440070024005
440070109001
440070109003
440070137014
440070137022
440070137023
440070138001
440070138002
440070138003
440070138005
440070021011
440070022001
440070022003
440070023001
440070023003
440070023004
440070024002
440070022002
440070024004
440070170003
440070025001
440070025002
440070026001
440070026003
440070027002
440070028003
440070028004
440070029001
440070022004
440070104002
440070132022
440070017001
440070013002
440070013004
440070014002
440070015001
440070015002
440070015003
440070016007
440070131023
440070110001
440070112001
440070112002
440070112003
440070112004
440070139001
440070139002
440070140001
440070140003
440070140004
440070113011
440070123003
440070127013
440070133002
440070003006
440070137021
440070155003
440070169001
440070001011
440070001021
440070001022
440070001023
440070001024
440070002004
440070004002
440070004004
440070163002
440050409001
440090513024
440090513026
440090501035
440090515043
440090513023
440070114013
440070114031
440070115002
440070116001
440070143001
440070143002
440070143003
440070143004
440070144001
440070144002
440070029005
440070031002
440070031003
440070121042
440070121021
440070121022
440070121023
440070121024
440070160003
440070160001
440070161001
440070161002
440070161003
440070161004
440070163001
440070130013
440070163003
440070164001
440070164002
440030209031
440030212003
440030214012
440030206014
440070145022
440070107011
440070115004
440070114032
440070119022
440070119021
440070121031
440070148003
440070125002
440070124014
440070124016
440070010001
440070173001
440070110002
440070114022
440070127012
440070131012
440070135002
440070122001
440090513051
440090514001
440090515022
440090515023
440090515032
440090515033
440070016006
440070002002
440070135003
440070105023
440070159001
440070103001
440070129001
