450190027022
450190027023
450190029003
450770104022
450790107034
450790109001
450790110001
450790113031
450790113032
450750109006
450790113041
450790113042
450790113044
450790113051
450790113053
450790114113
450790114123
450790114122
450790114042
450790114043
450790119011
450790119012
450679502002
450679504004
450679505004
450659202002
450659203002
450599203024
450599203013
450599204003
450150201021
450150208113
450150202021
450150208081
450150208071
450150207111
450150205051
450770111031
450770103003
450770110021
450770110024
450770103002
450770106011
450770109012
450770112022
450770110023
450770110031
450770109011
450770111021
450770101002
450770104024
450770105022
450770110022
450770104031
450899703005
450279604001
450279606001
450790107013
450279605004
450279605003
450770108041
450770109031
450030216014
450030216011
450030216021
450030216024
450910611042
450910615013
450350108151
450910617061
450910609061
450910610033
450910611041
450910611031
450910610081
450819603001
450819604002
450819602013
450819603002
450819601001
450119705002
450119801001
450150208121
450150207131
450150207121
450150208101
450150201022
450150207183
450150202011
450350108192
450599203011
450599209003
450450026093
450450027022
450450027023
450450037012
450450037062
450450037071
450790011001
450790030001
450630205104
450630211091
450630210292
450899701002
450899706004
450899702002
450899703001
450899708012
450899702001
450899706001
450899701001
450899709001
450899707003
450899704001
450899708013
450899709002
450899705011
450899704003
450899703003
450899705021
450899703002
450899704002
450899705012
450790114112
450899705022
450899706002
450899706003
450899706005
450450028131
450450028132
450450028152
450450029052
450450029031
450450029033
450450030051
450450030121
450450030123
450450020053
450450021031
450450021041
450770108043
450770105011
450770108013
450770104012
450770108021
450770103001
450770104025
450770111012
450770105012
450450021062
450450021063
450450021071
450450021072
450450021081
450310105001
450910610031
450910610051
450910609072
450910610072
450910610061
450510602091
450510701022
450510512011
450510513021
450510503032
450510506002
450850009022
450850009023
450850017013
450850017032
450850017041
450850017042
450190026141
450190026134
450190046064
450190046113
450190046091
450190046085
450190050001
450790104131
450790114131
450790114142
450790101032
450790103082
450790101022
450790103072
450790107023
450790107021
450790003002
450790114111
450790119021
450379702012
450790013001
450790105012
450790118001
450790113052
450790101041
450790103062
450790119022
450790106003
450790118004
450790113014
450790102001
450790120001
450379702021
450630213041
450790111023
450790118005
450790023002
450030215003
450030215001
450790107012
450790113033
450130021071
450130021063
450130021053
450130021031
450130021062
450030202002
450030204002
450030210013
450030212021
450030213002
450030217001
450299901000
450630210091
450630210182
450630211111
450630213031
450630210191
450630213081
450630205094
450790120002
450790104112
450790107011
450790112021
450790116061
450790118003
450719503004
450719501003
450719507001
450719501002
450719503001
450719505025
450719501001
450719502021
450179504002
450030213001
450030214001
450030214002
450030214005
450030214004
450179502001
450179502002
450179501002
450179504004
450179501001
450179504003
450179501003
450179504001
450179502003
450179502005
450179502004
450730309023
450730304015
450730309011
450730309012
450730309021
450730310005
450730310003
450730310004
450730311002
450730302001
450730306011
450830231014
450399604002
450850003001
450850007002
450910609012
450910610042
450910609063
450910615023
450910614032
450899708021
450679502004
450450028031
450450028051
450450028052
450450028053
450450037041
450450037042
450450036013
450450037051
450450019001
450450019002
450450020011
450450020052
450450038011
450450027021
450450029051
450450038021
450659201001
450659202005
450659202003
450659203001
450659202001
450659202004
450130003002
450130005011
450130003003
450130003001
450130009022
450130002003
450130005013
450130011013
450130103003
450130111005
450130010002
450130011023
450910610041
450910611032
450910618021
450910617053
450510507001
450510602031
450510602032
450510515031
450850017043
450850017044
450850018022
450850018023
450850020003
450790116041
450790016001
450790007001
450790007002
450790031002
450790104122
450750103004
450750114002
450750108003
450790031001
450790010002
450790010001
450790028002
450790030003
450790021001
450479708006
450479707022
450479708005
450479706005
450479702024
450479710001
450479706003
450479705004
450479702021
450830203011
450830204001
450830204002
450830205001
450830205002
450830222011
450830222012
450830222021
450830222023
450830222024
450830203012
450510404001
450510516011
450190033002
450190033003
450410003003
450410005002
450410006001
450410006002
450830238022
450830232023
450830238011
450830236005
450830223021
450830227004
450830224033
450830227001
450830239003
450830227002
450830219023
450830232022
450259501023
450830212002
450830209001
450830210011
450510502002
450510504011
450510504022
450510515021
450259505025
450259505024
450259506001
450259501012
450259504004
450410007002
450410007003
450410008003
450410008002
450630208031
450410008004
450830210012
450830210013
450830211001
450830211002
450830211003
450510505001
450510505002
450510505003
450130021041
450130021051
450130021042
450130021052
450130021022
450130021021
450910610062
450910610052
450910617051
450910617052
450910609062
450910615022
450910616012
450910610032
450510512012
450510512022
450510513012
450630211062
450630214032
450630210221
450630210092
450630206052
450630205093
450630213051
450630210301
450699602001
450479703014
450479708004
450830206011
450630207052
450630207072
450630210141
450630210311
450630208021
450630210322
450630210291
450630213061
450630208022
450630208041
450630208052
450630209042
450630209032
450630209031
450630213071
450830206032
450830206033
450830207011
450630210331
450630213082
450630210281
450630210271
450630209061
450630209071
450630214031
450630210321
450630212061
450630210241
450630213062
450630211151
450630213042
450630209051
450630207082
450630208033
450630208011
450630209081
450630212042
450630207061
450499201001
450510501021
450510502001
450830225002
450410009002
450410009001
450410011005
450410011003
450830212003
450830213011
450830213012
450830213021
450830213022
450830213031
450830213032
450499204003
450499201002
450499204002
450499204001
450499205001
450499203002
450499203001
450499202002
450499204004
450030201001
450499202003
450830217002
450830217003
450830218032
450830218021
450830218023
450830218024
450510506001
450439205011
450030203021
450030219001
450030202003
450030218002
450030210012
450030212031
450030212023
450030210022
450030220022
450030203011
450030217003
450030203023
450030209012
450030219003
450030202001
450030212022
450030215002
450030212012
450030216022
450030216013
450350104002
450030205002
450030207013
450030207014
450439206002
450439206004
450439206005
450439206006
450439207002
450439203012
450439206003
450439207004
450870303005
450870304005
450870307002
450870309001
450350106042
450350102004
450350103001
450350105052
450350108071
450350102003
450350105053
450350105011
450350103002
450350102001
450350103003
450350103005
450719506026
450350106062
450350106061
450350108012
450150207211
450150207102
450150207201
450150208093
450150205041
450150205062
450150207242
450150204042
450350104001
450770108042
450719503003
450719506021
450719506022
450719506023
450719506025
450719507003
450719506011
450719505021
450719502025
450719505024
450130021083
450130010001
450130022011
450130022022
450130022012
450130021082
450130021011
450130102004
450130106003
450130107002
450130108001
450130001001
450130002001
450130022021
450130009011
450130004001
450130005022
450130009012
450130008002
450130007006
450410026001
450130011022
450130005021
450130012001
450130113001
450130021075
450410014001
450410014002
450410014003
450410014004
450410022021
450410022022
450630213030
450410026002
450410026003
450410018003
450410023002
450410025001
450630210250
450630210210
450479704002
450630212060
450630212050
450630212030
450630211140
450630211150
450479701021
450479702022
450310110001
450479709001
450479705005
450479705006
450479706002
450479706004
450499201003
450499202004
450499205002
450510509003
450510510001
450510516013
450510602042
450030210014
450030205003
450510405003
450410015041
450410015042
450410015051
450410016011
450410016012
450479703022
450479708001
450479708002
450479708003
450830231023
450830231024
450830233011
450830233021
450830233022
450830236002
450830220032
450830222022
450830224013
450830224014
450830225001
450830225003
450830208001
450830239002
450830214021
450830215001
450830215002
450830215003
450830216002
450830219011
450830220052
450830220062
450830220031
450830220033
450510512021
450510702001
450310109003
450310106003
450310101003
450310112004
450310115002
450310103004
450310113001
450310110003
450310102004
450310104001
450790101042
450450021082
450450022011
450450022014
450450022015
450450022021
450450022022
450450023012
450450023021
450450023031
450510503031
450790118002
450070107005
450070108003
450070111001
450070113001
450750103005
450750104001
450750116004
450750105004
450750108001
450750109001
450750111002
450750116003
450750113001
450790114161
450790024002
450790114152
450790026041
450790101034
450790114182
450790114191
450790114151
450790101031
450790101033
450790114141
450790103071
450790103081
450790103092
450790116071
450790117021
450790114071
450790103073
450790029001
450790114121
450790116081
450350103004
450070120012
450070120023
450070101023
450350104003
450350101002
450350107001
450350101001
450870301002
450339704002
450790105021
450790106001
450379703003
450379704002
450379704001
450790104072
450379702022
450379703001
450379702023
450379703004
450379702025
450379703002
450790106002
450790107024
450790107031
450790107032
450790107033
450870308001
450870304002
450870308003
450870307003
450870308002
450870303004
450870307001
450870301001
450870308004
450870303003
450870303001
450870304001
450870306002
450870306001
450870304003
450870309002
450150203024
450790107022
450790106004
450339706002
450339705002
450339703005
450339705004
450339705005
450339706004
450339704003
450150206001
450150207163
450150210003
450339704004
450150209012
450150209032
450150204012
450339701002
450339706005
450339702003
450339705003
450339706006
450339704005
450339701001
450339706003
450339701003
450339703004
450339705001
450339706001
450339703003
450339702002
450339704001
450339704006
450339703002
450339703001
450339702001
450479707021
450190030001
450190030003
450190031041
450190031042
450479701023
450479701011
450479701022
450479702012
450479704004
450479707023
450479702011
450479703021
450510706011
450190031051
450190031071
450190031072
450190031081
450730308003
450479703013
450479707011
450190021044
450190033004
450190039002
450190019021
450190058002
450190027011
450190055001
450910616021
450910616023
450510401042
450510401012
450510514032
450510603082
450510514062
450510516041
450510707022
450510801011
450510516042
450510801022
450510801012
450510516051
450510706012
450910604011
450910601021
450910601022
450910601023
450910602002
450910602001
450910603001
450910603003
450350106052
450910604021
450910604022
450910605012
450910605021
450910607002
450910607003
450350105043
450350105042
450350107002
450350108011
450559708005
450350108152
450350108141
450030218003
450559704022
450559704012
450559704013
450559709031
450559706023
450559705005
450599201033
450230201001
450030217002
450350108142
450350108182
450230201003
450230209001
450230210001
450230210003
450230206011
450230207002
450230210002
450130111002
450130112001
450130006001
450130009021
450130103002
450130106002
450599201031
450599201021
450599201041
450599202012
450599210021
450599202021
450599203012
450599210012
450599202024
450599203023
450599205022
450599201034
450259502002
450259505022
450259504003
450259507003
450259507004
450259505023
450259501013
450259506005
450259503003
450259505011
450259506003
450070113004
450070103002
450070005001
450070122004
450070115001
450070009001
450070114013
450070102001
450070102003
450070119022
450070106001
450070118001
450070113002
450070115004
450070108001
450070122001
450070105003
450070101043
450070101022
450070116002
450070106004
450070122002
450070103001
450070006001
450070101021
450070102002
450070108002
450070115003
450070117001
450070107003
450070104014
450070104021
450070101042
450310101001
450850004005
450850004003
450850006001
450850001002
450850018021
450770111024
450310113003
450310102001
450310103001
450310109005
450310116003
450310109004
450310108001
450310103002
450310114003
450310112001
450310103003
450310102003
450310101002
450310109002
450310115001
450310114004
450310102002
450310101004
450310116002
450679506003
450679505001
450679501004
450679503003
450679503004
450679504003
450679501002
450679506001
450679505002
450679503001
450679505003
450679507001
450679508002
450679503002
450679507002
450570111003
450790105011
450790119014
450310105002
450310105003
450310106001
450310106002
450259508002
450259503001
450259504005
450259506002
450259508001
450030207011
450030210023
450570102001
450570109003
450570112011
450570112012
450570110021
450070109002
450310104003
450310108002
450190019012
450519901000
450070106002
450070112011
450070110012
450070119015
450070120021
450070109003
450070110021
450070112022
450070104022
450070109004
450070101031
450070101032
450070114023
450070119014
450070120022
450410015062
450439204001
450439207003
450439202014
450439203022
450230208003
450230205003
450479704001
450479704005
450479704006
450070104011
450070104013
450070104015
450070106003
450070107001
450070104012
450070105002
450070107004
450070110011
450070116001
450070119012
450830226001
450830226002
450830228012
450830229002
450830229001
450830231012
450830231013
450830231021
450899708011
450899707001
450510513011
450510703002
450510802001
450510201001
450510203004
450510403003
450410001011
450410009003
450410017001
450410015052
450410015061
450410019001
450410003004
450410004003
450410015043
450299704021
450299704011
450299704013
450299706002
450299706003
450190009002
450790116062
450070115005
450070115006
450070117003
450070118002
450070119013
450070119011
450790114192
450190031104
450190031114
450219703022
450219705021
450219705023
450219705024
450790114044
450190021013
450190026052
450190016002
450190020063
450190020053
450190031111
450190026041
450190056002
450190050003
450190019022
450190027024
450190050004
450190054002
450190024001
450190025021
450190021011
450190049021
450190022001
450190039003
450219702012
450219702011
450219703011
450219703012
450190031061
450190026062
450219703013
450219703021
450190025024
450190027021
450190058001
450190020052
450190022002
450190046062
450190020071
450190026142
450190024003
450190019011
450190046082
450190034002
450190029002
450190001001
450219705022
450219706012
450190025025
450190026112
450190028022
450190031073
450190031091
450190035003
450190046112
450190001002
450030211012
450190001003
450190002001
450190002002
450030212014
450030206011
450030220011
450030209022
450030211011
450219701004
450190004001
450190005001
450190005002
450219701002
450219707002
450219704021
450219702023
450219701001
450219703024
450219704012
450219707001
450219702021
450219706011
450219704011
450219704024
450219706013
450219703023
450219704022
450219706021
450219701003
450190010002
450190007001
450190007002
450190051001
450190009001
450190010001
450190011001
450510707021
450190011002
450190011003
450190015001
450190015002
450190052001
450190020023
450790110002
450790111012
450790111013
450190020032
450190020072
450190021012
450190021031
450790001001
450790024003
450790104032
450190026043
450190026051
450190026053
450190026061
450790112011
450790112012
450790113011
450790113012
450790113013
450790113015
450790113016
450910616024
450910616025
450910617071
450910617072
450910618011
450910618012
450910612022
450599204005
450450015022
450450016001
450450017001
450450017002
450450017003
450450018071
450450018032
450510401022
450450018033
450450018041
450450018042
450450018051
450450018052
450450018053
450450041011
450450001001
450450001002
450450002001
450519801001
450510603011
450450007001
450450008001
450510301022
450450010001
450450011011
450450011012
450450011013
450510603081
450510202002
450510801013
450510601011
450510401021
450510401041
450510401032
450510402002
450510405001
450510403001
450510516052
450510604062
450510504021
450450011014
450450011021
450450011022
450450012031
450450012051
450450012041
450510601021
450510601022
450510702002
450510707013
450510704001
450510705002
450510301032
450510603012
450510101001
450510602061
450510706021
450510509001
450510509002
450510602041
450130101003
450510701012
450450043002
450450013021
450450014001
450350105051
450350108132
450130112002
450130022013
450130007004
450130011021
450130103001
450130110001
450130006002
450130005031
450130002002
450130011011
450130107001
450130106001
450130102002
450130111003
450130104001
450130001002
450130011012
450130005033
450130007001
450130001003
450130009023
450130104002
450130008004
450130007002
450130102003
450099601006
450130101004
450130005032
450130007003
450130007005
450130008001
450130008003
450130009031
450130101001
450130021032
450150207231
450150207071
450150207072
450150207073
450150207142
450150208092
450099604001
450099601002
450099602001
450099602006
450150208041
450150209011
450150210002
450150205032
450819604003
450819601002
450819602011
450819603003
450819604001
450190032001
450190033001
450099601004
450099602004
450099602007
450099601003
450099602002
450099602005
450099602003
450099601001
450099601005
450099603002
450099603001
450099604002
450619202002
450619201001
450619201002
450619202001
450619202004
450619203021
450619203022
450619204001
450619204003
450619206001
450619203023
450599204001
450450030112
450450030142
450450030132
450450030131
450450033043
450310116001
450230202001
450230202002
450230202003
450790104081
450190031063
450190035001
450190053003
450190044001
450190049022
450599204002
450770112021
450679501001
450230202004
450230203002
450310111001
450230203003
450230203004
450310110002
450450034011
450450009001
450450042001
450450004001
450450015012
450770111022
450630201001
450630205101
450630202011
450190049011
450190047011
450190053002
450190006001
450190031092
450450033032
450450007002
450450016002
450450020032
450190051002
450190004002
450190053001
450190052002
450190027012
450190031052
450190037001
450190036002
450190047014
450450023022
450350108085
450350108163
450350108161
450350108162
450190046102
450190020042
450190021051
450190025023
450190021032
450190026042
450190026131
450190028013
450190031141
450190057002
450190021042
450190021041
450190057004
450190056001
450190046084
450190046092
450190050002
450030221002
450190026125
450350108183
450350108171
450350108172
450350108181
450819602022
450819602012
450819602021
450870305001
450870304004
450219702022
450219705011
450219705031
450219706014
450910609074
450770112041
450770104021
450770106023
450770106012
450770108033
450770112031
450770112032
450770112033
450770107001
450770110011
450770110032
450559706021
450699602004
450699603013
450699603014
450559701002
450559707001
450559706011
450559702001
450559705003
450559701001
450559707002
450559703002
450559706016
450559702002
450559703003
450230209002
450559705001
450559706012
450559706013
450559706014
450559706015
450559706022
450379702011
450559708002
450559708003
450559708004
450559705004
450770112052
450770112051
450230205001
450230208001
450230201002
450230208002
450230206021
450230205002
450230206012
450730305001
450230204002
450230203001
450750110004
450190049012
450150207101
450150210001
450730303003
450730309022
450730301002
450730306022
450730311003
450730308004
450730308005
450730304012
450730310002
450730301003
450730307022
450730307014
450539501004
450539503003
450539501001
450539503001
450399602001
450539503002
450539503004
450539501002
450539501003
450030216023
450630210174
450630209041
450630205063
450059702002
450030214006
450399603001
450399604001
450399605004
450399605001
450399604005
450399603004
450399601001
450399602003
450399602002
450399605003
450399604003
450399601002
450399603003
450730301001
450030201002
450150203012
450730307012
450730307021
450730308002
450730310001
450730311001
450070113003
450790104033
450790104101
450790104103
450790104102
450790104111
450790104113
450790104071
450070105001
450070107002
450070107006
450070109001
450070110013
450070112021
450070115002
450070117002
450070118003
450070122003
450070002001
450070005002
450070002002
450070002003
450070003001
450070003002
450070123002
450770104023
450130111004
450070006003
450070006004
450070007002
450070007004
450070007003
450070008001
450070104023
450070008002
450070009002
450070009003
450070010001
450070006002
450070011001
450030212013
450030207022
450030207023
450030207024
450030208023
450030208022
450030208011
450070011002
450070011004
450070103004
450190040002
450190055002
450190043001
450190043002
450190043003
450190043004
450190044002
450190046061
450190047013
450190047012
450190047015
450190020031
450190020051
450190021014
450190024002
450190029001
450190030002
450190040003
450719506012
450719502011
450719503002
450719507002
450190034001
450190034003
450190035002
450190036001
450190036003
450190037003
450190037002
450190038001
450190038002
450190038003
450190039001
450190040001
450790010003
450310112003
450310112002
450059702003
450059704002
450379705011
450379705012
450379705013
450379705021
450379702024
450379705023
450310114001
450130102001
450130104003
450130108002
450130109001
450130110005
450130110004
450130110003
450130110002
450130111001
450850018011
450850019013
450850002021
450850002013
450850006003
450850019021
450850005001
450850004001
450850004002
450850005002
450850019012
450850019022
450850004004
450850002022
450850002011
450499202005
450850016001
450850016003
450850001001
450850016004
450850017012
450870302001
450870302002
450730302004
450730302005
450730304022
450730307023
450730306013
450310107001
450310114002
450850007001
450850007003
450030212011
450030213003
450030203022
450030211021
450030206024
450030206023
450850011001
450570110011
450910612032
450910612033
450730301004
450730302002
450730303002
450730304013
450730305002
450850011002
450450010002
450450012042
450450023011
450450026102
450450026112
450450029011
450450029012
450450040011
450450040012
450450025032
450450028151
450450029042
450450032011
450450032013
450450026083
450450037061
450450037072
450450012052
450479704003
450479701012
450479703011
450479701024
450850002012
450850013001
450850006002
450850018012
450850019011
450850004006
450259502001
450259503002
450259504001
450259504002
450910613012
450910615011
450910619001
450910605022
450910603002
450450036014
450450038023
450450038024
450450005001
450450005002
450770102002
450770104011
450770105021
450030208012
450770107002
450679504001
450679505005
450679508001
450679504002
450030208024
450030208021
450190046142
450030207021
450030204003
450030211022
450030209021
450190046081
450190028012
450190031132
450190021043
450190034004
450190057003
450190054001
450450043001
450190046074
450770108011
450770108022
450770108031
450450044001
450450023013
450450028112
450699606002
450450029034
450479706001
450479702023
450479703012
450479703023
450479705003
450699606001
450699601002
450699603011
450699604002
450699601004
450699602005
450699604004
450699603021
450699601001
450699605001
450699604003
450699603012
450699603022
450599201022
450599205011
450599201013
450599202011
450599203021
450599210013
450699605002
450030205001
450030211023
450030215004
450030221003
450030214003
450030213004
450190046122
450190049023
450190046063
450190046072
450699601003
450699603015
450699602003
450699604001
450730306021
450450028111
450450029032
450450021051
450450021052
450450028082
450479707024
450730304011
450730303001
450730305003
450730304021
450730304014
450730302003
450830230012
450730306012
450030210024
450030220013
450190047021
450190046073
450190046123
450190046071
450190048002
450730307013
450730308001
450450022012
450450018091
450450028121
450450028122
450450018072
450830220063
450830234022
450830220051
450830223042
450830207022
450830239001
450830214032
450830221022
450830224034
450830224031
450830219024
450830234011
450830234031
450830234041
450830222013
450830230011
450830232011
450830230022
450830232021
450830234052
450030216012
450030206021
450190031151
450830238013
450830234021
450830234042
450030212033
450030207012
450030210021
450030209023
450030220012
450030220024
450030220021
450030209011
450030210011
450030221001
450039801001
450030212032
450030220023
450910617012
450190031112
450190031113
450190054003
450259501011
450259501022
450450018073
450450018092
450450026101
450450018081
450450018082
450259505021
450030219002
450030219004
450030204004
450030201003
450030204001
450030206022
450730307011
450910612011
450910606001
450910612012
450910609041
450910613023
450910604012
450910614011
450910619002
450910614012
450910615021
450910619003
450910611011
450450041012
450450028162
450450039033
450190026111
450450039032
450450038022
450450021061
450719506024
450719502012
450190031101
450190031103
450190031102
450190016001
450190026123
450190020021
450310111002
450450044002
450450018101
450450028083
450450036021
450450026061
450679501003
450679502001
450719505023
450719505022
450719506013
450719502022
450190046111
450190020033
450190020041
450190021052
450190048001
450190023001
450190026132
450190026133
450190046141
450190046083
450190046124
450190057001
450190056003
450790117022
450450026023
450630201002
450630202012
450450020012
450450031013
450450030052
450450028033
450450033033
450790103041
450790102003
450790102002
450790113017
450790120003
450790022002
450790111011
450790114041
450190046101
450790113054
450790104031
450790116064
450790013004
450790111021
450790120004
450790101021
450790111022
450790119023
450750119003
450719502024
450190028011
450190031152
450190031142
450599201042
450599201011
450599201032
450599210023
450599210022
450599203022
450599210011
450450026041
450450025053
450450026084
450450030081
450450028141
450450037052
450259501021
450719502023
450190031153
450190031143
450190031131
450190031062
450599202023
450599202022
450599207005
450599201012
450599208004
450599208002
450750106003
450750103003
450750112001
450750109005
450750119002
450750115002
450750101004
450750106001
450750105003
450750104003
450750117002
450750118003
450750101003
450750102003
450750101002
450870302003
450870303002
450750102004
450750104002
450750105002
450750106004
450750107003
450750107004
450130021061
450750117003
450750108002
450750118002
450750110001
450750106002
450750114003
450750103002
450750102002
450750107001
450750117001
450750118005
450750120002
450750118004
450750120003
450750101001
450750116001
450750109004
450750105001
450750119001
450750103001
450750115003
450790114132
450190046114
450190025022
450310115003
450310104002
450790009003
450790009002
450310109001
450310113002
450790023001
450790116042
450790114153
450790026033
450790115021
450799801001
450790103091
450790117011
450830232024
450790117012
450790103043
450790103044
450790103051
450410016024
450790103052
450790103053
450410019004
450410006003
450410007001
450410010001
450830213033
450830213034
450059703001
450059702005
450119703002
450119701005
450790103054
450790103055
450790103056
450790103061
450790103063
450399604004
450019501001
450019504002
450019501002
450019505003
450019501003
450019503003
450850008001
450750110002
450850008002
450850009012
450850011003
450850020001
450850003003
450850013002
450850018024
450750110003
450539502024
450539502011
450539502025
450539901000
450019504001
450019504004
450019506003
450019502001
450019504003
450019505002
450019506001
450019505005
450019506002
450019505004
450019503001
450019503002
450819603004
450819602014
450830230021
450830238012
450830238021
450830228014
450830234053
450830232012
450830238023
450219706015
450830220071
450830220072
450830206031
450259506004
450019502002
450830216001
450130021073
450130021081
450130021074
450259507002
450259507001
450230207001
450230206022
450070007001
450070008003
450070010002
450070011003
450059702001
450619202003
450619203024
450619204002
450619205001
450619206002
450619203011
450219705026
450219704023
450219702013
450219705025
450219705032
450219706022
450790011004
450679502003
450790011002
450790011003
450539502012
450790011005
450790012001
450790012002
450539502021
450539502023
450539502022
450770106024
450410015033
450410002024
450410002023
450410014005
450410016013
450630208051
450630206011
450630205052
450630205062
450630205061
450630206022
450790013002
450790013003
450790016002
450570110015
450679502005
450310113004
450150203022
450150203011
450150207232
450150208111
450150206005
450150201012
450150208112
450770101001
450770112042
450770106022
450770106021
450790029003
450770109022
450770102001
450770111011
450770107003
450450028041
450770108012
450830206012
450830206021
450830220061
450830219013
450830207012
450130021072
450630210341
450070112023
450070103003
450070110022
450070104024
450070114014
450790021002
450790022001
450790023003
450790025001
450630210171
450630210181
450510401011
450790025002
450790025003
450790025004
450570105001
450570105004
450570106004
450570107001
450630206023
450639801001
450630210251
450630207034
450630211121
450630211122
450630211113
450630211112
450630211061
450630211063
450630211064
450450029041
450450022013
450450030151
450450023032
450450026081
450450030092
450790026021
450790027001
450790027002
450790027003
450790027004
450199901000
450559709032
450559704031
450559709021
450559705002
450559704011
450559709051
450559709042
450559704021
450559709041
450570107002
450570107003
450570108001
450570108002
450559709043
450559709052
450310107003
450150207181
450150207171
450150209042
450150209043
450150207182
450150202012
450770108032
450770111023
450770112043
450630214023
450630214024
450770111025
450830207021
450830207013
450830213023
450830221011
450450027011
450450024021
450450025062
450450019003
450450030091
450450036022
450450026021
450450028081
450450033041
450450042002
450450039041
450450020031
450450028161
450450018031
450450024023
450630214022
450450026042
450790028003
450070114011
450070110023
450070114022
450790028001
450790103093
450790103042
450070123001
450070101041
450279607031
450279608021
450630202021
450630202022
450630203001
450279607033
450570110012
450190019013
450190028021
450190026121
450190026122
450190026124
450190020061
450190047022
450190020062
450190020022
450630211162
450630210342
450630211131
450630211102
450630211092
450630211101
450570108003
450570108004
450630214041
450630214042
450630214021
450450033012
450450040021
450450024042
450450039031
450450037011
450559708006
450559708001
450559703001
450150206003
450150206004
450150204031
450150207251
450150207252
450150207253
450830224051
450830224062
450830214011
450830214012
450830214023
450790002001
450790002002
450790003001
450790004001
450119702004
450790004002
450070120011
450070119021
450070114021
450119703003
450119703001
450119701002
450119702002
450119702003
450119704003
450119705001
450119704004
450119701003
450119702001
450119704002
450119704001
450119701001
450119701004
450119703004
450570109002
450439205031
450439205055
450439205022
450439202013
450439205041
450439205052
450570103001
450570110013
450570102004
450570110014
450570105002
450570111001
450570106002
450570101002
450570109001
450570106003
450570102002
450570102003
450570101001
450279602021
450439205053
450439207001
450439205012
450439205013
450439205043
450279607011
450279607032
450279603002
450570106001
450570103002
450570110022
450570102005
450570112021
450570105003
450570104002
450570103004
450570102006
450570112022
450570111002
450830223041
450410002011
450410002012
450790005002
450790006001
450630210172
450570103003
450570104001
450630203002
450630203003
450630205051
450630205071
450830226003
450830223024
450830235002
450830224012
450830214033
450830228022
450830235003
450830237002
450830218031
450830223043
450830219021
450830228021
450830224032
450830224041
450410016021
450830231011
450830223022
450630205072
450630205073
450630205074
450630205081
450630205082
450630205092
450150207143
450150207141
450150207161
450150205043
450830217001
450830218042
450830218041
450830228023
450830228011
450830229003
450510801021
450510301011
450510201002
450510516032
450630205102
450630205103
450630205111
450630205112
450630205113
450630206012
450630206013
450439205054
450439205021
450439205042
450439205033
450439202012
450630202013
450630206014
450630206021
450630206041
450630210302
450630210332
450630207051
450630210261
450630206042
450630206043
450630207062
450630207031
450150207122
450150209041
450150207192
450150207172
450150207152
450830224052
450830228013
450830234032
450830211004
450830223031
450310113005
450630207032
450510516031
450510604031
450510603031
450510401031
450510401051
450510401052
450630207081
450830214022
450830220043
450830220041
450830221021
450830221012
450510701021
450510202004
450630207071
450630210202
450630210201
450630212062
450630211163
450630210173
450630210312
450630210231
450770109023
450770109032
450150207221
450150208062
450150208061
450150208091
450830231022
450830219022
450830230014
450830234051
450830236001
450830224043
450510514051
450510514042
450510514041
450510514043
450510514052
450410018001
450410015031
450410005004
450410017002
450410023003
450410022023
450410019002
450410004002
450410010002
450410024001
450410012003
450410024004
450410016023
450410004001
450410011002
450410020003
450410024003
450410005001
450510707012
450630210262
450630212041
450630206051
450630212032
450830213035
450830224063
450510802003
450510403002
450510703001
450510203003
450510705001
450510402003
450510707011
450510405002
450510802002
450510704002
450510203002
450510601012
450510202003
450510301021
450510203001
450510604051
450510604041
450510401033
450510701011
450510101002
450830203013
450150207223
450150207222
450150207151
450150207173
450830224061
450830230013
450830234033
450830212001
450510514061
450510516012
450510404002
450510513022
450510515032
450790115012
450790115013
450790115014
450790001002
450410005003
450410016022
450410015053
450419801001
450630211161
450630208032
450630209062
450630211142
450630213032
450410016025
450410018002
450410019003
450410019005
450410020004
450410022014
450410023001
450410024002
450410025002
450410026004
450150207162
450150201023
450150204032
450150205031
450150205033
450830214031
450830218033
450830218022
450830219012
450830223023
450830224011
450830224042
450830227003
450830235001
450830237001
450910609071
450910608043
450910610082
450910615012
450450033011
450510514033
450510517002
450510517001
450510501022
450790109002
450790005001
450790114172
450790006002
450790009001
450410001021
450410001022
450410015032
450410011001
450410008001
450510202001
450510402001
450630210211
450630210252
450630211141
450630212051
450630212031
450150202023
450150205042
450150207191
450830220042
450830223032
450830236004
450910608031
450910608032
450910602003
450910614041
450910614031
450910608042
450510504012
450510515012
450510515011
450510602081
450510515022
450850003002
450850017011
450850015001
450850015002
450790104121
450790104132
450790114171
450790114181
450410002021
450410002022
450410003001
450410003002
450770109021
450450018102
450450026062
450450028032
450450020051
450450035001
450450031011
450450024033
450450024031
450450030141
450450030101
450450030102
450450033014
450450033013
450450024032
450450024022
450450039021
450450032012
450450039022
450450026111
450450028142
450450030111
450450031041
450450033042
450450025072
450450032022
450450030082
450910614042
450450021032
450450027012
450450024041
450450040022
450450041013
450450039043
450450031031
450450030152
450450032021
450450041021
450279608022
450790108051
450790108061
450790108031
450030218001
450790108032
450790108033
450790108041
450790108042
450439901000
450439205032
450439202021
450439205051
450439208003
450439203021
450439202022
450130103004
450679506004
450679506005
450790112022
450790119013
450679506002
450499202001
450279605001
450279608023
450279607012
450279607013
450279607021
450279606002
450279601002
450279608014
450059702006
450599204004
450599205025
450599205023
450599205024
450599208003
450790116085
450599206004
450599206003
450599207002
450599207003
450599207004
450790116084
450790116082
450790116063
450599208001
450599209002
450630205091
450630207033
450910609051
450450014002
450450015011
450910608021
450910609011
450910609042
450910609052
450910611012
450910611013
450190046121
450450015021
450910612031
450910613011
450910613021
450910616011
450450030122
450450031012
450450033031
450450035002
450450036011
450450036012
450450018054
450450023042
450450025071
450450025061
450450025031
450450023041
450450025041
450450025042
450450025051
450450025052
450450025033
450450026022
450450038012
450450038013
450450039042
450450026043
450450026113
450599205026
450599206001
450599207001
450599209001
450599206002
450599205021
450150204041
450150207241
450150206002
450150204051
450159801001
450910608041
450910609073
450910617062
450910617081
450910617082
450510514031
450510602071
450510604052
450510604061
450510301031
450850016002
450850020002
450850009011
450850017031
450850003004
450850008003
450850009013
450850009021
450790029002
450790116043
450790030002
450899707002
450899701003
450899703004
450899705013
450190046131
450790115011
450790116083
450790115022
450310107002
450379705022
450910607001
450910612021
450910613022
450910616022
450910617011
450130101002
450139901000
450130105001
450130105002
450130109002
450130005012
450130113002
450910610071
450910605011
450910618022
450750111001
450750109003
450790026022
450790026032
450790026031
450790021003
450479705001
450479705002
450830233023
450830236003
450510510002
450510706022
450770112053
450019505001
450439201003
450439206001
450439208001
450439203011
450439206007
450439204002
450439208002
450439201002
450439202011
450439201001
450750113002
450750114001
450750114004
450750115004
450750117004
450750118001
450750120001
450350105031
450350105032
450350105012
450350106031
450350106032
450350106041
450350106053
450350105041
450350108201
450350108184
450350108084
450350108131
450350108191
450350108202
450350108203
450350107003
450350102002
450350106051
450019502003
450059704001
450059702004
450059704003
450299704023
450750115001
450750116002
450070114012
450750102001
450750107002
450750109002
450790116031
450790116032
450790116044
450790116086
450299705005
450299707001
450299708001
450299701001
450299703003
450299706004
450299708003
450299708002
450350108072
450699602002
450350108081
450350108083
450350108091
450350108092
450299703001
450299707002
450299702002
450299706001
450299701002
450299707003
450299702001
450299704022
450279603001
450299703005
450399603002
450399605002
450750112002
450299703002
450299703004
450299704012
450299705001
450299705002
450299705003
450299705004
450350108082
450230206013
450230204001
450279604002
450279602012
450279602011
450279605002
450279608012
450279601003
450279608013
450450026092
450279608011
450279601001
450790104073
450790104091
450790113043
450790024001
450410011004
450410012001
450410012002
450410012004
450410013001
450410013002
450410013003
450410013004
450410020001
450410020002
450410022011
450410022012
450410022013
450150208042
450150203023
450150209031
450150203021
450150204011
450150205063
450150201011
450150205061
450150202022
450450026082
450450026091
