461030105004
460930203021
460930203023
460930204002
460930204001
460930203022
460930204005
460930203012
460930205002
461030102003
460930204003
460930204004
460319411002
461030108001
461030108002
460519533001
460659778003
461259652004
461259651001
461259651004
461259652002
461259651002
461259651003
461259652001
461259652003
460099676001
460099677001
460099676002
460519531007
460519531005
460519531006
460519531003
460519531001
460519531004
460519531002
460750916001
461359663012
461359663021
461359663024
461030110011
461030114003
461030117001
461030110042
461030113003
460359628005
460359628006
460359629001
460359629003
460359629005
460359627004
460419415002
460419417001
460139513004
460139514002
460139514003
460139514004
460139514005
460139515003
460139515001
460499611003
460499611002
460499611001
460739741002
460719611001
460719412002
460099676003
460719611002
460139518004
460139514001
460139517002
460139513001
460139520003
460139520001
460139520002
460139513002
460139519001
460139519003
460139520004
461029405001
461029409001
461029409002
460830101045
460830101041
460830101023
460830101032
460979616002
460979616001
460819663022
460819663012
460819663023
460399537001
460990105011
460990104042
460990104021
460990104051
461099407003
461099407004
461099408003
461030109034
460379528001
460379528002
460059567001
460059570001
460059568001
460059570004
460059569002
460059570002
460059566001
460059568002
460059570005
460059571001
460059571003
460059567002
460059569001
460059570003
460059569003
460059571002
460379529001
460379527001
460179402001
460239403001
460239701001
460239402003
461359663011
461179601002
461030113002
461030107001
461030113001
461030110024
461030109031
461030105002
461030105003
461030110022
461030104002
461030102004
461030103001
461030107002
461030107003
461030107004
461030108004
461030110012
461030110023
461030111002
461030111003
461030112002
460059566002
460899631003
460899631001
460899631002
461070001001
461070001002
460579552002
460659777002
460659780001
460659777005
460659777003
460659777001
460659777004
461179601001
460990011012
461199791001
461199791002
460239403003
460239701002
460479641001
460479641003
460479642003
461239716002
460139518003
460139519002
460139520005
460159731002
460159732001
460159731003
460159732003
460159731001
460159732002
460299543012
460299544002
460299544005
460299544003
460299545024
460299545021
461030109041
461030109042
460990018015
460990104043
460990004081
460990001003
460990105013
460990011061
460990001004
460990002022
460990010013
460990011062
460990018032
460990105014
460990011082
460990106005
460990002012
460990002021
460990102001
460990102002
460990012001
460990101021
460990106002
460990018043
460990007002
460990103002
460990002014
460990101022
460990017003
460990011071
460990007006
460990103003
460990005003
460990015001
460990003003
460990103001
460990012002
460990106003
460990015003
460990018042
460990101011
460990001001
460990001002
460990002011
460990002013
460990007001
460990003001
460990003002
460990004011
460990004012
460990004052
460990004051
460990004061
460990004072
460990004071
460990005001
460990005002
460990006001
460990006002
460990007003
460990007004
460990007005
460990009001
460419417003
460419417002
460990018014
460990009002
460990009003
460990010021
460990010022
460990011011
460990011073
460990011072
460990011083
460990011084
460990012003
460990012004
460990106004
460990106001
460990015002
460990015004
460990015005
460990015006
460990016001
460990016002
460990017001
460990017002
460990018011
460990018012
460699767001
461270203003
461270203002
461270201002
460179402002
461119621001
461119621003
461119621002
460119589001
460930203011
460930205001
460930202001
460930203013
460930205003
460930204006
460079412002
460079410001
461030114002
460990018041
460990018031
460539712002
461099408002
460990019012
460990019011
460990019021
460990019022
460990019023
460990102003
460990104041
460990004062
460990101012
460439696003
460919508003
460359628001
460359627003
460779582001
460779581001
460279659005
460279659002
460279659003
460079410002
460119588031
460119588023
461030115001
460299545023
460299543014
460339651003
460339651001
460819663011
460819663021
460819666003
460830101051
460830101061
460830101071
460830101081
460819666004
460819661003
461030114001
460479641002
460479642001
461030109032
461030104001
461030110041
461030110021
461030106001
461030105001
461030110052
461030112001
460679686001
460679688001
460679686003
460679687002
460679686002
460679687001
461030111001
461029405002
461029409003
460279657003
460279659004
460279658004
460279658003
460279658001
460990104052
460990010011
460990018034
461030109051
461030109061
461030109071
461030106002
461030108003
461030102001
461030117003
461030116005
460990004082
460990105012
460990018033
460990018013
460619641003
460619641001
460619641002
460099677002
460539711001
461359664003
461359663023
461359664004
461359661002
461359664005
461030104003
461359661004
461359662001
461359662003
461359664002
461359664001
461359662002
461359661003
461030109062
461030102002
461030116004
461030112003
461030116002
461030106003
460559601001
461030102005
461030103003
460459622002
460459622001
460459621002
460459621001
461099404003
461099504002
461270203001
461099408001
461270202001
461270202003
461270202002
461270201001
461270201003
460879647002
460879646003
460879646001
460879647003
460879646002
460879647001
460139515002
460259558006
460259558003
460259558004
460259558002
460259558001
460259558005
461379416001
460079412001
460819666001
460859726002
460859726001
460959403002
460659780002
460719412001
460639687001
460859726003
460859401001
460219641001
460319410002
460979616003
460699767002
460479642002
460830101011
461219401001
461219402004
461299651001
461299651002
461299652002
461299652004
461299652001
461019596002
460919508001
460919508002
461379416002
460299544004
460299545011
460219641002
460299545022
460279659001
460439696002
460439696001
460279657001
460279657002
460279658002
461150001001
461150002002
460599757001
460599756001
460599756002
460779581004
460779581003
460779582002
461019597002
461019596001
461019596003
460930202002
460399536001
460399536003
460399536002
460119590002
460119586004
460119588024
460990105021
460990104061
460990105022
460990011051
460990010012
460990104022
460830101042
460990011013
460990104031
460990104011
460819661001
460819666002
460819661002
460339652002
460819663013
460319411001
460319410001
460799602003
460779581002
460990011063
461099407002
461099504001
461099404001
461029408002
461029408003
461029405003
461029408001
461359662004
461359663022
461359661001
460819662003
460599757002
460990011081
460819662001
460679688002
460239402001
460239402002
460239403002
460299546002
460299543011
460299543013
460739741001
460519533002
460579552003
460379527002
460659778005
460659779001
460659779002
460659779003
460659778001
460659778002
460659778004
461019597003
460539711002
460419415001
460539712001
460299543023
460299543022
460339651002
460579552001
460039736003
460039736004
460039736001
460039736002
460799603002
460799602004
460799601002
460799601001
460799602001
460799601003
460799602002
460799603001
460830101062
460830101073
460579551001
460579551002
461030109033
460830101031
461239716001
461239717001
461150003001
461150003002
461150001002
461150002003
460959403001
461150002001
461239717002
461239717003
461019597001
461099404002
461099407001
461219402001
461219402003
461219401002
461219401003
461219402002
461030110051
461030117002
461059683001
461059683002
461059683003
460119586002
460119588022
460119588025
460119588021
460119589005
460119589002
460119589004
460119586003
460119590001
460119586001
460119587004
460119587001
460119589003
460119587003
460119587002
460819661004
460819662002
460559601002
461030116001
461030116003
461030103002
460339652001
460339652003
460359626001
460359629004
460359627002
460359626003
460359626002
460359628004
460359628002
460359629002
460830101022
460830101021
460990011052
460379529002
460830104002
460830103002
460299541001
460359627001
460359628003
460139513003
460139516004
460139516001
460139517001
460139517003
460139516002
460139516003
460139518001
460139518002
461299652003
460830101072
460830101044
460830101043
460830101012
460830101024
460830103003
460830103004
460830102002
460830104001
460830102003
460830102001
460830104003
460830103001
460199677004
460299543021
460299544001
460199676002
460199677002
460199677003
460199677001
460199676001
460199677005
460199676003
460299546001
460299541002
