471251001001
471251002001
471251002002
471119702002
471251003001
471251003002
471251004001
471190111022
471519754002
470930031002
470930032001
470930032002
470930039021
470930057042
470930046081
470930046093
471190107003
471190107005
471190110024
471450309005
471450308002
471450301001
471450302012
471450302014
471450302022
471450304005
471450302025
471450303001
471450303004
471450304002
471450304004
471450304003
471450307003
471450308003
471119704002
471119701002
471119703003
471119703004
471119703005
471119701003
471119702003
471119704001
471119703002
470890707003
470890703004
470890705002
470890706002
470890708001
470890709003
470890702002
470890704002
470890707004
470890704001
470890702001
470890705001
470890701004
470890701002
471670409001
471570217444
471570217442
471570201012
471379251001
471379251004
471379251003
471190104004
471190105002
471190105005
471670401001
471670406011
471670404002
471670410002
471670406022
471670409002
471670402001
471670408001
471670403042
471450305001
471190106002
471190106003
471190106004
471190106005
471190107001
471190107004
471450302021
471450309002
471450302015
471450306001
471450307002
471450306002
471450302024
471450302023
471450307001
471450302011
471450303003
471450307004
471450305003
471450304001
471450308004
470930060032
470370114001
470930052012
470930057072
470930059042
470930062082
470650123002
470650122001
470650122002
470930062051
470930064021
470930060031
470930058082
470930058131
470930059043
470299202001
470650004002
471130019004
471130010001
470930059061
470930064022
470339614001
470339610001
470339613001
470339611001
470650006001
470650006002
470650107003
470650108003
471619802001
471619801001
470879602001
470650105015
470650104123
470930060021
470930057061
470650011001
470650104124
470650104314
470650104311
470930061023
470930063011
470930063012
470930062052
470930063021
470930062022
470930061022
470650011002
470650105022
470650106001
470650106002
471339503012
471339503022
470299203002
470299801001
470299201002
470299206002
470299205012
470299202004
470299201001
470299205023
470299207002
470299203001
470299202003
470299207001
470299205021
471150501012
471410008003
471410005001
471410010003
471410013001
471450306003
471150503022
471150503013
471150501013
471150501024
471150503012
470890709001
471150502022
471150501011
470890706003
470890703005
470890708002
470890705003
470890703001
470890706001
470890709002
470890701003
470890703002
470890701001
470890702003
470890707001
470590907001
470590901001
470590905005
470590910005
470590910002
470590913003
470590908003
470590909003
471870502062
470590906002
471099305003
471039750002
471239252003
471239250003
471239251003
471670401003
471670406012
470970505054
471019702005
471019701001
471670407001
471039756011
471039750001
471039757001
471039754003
471039752002
471039754001
471039755001
471039753002
471039753005
471039751002
471039751001
471039753003
471039753001
471670405001
471670406013
471670410001
471670401002
471710802001
471570222202
471570222205
471570223101
471570223102
471570223105
471570223211
471570223212
471570224102
471410003031
471870512022
471870512021
471130011001
471130009001
471239255011
471239255022
471239255012
471239253003
471239253006
471239254005
471239255023
471239255024
471710802002
471710801001
471710803001
471710803002
471710802004
471710801002
471630402001
471550804003
470370108022
471630431001
471630429001
471630433021
471630430003
471630421004
471630434022
471630433011
471630434013
471630434011
471630434021
471630432024
471630433012
470370109011
470650103072
470190707001
470190713001
470190715001
470190705003
471790605011
471790605013
470890703003
471630427012
471630419001
471630432023
471630433025
471630414004
471630417002
470650109033
471790608001
471790608002
470370108021
470650016001
470650101031
470650103043
470650103051
470650103071
470650109031
470930053012
470650113232
470650104351
471130005003
471130006001
471130006002
471130007001
471130007003
470370109031
471130008001
471130009003
471470801011
471470802004
471470806064
471470802003
470370109041
471130010003
471130010002
471130015011
471130016031
470339610002
471130016041
471130016065
471130018002
471130001002
470370110014
470370110015
470370110012
470370114003
470370115003
470370115002
470370115001
470650013002
470370156103
470370110021
470370110022
470370111001
470370111003
470370111005
470370111002
470370112001
470370112003
470370112004
470370112005
470370112006
470370113001
470370114005
470370113002
470370113003
470370113006
470370114002
470559203004
470559203002
470650020001
470299201003
470299202002
470299205014
470299206001
470650033004
470650034002
470650034003
470650103041
470999604014
470650124002
470559206002
470559205002
470559206001
470559208001
470559202001
470930029001
470930056041
470930056031
470930060011
470930046071
470930022001
470930062032
470930051002
470930035003
470930059031
470930027001
470930029002
470930053013
470930055022
470930057013
470930038022
470930049002
470930055023
470930050001
470930055012
470930035002
470930057041
470930051001
470930065011
470930065022
470930057122
470930046132
470930061042
470930046063
470930057102
470930046102
470930061031
470930061033
470930046121
470430603001
470430605021
470430604012
470430607002
470430606022
470430604013
470430604011
470430603003
470430605014
470430606024
470430606012
470430604022
470430606023
470831201002
471570087003
470650007003
470650104121
471779302001
471779303002
471779305002
470339614003
470339612002
470339614002
471630433013
471570223224
471570223301
471570223302
471570223303
471570224101
471130016062
471130016064
471130002005
471130009002
470970505051
471130001001
471130002001
471790611002
471790611003
471790611004
470370109012
471790613002
470650104334
470650105012
470650105013
470370117007
470370117006
470370116002
470370116003
470370116004
470370116005
470370117003
470370117002
470650107002
470650025002
470650025003
470370118004
470650028001
470650028002
470650029001
470650105021
470650104113
470650104112
470370118002
470370119001
470370117005
470370119002
470370119003
470370192001
470370118001
470650104122
470650032001
470650104331
471251018022
470650104333
471251019032
471251019033
471251019021
471251016002
471251017005
470370128012
470370128013
470370128011
470370128023
470370128021
470370132021
470370132023
470370132022
470370132012
470650033002
470650033003
470650033005
470370121001
470370127013
470370127014
470370122001
470370122002
470370122003
470370192002
470370192003
470370192004
470370127022
470370193003
470370101053
470370101054
470631006004
470631008002
470631009001
470631009002
470631011003
470319708021
470619553002
470619552003
470619552001
470619553001
470619551001
470619552002
470619553003
470619550001
470619550002
471870509062
471870509041
471870509061
471870502081
471570030002
471570031001
471570031002
471570031003
471570031004
471570032001
471570037001
471570038001
471570039001
471570114003
471570046001
471570115002
471570115003
471570115004
470370102012
470370102022
470370102023
470370103011
471570070002
471570070003
471570071001
471570071002
471570072001
471570073001
471570073003
471570074001
471570075001
471570075002
471579802001
471570078103
471570078101
471570078102
471570078215
471570078214
471570078212
470759304003
471050606001
471050604001
470370102013
471570079001
471570079002
471570079003
471570079004
471570079005
471570080001
471570080002
471570080003
471570080004
471570081102
471570081202
471570081201
471570081203
471570082004
471570082003
471570082002
471570082001
471570082005
471570118004
471570118002
471050607002
471050602024
471050604002
471050603011
471050601002
471050602023
471890303054
471890303083
471890303081
471890303053
471890303073
471890309013
471050606002
471050601003
471050603024
471050604003
471050607001
471570086002
471570087001
471570087002
471570106302
471570088002
471570088003
471570088004
471570106203
471570106301
471570213331
471570106303
471570107102
471570089002
471570091001
471570092001
471570092002
471570092003
471570092005
471570091002
471570221123
471870502052
470299205022
470299204002
470299207003
470730505012
471130002003
471130002004
471130003002
471130003003
471130003004
471130003005
471870507012
471870508001
471870509053
471870510021
471870510022
471279302002
471279301002
471279302001
471279301001
470759301002
470759301001
470759303012
470759305001
470759303022
470759304001
470759304002
470759303021
470759305003
470759305002
470759302001
470759302002
470759303013
470631011004
470631002001
471819501003
471870502033
471870502051
471870502082
471870509071
471570205212
471570214101
471570220222
471570222204
471570001001
471570002001
471570003002
471570004001
471570004002
471570112001
471570006002
471570007003
470370101062
471839683002
471839686002
471839683001
471839680001
471839687001
471839684004
471839682011
471839685003
471839686001
471839684005
471839685002
471251013042
471251013032
471251020052
471251020012
471251020053
471570050002
471570053002
471570108103
471490405012
471490411014
471490414023
471490408053
471490416004
471490414024
471570208312
471570055002
471570058001
471570058002
471570059001
471570060001
471570115001
471570206433
471570205313
471570202222
470930039012
470930057043
470930042002
470930062081
470930039022
470930016002
470930030003
470650113262
471570008001
471570008002
471570008003
471570009001
471570009003
471570011001
471570011003
471570012001
471570012002
471570012003
471570013001
471570013002
471570013003
471570015002
471570016002
471570017001
471570017002
471570014001
471570112002
471570112003
471570019001
471570019002
471570020001
471570020002
471570021001
471570024001
471570024002
470090109002
471570025001
471570025002
471570026002
471570026001
471570027001
471251010012
471251009002
471251004002
471251020021
471251020061
471251013061
471251020041
471251020054
471339503013
470459643003
470459643002
470459640003
470459648001
470459649001
470459646001
470210704012
470210701032
470210702011
470210702032
470210702023
470210702022
470210704011
470210701031
470210701043
470210701022
470210704024
470999605012
471570094001
471570212001
471570215302
470010203003
470010209012
471570053001
471570116002
471570116001
470470604041
471570211123
471570211124
471570211211
471570211221
471570211224
471570217321
471570217322
471570217323
471570217324
471790620002
471790604002
471570212002
471570213121
471570213122
471570213201
471570213203
471570213204
471570213312
471570213332
471630416001
471570213413
471570213422
471570213512
471570213513
471570213522
471570213523
471570213524
471570213531
471570214102
471570214202
471570214301
471570216121
471570216122
471570216201
471570216202
471630424002
471630426002
471630421002
471630409001
471630413002
471630431002
471630432021
471630426003
471630416002
471630420001
471630407002
471630413001
471630412001
471630412003
471630432011
471630419002
471630436002
471630428023
471630408001
471630428011
471630435001
471630430002
471630433023
471319652002
471570217211
471570217213
471570217253
471570217242
471570217414
470730504002
471790608003
471570211402
471570211422
471570211125
470730504001
471319650001
471319650002
471319655001
471319653003
471319657003
471319656004
471319654004
471319653001
471319654003
471319654001
471319651001
471319650003
471319651002
471319652001
471319658001
470730502003
471570213411
471570213412
470730501002
470730502002
470370195004
471570215101
471570216112
470730502001
470730501001
470730507001
470730505011
471570211121
471570211122
470730508002
470730506011
470730505021
470730507002
470059630001
470370184013
471870504042
471870504062
471870506022
471870506012
471870506011
470930058081
470930058102
470930058101
470930061041
470930048002
470930057111
470059633002
470059634003
470059632001
470059631002
470059631001
470059631003
470059632002
471579803001
470059633003
471490409023
471490408051
471490414011
471570033001
471570106201
471570013004
471570208202
471570205123
471570081101
471570059002
471570213514
471570222203
471570006001
471570202212
471570207002
471570211381
471490412012
471490409051
471490408092
471490421001
471490415001
471490403082
471570213511
471570030001
471570213313
471570217443
471570072002
471570215202
471570217241
471570214201
471570208101
471570029001
471570217251
471570216132
471570216133
471570216111
470059630002
470059634002
470650025001
471570225003
471570068001
471570094002
471570106102
471570202211
471570203003
471570209001
471570215102
471570211223
471570073002
471570102104
470650119002
470650028003
470650033006
470650114434
470919561001
470919563001
470919562002
470919564003
471570206421
471570207001
471570024003
471570223104
471570221114
471570201022
471570078213
471570210201
471579804001
471570107202
471570223223
471570118001
471570213532
471570032002
471570087004
471570205322
471570217472
471570060002
471570206523
471570009002
471570108201
471570093003
471570099011
471570101103
471570202104
471570208201
471570205424
471570206422
471570208102
471570211222
471570211421
471251014001
471570213421
471251012022
471251014003
471251013043
471219603001
471251013041
471219601002
471219601001
471219602002
471219602001
471490408073
471570107203
471490419003
471490413013
471490408101
471490412022
471570219003
471490401021
471490401053
471490403081
471490403041
471490414032
471490419002
471490409042
471490409043
471490413021
471570215303
471570216114
471570213111
471570107101
471291103003
471570206431
471570206432
471570206434
471570206352
471570206341
471570214303
471570217252
471570217441
471570217512
471570217453
471570110103
471570221121
471570085002
471570095001
471570096003
470259703003
470259701001
470259709003
470930056042
470370105012
471490403071
471490403051
471490422002
471490404031
471490408062
471490413011
471490414022
471490414021
471490414031
471490421004
471570213341
471570213342
471570099022
471570213535
471570211374
471570205311
471570206443
471570206442
471570206213
471570206215
471570206102
471570217452
471570217532
471570217461
471570217511
471570217531
471570220231
471570086003
471570088001
471570092004
471570213311
471570096004
470930021001
470930046062
470370183013
470930026002
470930037001
470370182013
471490408071
471490404033
471490413012
471490410002
471490401052
471490401041
471490409022
471490401042
471570211361
471570211261
471570211352
471570208313
471570208311
471570110101
471570206513
471570206342
471570206332
471570206322
471570211413
471570211412
471570220241
471570211414
471570211262
471570211392
471570206323
471570205232
471570108101
471570108102
471570217311
471570217312
471570203001
471570205231
471710804001
470930038013
470930059032
470930059041
470930028002
470110114021
470110111003
470110114013
470110106001
470930046142
470930046092
470930060022
470930046091
470930046101
470110104002
470110105001
470699502004
470650114452
470650114453
470650114131
470650113115
470650113143
470090111011
470090116041
470090116052
470099802001
470090109004
470090111012
470090113021
470090114021
470090115022
470090115032
470090103011
470090103013
470090103022
470090110011
470090110014
470090110022
470090111013
470090113011
470090113022
471870507022
470370151003
470930062071
470930052022
470930022003
470370154025
470319707001
470319704003
470319704001
470319706001
470319704004
470319706003
470319707002
470319702001
470319702002
470319701001
470319705002
470319705003
470319710001
470319701002
470319703001
470319704002
470319706002
471251019031
471570221213
471570221223
471570221224
471570221301
471570221302
471570221303
471570221304
471570221305
470370156221
470370156101
470370156123
470370156124
470370156131
470370156171
470370156181
470370156182
470370156183
471570219004
471819504002
471570225002
470370156184
470370158041
470370158031
470370158021
470370158023
470370158024
470370159001
471570220243
470370170002
471570220221
471570220223
471570220224
471570221111
470970505061
470970505062
471670403041
471670403021
471670403033
471670406023
471570221222
471570221212
471570219002
471570221112
471570221113
471570221122
471570222102
471570222101
471570222201
471570225004
471570225005
471570220232
471570220233
471490408072
471570220242
470110108001
470110107002
470110101002
470110101003
470730506022
470110101004
470110102001
470110102003
470110103001
470110104001
470110116022
470699502003
470699503001
471251005001
471519751003
471519753001
471519752004
471519753002
471519750002
471519752003
471519752002
471519751005
471519750003
471519750001
471519752001
471519751004
471519751001
471519751002
471439750002
471439753003
471439750001
471439751002
471439753002
471439752003
471439752002
471439751001
471439750003
471439753004
471439751003
470110113003
470110115004
470370171001
471130010004
471130015021
471819502002
471819504001
471819504003
471819502001
471819503001
471819503003
471819502003
471819502004
471650210022
471819501001
471650207002
471650209011
471650210023
470970502002
470970503003
471650211072
470370137004
470370137005
471650211031
471650211032
470970504003
470970506002
470970503001
470970502003
470970504002
470970502001
470970501002
470970506001
470970501001
470970502004
470970503002
470970504001
471650206021
471650209023
471650211042
471650203004
471650212031
471650205031
471650206012
471599753001
471599752002
471599754001
471599752003
471890301022
470370169003
470930056022
471890310004
471890301012
471890309032
471890310001
471890303043
471890301021
471890305004
471890307002
471890303042
470699501002
470370169004
470370169005
470370170001
471890305003
471890305002
470370170003
471650203002
470699505001
470699506001
470699505003
470699501001
470699504001
470699501003
470699504003
470699504002
470699504004
470699505002
470699503002
470699506002
470699502002
470699502001
471650201021
471650203001
471450309003
471450302013
471450303002
471599750003
471650211061
470370137001
470370137002
470370137003
470370136011
470370136013
471650212012
471650201024
471650206011
471650212032
471650208001
471819503002
471490417004
471819501002
470370172002
471130016081
471130017001
471490404034
471490404032
471490413022
471490416001
470370142002
471490416002
471490416003
471490417001
471490417002
471490417003
471190110021
471190102012
471190102011
471190103021
471190108022
471190108023
471190109001
471190110023
471190111011
471790614011
471490418001
471490419001
471490419004
471490420003
470370173003
471490421002
471490421003
470370112002
470370113005
470799695002
470399550022
470399551022
471790604001
471790605022
471790605021
471790616023
471790616021
471790616011
471790616012
471790614012
471790614023
471790619011
471790619022
471790616022
471099303002
471790601002
471790607001
471790610002
471130015024
471130016071
471130016073
471130014021
471130017002
470650114023
470650114024
471839681021
471410006001
471410002002
471410010001
471410007003
471099304002
471099301001
471099305005
471099304001
471099303001
471099307002
471410001003
471410002004
471099306003
471099305002
471099301003
471099301002
470299205013
471099302002
471839684001
471790612002
471790615001
471790617021
471790613005
471790604003
470299203003
470299204001
470299205011
470299206004
470851301002
470299206003
471650212051
471650206031
471650211071
471859354002
471251013071
470851303004
470851304002
470851304001
470851301001
470851303001
470851303003
470851301004
470851301003
470851305003
470851302001
470851303002
470851303005
470851305002
471410007002
471410002003
471410011002
471410012001
471410009003
471410006002
471410008002
471410009001
471410011003
471410001002
471410010002
471410012003
471410001001
471410003012
471410003021
471570217262
471490413014
471490411011
471490409021
471490409041
471490411012
471490401051
471490403031
471490408052
471490408063
471570110102
471570226002
471570211132
471570211131
471570217212
471570217261
470930071001
471570211401
471570211371
471570211242
471570214302
471570086001
471570205413
471570099012
471570106101
471570007002
471570205243
471570213202
471570217411
471570217412
471570221221
471570221124
471470804012
471470806041
471470806061
471470806062
471470803022
471470806063
470930015002
470930024001
470930046131
470930008002
470930055021
470930053021
470930054012
470930038021
470930059081
470930069001
470930054011
470930047001
470930048001
470930046072
470930055011
471239253001
470930040002
470930068003
470930057123
470930037002
470930040001
470930057062
470930058071
471239251004
471239253002
471239253004
471239254001
471239254004
471239254003
471239252001
471239250002
471239250004
470930046152
470930059082
470930060023
470930062021
470930064011
470930054021
470930031001
470930044033
471239252002
471239251002
471239251001
471239255021
471239250001
471239253005
470650109011
470930038012
470930057112
470930065021
470930063022
470650113141
470650114474
470650113114
471650204071
470659802001
470650114135
471650210061
471650210024
471650212014
471650210092
471650210071
471650202082
471650209022
471650202031
471650207001
471650201011
471650202091
471859351002
471650203003
471650210053
471650211041
471650211053
471650211052
471650211062
471859351003
471859353002
471859351001
471859350002
471859350001
471859354003
471859352001
471859355001
471859355002
471859352002
471859353003
471859350003
471859354001
471859353001
470370108011
471570213113
471570213423
471570213424
471570213525
471570007001
471570089003
471570085001
471570074002
471570055001
471570220225
471570221211
471570223103
471570227003
470930050003
470930008001
470930018001
470930022002
470930041002
470930045001
470930054022
470930056021
470930057124
470930044032
470930061032
470930057091
470930057071
470930057081
470930058111
470930058132
470650113112
470650123003
470650012002
470650012003
470650103032
470650103073
470650018001
470650031001
470650111002
470650110022
470650106003
470650109032
471650210021
471650204072
471650209021
471650205022
471650204041
471650211051
471650212043
471650212041
471650212042
470650113241
470650024001
470650108004
470650018002
470650114431
470650114432
470650114021
470650114433
470650104353
470370154023
470370107022
470370108013
470370110013
470370109042
470370193001
470370127021
470370128014
470370175001
470370167002
470399550023
470399550021
470399551021
470370156241
470370155013
470370191111
470370191182
470370144002
470370184081
470370179012
470370179023
470370184042
470370158032
470370179022
471470803012
471470801012
471470807002
471470807001
471611102002
471611102001
471611106002
471611107002
471611107003
471611102003
471611102004
471611107001
471611106001
471490420001
471490402001
471490406003
471490423001
471490418003
471490406004
470930001001
470930066001
470930068001
470930020003
470930044031
470930046082
470930045004
470930045003
470930009021
470930009011
471019701002
471019702001
471019702003
471019702004
470930069002
470930070001
470650006003
470650112011
470650114473
470650107001
470650007004
470650007002
470650113213
470650113212
470650113214
470650104332
470650111003
470650013001
470650117002
470650122003
470650124001
470370156191
470370103031
470370103021
470370103022
470370157001
470370115004
470370117001
470370156301
470370156292
470370156192
470370156203
470370156152
470370156261
470370144001
470370142001
470370191112
470370156271
470370191113
470370162003
470370106013
470370106021
470370131001
470430601001
470430603002
470430606011
470430602003
470430604021
470430602004
470430602002
470430602001
470370178004
470370106012
470370107012
470730503013
470730507003
470730502004
470370107013
470370107014
470370107021
470370108012
470559204001
471410003032
471410003023
470039502003
470039504022
470559202003
470559203001
470430605022
470539666002
470539665004
470539661001
470539667003
470539801001
470539663002
470539662002
470539669002
471790617011
470730508003
470730504003
470370105013
470370105014
470370105015
470370105016
470370105021
470370105022
470370105023
471630414001
471630418001
471630418002
471630403002
471630405001
471630423003
471630411001
471630422001
471630412002
471630425002
471630432012
471630428012
471630429003
471630414003
471630403001
471630402002
471630406003
471790618004
471790606001
471790604004
471790617012
471790616024
471790614013
471790612001
471790618001
471790618002
471790620004
471790614021
471790605014
471790619012
471790619013
471790618003
470190710001
470190710002
470190713004
470190704001
470190709001
470190708001
470190714002
470190702002
471790605012
471790619021
471790617022
471790615002
471790606003
471790615003
471790613001
471790617023
471790604005
471790606004
471890302041
471870502071
471870509072
471870501021
470370195003
471670403022
471670403031
471670403043
471670405002
471670405003
471630414002
471530601021
471530601012
471450309004
471450301002
471450305002
471450308001
471890304021
471890303082
471890310002
470930021002
471099305001
471099306002
471890303072
471890309014
471890303052
470179622022
470930043001
470930046112
470930044012
470930050002
470930065012
470930049001
470930058031
470930043002
470930035001
470930058091
471650204051
471790609001
471790609003
471790609005
470930020001
470930020002
470930009022
470370196002
470370161001
470370165004
471790606005
471790606002
471790610003
471790614022
471790605023
471790619014
471790610001
471890307001
470470605012
470470603003
470470603002
470470604021
470930023001
470930024002
470470604033
470930037003
470179622023
471399504002
471399502021
471399502024
471399501001
471319658002
471319659001
471319655002
471319653002
471650201022
471650202041
471650202081
471650202071
471650210052
471650202051
471650205032
471650208004
471650204031
471650204062
471650210051
471650205021
471650209032
471650206023
471650206022
471650206032
471650205011
471650210042
471650212011
471650202042
471650201012
471650201023
471650202061
471650210081
471650212052
471079704023
471079704011
471079701021
471079704022
471550811011
470799694001
471119703001
471559801001
471550807002
471550802012
471550802011
471550808011
471550806012
471550801023
471550806024
471550808022
471550811012
471550810004
471550806011
470370148002
471550802013
471550811022
471839681011
470930028001
470930069003
470370148001
470370148003
470190713005
471790620001
470799695004
470190707002
470190714001
470190705001
470190712002
470190712001
470190716001
470370195002
470190703003
470190706001
470190701002
470370194002
470370128024
470470606004
470470605014
470470607021
470470606002
470470607022
470470605013
470470605011
470470605024
471470801043
471470801032
471470801031
471470801042
471470806051
471470803011
471470804021
471470806031
471470806042
471470801041
471470806043
471470806032
471470806052
471470802001
471251012021
471790613004
471790601001
470930026001
470370196001
471079701011
471079701012
471079701014
471079702001
471079704012
470930027002
470339613002
470339611003
471251010022
471251020011
471251016001
471251015004
471251003003
471251018041
471251018031
471251018032
471259801001
471251014002
471251013062
471251015003
471251011031
471251013051
471251017003
471251020051
471251019041
471251018042
471630425001
471251013031
471251020023
471119702001
471119701001
470930014001
470930014002
470930015001
470930015003
470930016001
471630421003
471630422002
471630410001
471630424001
471630423001
471630410002
471630430001
471630426001
471630429002
471339503021
470930017001
470930034002
470930053022
470930044011
470930038011
470370154011
470370154012
470370154013
470370154021
470370154022
470370153001
471239254002
470370151002
470539671001
470539664001
470539674002
470539667001
470831202002
470831202001
470819502003
470819503011
470819502004
470819503023
470819503021
470851302002
470851305001
470319709002
471339506002
471339501002
471339504002
471339506001
471339505001
471339502001
471399503001
471399502012
471339504001
471339505002
471339503011
471339505003
471339501001
470190709002
470650114111
470650123004
470650103062
471050602025
471050602022
471050605021
471050605015
471050605014
471050605022
470370155021
471859352003
471570217521
471570217541
470190708003
470190713003
470190706002
470190717002
470190702001
470190703002
470190717001
470190713002
471890303092
470190701001
470370161002
470370162001
470370162002
470370162004
470370163001
470370163002
470370163003
470370164001
470370164002
470370165001
470370165002
470370165003
471790619023
471890301011
471890302023
471890303074
471890309011
471890302032
471890303033
471890303071
471890309041
471890309033
471890304011
471890303091
471890302031
471890303032
471890309031
471890308002
470110110003
471570217542
471570219001
471251016003
471251005003
471251007001
471251007002
471251005002
470559201002
470559205001
470559207001
470559208002
471251008002
471570205421
471570215201
471570035001
471019702002
470110108002
470110108003
470110110001
470110112021
470110114011
471291104003
471291105002
471291105001
470110115001
470110111001
470110101001
470110102002
470110115003
470110115002
470110116012
471251018024
470139506003
470890701005
470890707002
470890708003
470890708004
470930023002
471251017004
471251017002
471251018021
471251015002
471251020022
471251015001
471251017001
471251018023
470139508002
470139501003
470139505001
470139506005
470139511001
470210704022
470210701021
470210703001
470210701042
470210703002
470210704023
470239703001
470239702002
470239702001
470239701001
470239701002
470239703003
470279551001
471570107103
471570107201
470239703002
470239701003
470279550001
470279550003
470279550002
470239702003
470399550011
470279550004
470279550005
470399550012
470399551011
470399551023
470399551012
470499653003
470499653002
470499650001
470499651004
470499651003
470499651002
470499652003
470499653001
470499652002
470499652001
470575001001
470575003005
470575001003
470575002001
470575003004
470079531003
470575003002
470575004021
470575001002
470079531004
470079532002
470575003001
470519604004
470519603002
470575002003
470575003003
470519602013
470575002002
470519604003
470519608002
470519603001
470519607003
470519601001
470519601003
470519607001
470519604001
470519604002
470519605002
470519606002
470090111023
470519606001
470519601002
470519605003
470090101002
470090112002
470090102004
470090106001
470090111022
470090112003
470090116023
470090109001
470090104001
470090116024
470090102003
470590903003
470519608001
470590903001
470519605001
470519606003
470590908002
470590908001
470590909001
470590915002
470590902002
470590905003
470590907002
470590901006
470590910001
470590901002
470590912002
470590912001
470590904003
470799693003
470799695001
470799698001
470799692001
471099302001
470110107003
470799696003
470799696002
470590901003
470590903002
470590904002
470590904004
470590911001
470590913001
470590914002
470590915001
470590901004
470590905002
470831201001
470590909002
470590910003
470590914001
470831203001
470831203003
470831203002
470819503022
470819501001
470819504002
470819503012
470819502001
470999605022
471690901003
470930041001
470159603001
471890308001
471359301001
471359302004
471359302002
471359302001
471359302003
470759303011
470519602021
470650103031
470650112041
470650103074
470930068004
470039502002
470999604015
470999604022
470039504013
470999605011
470999605023
470999605021
471779301001
470631004001
471779304002
471779306003
471779303001
471779308002
471779308003
471779305003
471779307003
471779301003
471779304001
471779302002
471779306002
471779304004
471779301002
471779302004
471779306001
471439754012
471779302003
471779309001
471779307002
471779308001
471570223213
471570223221
471570223222
471439752001
471439754011
471439754013
471439753001
470370156252
471439754021
471439754014
471439754022
470370156313
471190102021
471251009001
471251011011
471779305004
470370189041
470370114004
470370189043
470370190051
471190111021
471190105003
471190111012
471190106001
471190112003
471190105001
471190104002
470370190063
471190104003
471190101001
470370191162
470370130001
470379801001
470370156302
470370191151
470650114421
471130016051
470370190062
470370190031
470370190033
470370190034
470370190041
470370190042
470370190043
470370191051
470370191053
470370191054
470650012001
470650114441
470650103061
470650104114
470650101013
470650112015
471190112002
470650114461
471190103011
471190112001
471190101002
471190109002
470590901005
470370189011
470370189021
470370189022
470370191081
470370191082
470370191091
470370191092
470370189023
470370191093
470370191101
470370191102
470370191103
470370101051
470590911002
470590913002
470590903004
470590910004
470590906001
470590902001
470590905001
470519602012
471179550003
470370133001
471190101003
471570201021
471570202102
471570202103
470370132011
470370133004
470370183012
470370135001
471570217413
470179620004
470179624002
470179801001
470179621005
470179625002
470179622011
470179623003
470179622021
470370166001
470370166002
471130016063
471130016102
471130016101
471130013001
471130013002
471130014012
471130016091
471130013003
471130018001
470370167001
470370167003
470370167004
470370168002
470370168003
470370134001
470370134002
470370169001
470370169002
470370194003
470370138001
470650114113
470470603004
470470604012
470470604032
470470604011
470470605021
470470607012
470470607011
470470606001
470470604022
470470604023
470519602022
470519602011
470519602014
470519602023
470519607002
470650101011
470575004011
470575004012
470575004022
471710802003
471710803003
470650110024
470650101043
470650101032
470650101042
470650104131
470650114134
470650102012
470650102022
470650112031
470650103044
470650103042
470650110023
470930064012
470650109021
470650112042
470650112032
470650110021
470650104322
470650104321
470650112043
470650113263
470650114133
470650112033
470010213012
470631001001
470631005002
470631011001
470010210004
470019801001
470010207001
470010208001
470650116006
470679605002
470650117001
470650118002
470650118003
470650118004
470370173001
470370173002
470279551002
470470605023
470470604042
471530601015
471530601011
470650116002
470650116003
470650116004
470650116005
470650117004
471410011004
471530601014
471530602002
470650118005
470650118006
470650118001
470650119001
470650120001
470650120002
470650113113
470650114132
470179622012
471490403021
471490403022
470650113251
470650113253
470650114022
471490403023
471490403024
470179623002
471490422001
471150501022
471150503011
471150501023
471150502013
471470804022
471470805002
470459649003
470459648002
470459644001
471130019003
471130001003
470999603003
470999601001
470999602002
470999606001
470999607002
470999602001
470999604011
470999608001
471870503061
471130003001
471130016072
471130014011
471130016061
471130015012
471130007002
471130019002
471130015023
471130002002
471130019001
471130008002
471130014022
471130015022
471079703003
470010202012
471519754001
471179550002
471179550004
471630415002
471630417001
471630418003
471630418004
471630420002
471630415001
471099306001
471099307001
470370189042
470370101031
470110112022
470110111004
470110111002
470110113004
470110112011
470110113001
470110114012
470110113002
470110110002
470110109001
470110109002
470110116021
471870503031
471870507011
471410007001
470259705002
470259706001
470259707001
470259707003
471410008001
471410012002
471410012004
471410002001
471410003011
471410009002
470319708022
470319801001
470319702004
470319708011
470319708023
470319705001
470650033001
470179620001
470319708012
471410003022
471410004001
471410004002
471410004003
471410011001
471890301023
471890302021
471890303031
471890303051
471890304023
471890304022
471890305001
471890306001
471890306002
471890306003
471890302042
471890301013
471890302022
471890309012
471890303041
470179621001
470179620002
471890308003
470179620003
471890309042
471890310003
470179624001
470179621002
470179625001
470179621004
470079531002
470079530002
470650104341
470650121004
470650020002
470650004001
470650114471
470650114472
470650007001
470650102011
470659801001
470650102013
470650102024
470650019002
470650121005
470650110011
470650102021
470730505031
471870505032
471870512023
471870512024
470650024002
470650024003
470730503011
470730503023
470730503022
470730508001
470730505032
470730506021
470730506023
470730506014
470730509002
470730509001
471870507021
470730505022
470339611002
470339612001
470559202002
470559205003
470559203003
470559201001
471870505021
471870501012
471870503032
471870511001
471870511002
471870509091
471870505031
471870509063
471870510023
471870503051
471870504032
471870505042
471870501032
471870511003
471870503071
470499650002
470499651001
471459801001
471870501033
471870504051
471870502031
471870509051
471870512012
471870504041
471870508002
470919561002
470919560001
470919564004
470919562001
470919563002
470919564001
470919564002
470919563003
470370156201
471690902001
471039757002
471039756022
470370153004
470370131002
470370156172
470370116001
470370174022
470370190052
470370111004
470370102021
470370156122
470370186022
470370127011
470370183014
470370102011
470370168004
470370101052
470370101061
470370152002
470370127012
470370101042
470370158022
470370110011
470779752002
470370191141
470370186023
470370103012
470370191121
470370184012
470370188013
470370117004
470370128022
470370153003
470370121003
470370190032
470370106022
470370191052
470370183021
470650112012
470179623004
470650024004
470039503001
470039505003
470039503002
470039506002
470039504011
470039502001
470110106002
470039504021
470039506004
470039501001
470039507002
470110107001
471570224105
471570227004
470779754004
470779754005
470779753004
470779755001
470779752001
470779751002
470779753002
470779750001
470779753003
470779754002
470779754003
470779751001
470779755003
470779753001
470039501002
471570224104
471570224103
470179623001
470179621003
470110105002
470779755002
470779750002
470779752003
470779754001
471570227001
471470803021
471470805001
471470804011
470039505004
470039507001
471470802002
470039504012
470039505001
470039506001
470039506003
470039505002
470039508002
470039508001
470039504023
470259706003
470650026002
470650026003
471570227002
471570227005
471790601003
471790620003
471599750001
471599754002
471790609004
471790613003
471790609002
471599751002
471599750002
471599752001
471599751001
471730403002
471730402022
470259708001
470259708002
470259701002
470259703001
470259706002
471710804002
471710804003
470059634001
470059633001
471359301002
471359301003
470259702002
470259702001
470259703002
470259709002
470259707002
470259704001
470259709001
470459649002
470259705001
470259707004
470370174024
470370174025
470370175002
470370175003
470370174011
471710804004
471710804005
470370177022
470370177023
470799692002
470799690003
470799690002
470799691003
470799696005
470799698002
470799691002
470799696001
470459642002
470370178001
470370107011
470370179011
470370191063
470370193002
470370184041
470370184102
470370101041
470370101032
470379802001
470370154024
470370156102
470370184043
470370159002
470370158043
470370153002
470370178005
470459640001
470459646002
470459644003
470459644002
470459644004
470459642001
470459645002
470459643005
470459645001
470459644005
470459643001
470459640002
470370174023
470370188012
471490401011
471490401031
471490403061
471490405013
471490405014
471490422003
470370174012
470370174021
471490405021
471490408061
471490410001
471490410004
471490405011
471490411013
471490420002
471490409011
471490409053
471490412011
471490407021
471490408082
471490408064
471490409031
471490405023
471490411022
471490409012
471490408081
471490411021
471490405022
471490412021
471490410003
471490407011
471490408091
470419202003
471490409052
471490408083
471490408093
470370156142
470730506012
470370156132
470459642003
470459642004
470459643004
470370179013
470370179014
470370179021
470370180002
470370177012
470370168001
470370156232
470370126001
470370118003
470370195001
470370194001
470370121002
470359703023
470359703021
470359707011
470359703012
470359705021
470359701022
470359706021
470359706011
470359707022
470359701023
471779304003
471779305001
471779307001
470930066002
470930017002
470930067003
470930046061
470930068002
470650105023
470650030001
470650026001
470650102023
470650014001
470650121002
470650034001
470650113252
470650113233
470650113111
470650113242
470650113261
471650204052
471650210091
471650204061
471650211033
471650205012
471650209031
471650207004
471650210093
471650211073
470650008001
470650105016
470650105014
470650032003
470370177011
470370133002
470370134003
470370135002
470930062031
470930062033
470930039011
471550811021
471550806023
471550801022
471550809012
471550802021
470359708001
470359704002
470359702003
470359702001
470359701021
470359705012
470359704003
470359703022
470419203003
470419203001
470419202004
470419202001
470419201023
470419203002
470419201022
470419203004
470359701011
470359705023
470359707023
470359708002
470930047002
470359702002
470359705022
470359706031
470359707021
470370156272
470359704001
471650207003
471650208003
471650208002
471650209024
471650210041
470650114462
470650030002
470650117003
470650116001
470650032002
470370103032
470370156311
470730503012
470370109033
470370109032
470370188042
470370188031
470370188041
470370191171
470370156293
470370156291
470370156262
470370156231
470370156222
470370191161
470370138002
470370189052
470370189053
470370182021
470370182022
470370158042
470370156121
470370156134
470370156202
470370156151
470370104013
470370182032
470370184071
470370184092
470370190061
470370139001
470370160001
470370152001
470370151004
470370155023
470650029002
470650114451
470650109034
470650113231
470370184011
470370106011
470370113004
470370136012
470370136014
470370172001
470370171003
470370171002
470370191061
470370191062
470370178002
470370154041
470370156093
470370155011
470370156242
470370156281
470370184082
470370191181
470370189051
470370188032
470370156282
470370156251
470370156133
470370156141
470110116011
470110112024
470110114022
470110103002
470110112013
470110112012
470010213011
470370156193
470370156092
470370156312
470370143002
470370136021
470010206002
470110112023
470370177021
470370189012
470370181023
470010212021
470010212023
470010212024
470010209023
470010210002
470010211002
470959601003
471150501021
471150502023
471150503014
471150502012
471150502011
471150503021
471150502021
470010209011
470010211003
470010212012
470010212014
470010210003
470010210001
470010213023
470010212011
470010204001
470010213025
471570216131
471190108011
471190111013
471190108012
471190102013
471190103012
471190110012
471190110011
471039756013
471039755003
471570111002
471570215401
471570213112
470430605013
471570210102
470370180001
471190107002
471190108021
471190110022
471190104001
471570217263
471570050001
471570059003
471570099021
471570003001
470430607001
470430601002
470575004023
470430606021
471570211373
471570211372
471570211251
471570016001
471570042001
471570001003
471570113001
471570099023
471570118003
471570211353
471570011002
471570015001
471570027002
471570016003
471570042002
471570081204
471570067001
471570057001
471570217102
470590904001
471570081103
471570222103
471570078211
471570211241
471570211252
470370182011
471570226001
471570208321
471570202221
471570205312
471570206441
471570206103
471570208323
471570213521
471570217451
471570217463
471570211411
470539664002
470370182012
470370182031
471570211391
470370184015
470370186012
470370186021
470370186024
471790611001
470370187001
470370187002
470370187003
470370188011
470370188014
470719202003
470719204001
470719204004
470719206003
470719206001
470719202001
470090114011
470010212013
470010208002
470010202021
470010213021
470010201002
470010209024
470010209013
470010207002
470010211001
470010209022
470010213024
470010203001
470010203002
470010204002
470370180003
470370180004
470010205002
471570102204
470010205003
470010206001
471579801001
471570053003
471570225001
471570103001
470370188015
470539669001
470539671002
470539661002
470539674003
470539664004
470539664003
470539670002
470539670004
470539664005
470539662003
470539667002
470539670005
470539665002
470539669003
470539668001
470539665005
470539667004
470719205002
470539670001
470539668002
470539666001
470370181013
470370181021
470719203003
470719202002
470719201001
470719201002
470719204003
470719205003
470719203002
470719206002
470719205001
470719203001
470719204002
470370184051
471690901001
471690901002
470370181012
470370180005
470370181011
470370184014
470359706012
470359705011
470359703011
470359707012
470359706022
470539673001
470370184052
470370184053
470370184101
470370184091
470370185001
470370185002
470370185003
470539665003
470539674001
470539662001
470539663001
470539665001
470539670003
471179551002
470370185004
470370185005
470370185006
470370186011
471190105004
470370181022
471570201011
471570111001
471570017003
471570117001
471570215402
471570213533
471570216113
471570215403
471570217101
471570213534
471570211362
471570210101
471179555001
471179551001
471179551003
471179555003
471179550001
471179552003
471179555002
471870508004
471670407003
471670407004
471870502041
471870503041
471870505033
471870505023
471870506021
471870510011
471870509052
471870509043
471870509042
471870508003
471870509082
471870512011
471870501031
471870504061
471870505022
471870512013
470631007003
471870509081
470319702003
471179553002
471179554003
471179552001
471179553001
471179553003
471179554001
471530601013
471530602001
470999605013
470631012003
470631006001
470631004005
470631006005
470631007004
470631010002
470631007001
470631006002
470631010003
470631001002
470631001004
470631005001
470631003001
470631004002
470631002003
470631011002
470631009003
470631001003
470631010001
470631007002
470631004003
470631012001
470631008001
470631012004
470631012002
470631010004
470631006003
470799690001
471670403032
471670407002
471630420003
471630433024
471179554002
471179552002
471670407005
471490405024
471490407012
470999604021
470999608002
471490407022
471490418002
471490406001
471490406002
470999604013
470999604023
470799693004
470799693002
470799696004
470799693001
470799695003
470799690004
470799697002
470799697001
470799691001
471291101001
471291103004
471291104002
471291105004
471291102001
471291105003
471291101002
471291103002
471291104001
471291102002
470090103021
470631002002
470631003002
470631004004
471291103001
470470608003
470470605022
470470608001
470470606003
470470604031
470470603001
470470608002
471839684002
471839685001
471839686003
471379251005
471379251002
471870502061
471870502032
470319709001
470970505042
470970505041
470090116051
470090103012
470099801001
470090110012
470090113012
470090113023
470090115021
470090115031
470090116031
470090115011
470090110023
470090103023
470090110013
470090110021
470090111024
470090113013
471730402023
470619551002
470210702021
470210702031
470210704021
470210701041
471630428021
471630428022
471630428024
470730506013
470730503021
471690902002
470079530001
470079532001
470079531001
471630432013
471630434012
471730403001
471730402011
471730401004
471730402012
471730401002
471730401001
471730401003
471730402021
471730402024
471730402013
471730401005
471630434023
471630435002
471630436003
471630432022
471630436001
471079706005
471570203002
471570204001
471570204002
471570205111
471570205112
471570205122
471570206522
471570208322
471570211111
471570211112
471570205242
471570205241
470799694002
471570205412
471570205422
471570205423
470090114012
470090114022
470090114023
470090114024
470090115033
470090115034
470090116032
470090116033
470090116042
471570206222
471570206223
471570206351
471570206331
471570206512
471570206514
471570206515
471570206521
470930033001
471839682032
471839682031
471839682013
471839682021
471839687002
471839684003
471839682012
471839681012
471079706004
471079702005
471079702002
471079706003
471079705001
471079703001
471079701013
471079708002
471079704021
471630421001
471570205124
471570205211
471570205213
471630405002
471630405003
471630406001
471630413003
471630423002
470959602003
471630427015
471570205324
471570205323
471570205321
471570205411
471630405004
470010202022
470010204003
471630406002
471630407001
471570206101
471570206211
471570206212
471570206214
471570206221
471570108104
471570108202
471630408002
471630408003
471630409002
471630411002
471630424003
471570206321
471570206511
471570108203
471570108204
471630427011
471630427013
471630427014
471630427021
471630427022
471079701022
471079707002
471079702004
471079708003
471079707001
471079702003
471570110201
471570110202
471570110203
471570201013
470590905004
470590906003
471570201014
471570202101
470370156091
471450309001
470370178003
470370182023
470370184072
470370183011
470879603001
470879602002
470879601002
470879603003
470879603004
470879601001
470879603002
470879604001
470959601001
470959602001
470959601004
470999603002
470959601002
470959602002
470999601002
470999607001
470999606002
470999604012
470999607003
470999609002
470999609001
470999603001
470139505002
471570211113
470930042001
470930044042
470930057011
471630433022
470619553004
470719202004
470430605012
470430605011
470430605023
470430606013
471759250002
471759252002
471759250001
471759252001
470559204002
471219603002
470819505001
470819502002
470819504001
470819501002
470090102001
470090102002
470090104002
470090105001
470090105002
470090106002
470090106003
470090107001
470090107002
470090107003
470090107004
470090108001
470090108002
470139503002
470139502002
470139504001
470139509002
470090109003
470090111021
470090112001
470090116022
470090101001
470090116021
470139507001
470139511003
470139501001
470139509001
470139501002
470139504003
470139507004
470139508001
470139504002
470139507003
470139510001
470139507002
470139511002
470139505003
470139503001
470139506001
470139510002
471550804001
470419201012
470419201011
470419201021
470419202002
470139502001
470139505004
470139506002
470139506004
470930046141
470930046151
471650212013
470110107004
471039752001
471039753004
470930030001
470930030002
471039754002
471039755002
471039756021
471039756012
470970505031
470970505053
470970505032
471399504003
471399502011
471399502023
471399502022
471399504001
470970505052
471670402002
471670404001
471670408002
471550805002
471550810001
471550805001
471550810003
471550809022
471550801011
471550807003
471550808021
471550801012
471550810002
471550806022
471550805003
471550803001
471550807004
471550803002
471550809011
471550809021
471550802022
470010209021
470370108023
471550801021
471550804002
471550806021
471550807001
471670406021
470650014002
471130004001
471130004002
470650112044
471130004003
471130005001
471130005002
470650019003
470370109013
470370104022
471570064001
471570065001
471570065002
471570066002
471570066001
471870505041
470370104021
471570067002
471570067003
471570067004
471570068002
471570068003
471570069001
471570069002
471570069003
471570070001
470930067001
470930018002
470930070002
470930019001
470930062083
470930057121
470930045002
470930046103
471570078221
471570089001
471570102203
471570102205
471570102206
471570105002
471570106103
471570106104
471570106202
470370104025
470370105011
471570093001
471570093002
471570095003
471570095002
471251010021
471251011021
471251010011
471251011023
471251011022
471570095004
471570096001
471570096002
471570097002
471570097001
471570098001
471570098002
470930061021
470930044041
470930048003
470930052011
470930057012
470930067002
471319656002
471319656003
471319657001
471319657002
471319650004
471319654002
470930008003
470370151001
471319656001
471319659002
470319709003
470319709004
470319710002
470319710003
470319710004
470190703001
470190708002
470190715002
470190717003
470190705002
470190711001
470370154052
470370155012
470319710005
470370155022
470370154042
470370154043
470370154051
471050603023
471050603021
471050602021
471050605011
471050601001
471050602011
471050606003
471050603022
471050605013
471050603012
471050602012
471050605012
470650124003
470650121003
470650101012
470650019001
470650104313
470650121001
470650114112
470650113211
470650104352
470650112013
471870510013
471870510012
470650104111
470650123001
471079703002
471079705002
471079706001
471079706002
471079708001
471079708004
471079705003
471079707003
470650108001
470650101041
470650101044
470650104324
470650023001
470650104323
470650114442
470650111001
470650104132
470010202011
470010208003
470159602005
470159602002
470159601002
470159602003
470159603002
470159602001
470159601001
470159602004
470159601003
470930057101
470930071002
470930059051
470930053011
470930056032
470930071003
470930052021
470930058121
470930046111
470930062062
470930064031
470679606001
470930059071
470930062061
470650104312
470650105011
470650108002
470650112014
470650113142
470679606003
470679606002
470679605001
471570217471
471099305004
471399503002
471870501011
471870509092
470370133003
470370143001
470010213022
471570056001
471570056003
471570105001
471570028001
471570028002
471570028003
471570029002
471570029003
471570029004
471570029005
471570001002
471570030003
471570032003
471570033002
471570034002
471570034001
471570035002
471570035003
471570036001
471570036002
471570114002
471570043001
471570114001
471570045001
470650113254
470370103033
470010201001
470010212022
470010202023
471570099013
471570100001
471570100002
471570100003
471570100004
471570100005
471570101101
470010205001
471570101102
471570101104
471570101105
471570101106
471570101201
471570101202
471570101203
471570101204
471570101205
471570102101
471570102102
471570102103
471570102201
471570102202
471251006011
471251006022
471251006021
471870504031
471251008001
471251011024
471251020031
471251013033
471251013063
471251012011
471570205121
470370104011
470370104012
470370104023
470370104024
471570211212
471570211351
471570211213
471570215301
471570055003
471570056002
471570057002
471570062001
471570062002
471570062003
471570063001
471570063002
471570063003
470930052013
470930058092
470930034001
470930014003
471570217462
