490419753001
490419755002
490050007021
490490031061
490050006004
490351126171
490351110023
490351128051
490351119043
490351128233
490351128222
490490101092
490490101093
490490101101
490490101111
490490101112
490399721001
490399722001
490399721006
490399725001
490399721004
490399722002
490399723001
490399725002
490399721002
490351128163
490351128103
490351129043
490351129131
490351027011
490351129212
490351130101
490490101091
490490101113
490490101121
490490101122
490490022012
490490022041
490351042006
490351129211
490351129161
490351126113
490351143001
490351130084
490490022051
490490022052
490490022061
490490022071
490490022072
490490022073
490490027011
490490027012
490351011023
490351131012
490351143004
490351028022
490351133061
490351133062
490351027022
490490022042
490490027013
490490027014
490490027021
490490028012
490490028021
490351130191
490351130082
490351130173
490351134071
490351145001
490351003071
490490029011
490490029013
490490029014
490490029021
490490029022
490490029023
490490102081
490490102082
490490102091
490490030012
490490030013
490490030021
490050006005
490351129201
490351129133
490351128181
490351128202
490351128231
490351130201
490490102103
490490030022
490490031031
490490031032
490490031041
490490031052
490490031053
490490033004
490351129163
490351152091
490351135351
490351131071
490451307023
490490015032
490490001023
490490001034
490490001041
490490001042
490490001051
490490031062
490490032041
490490032042
490490032051
490490032052
490490032053
490459800001
490490034022
490490102132
490399724003
490399724002
490111259051
490111259082
490111262032
490111262022
490111252002
490111258072
490111258071
490451307012
490451308001
490451310011
490451310022
490451311001
490451307025
490451307026
490451307013
490451310021
490039602001
490451307021
490451310024
490451310023
490451307032
490279742003
490279741004
490279741002
490111254061
490111255012
490111254031
490111258082
490111254062
490050014023
490351128192
490351117011
490351135121
490351119051
490351128201
490351135143
490351128123
490351140001
490351142001
490351142002
490351135342
490351152092
490490101052
490490015012
490490016023
490490017012
490490017021
490490017022
490490018024
490490020004
490490021022
490490104083
490490104102
490490104112
490490105051
490490105052
490490105053
490490105061
490170004001
490351126111
490351128053
490351126054
490351126114
490351135144
490351126055
490050010024
490050006006
490050010011
490490101051
490490101053
490490101062
490490101081
490490101082
490490101083
490490107001
490490107002
490490107003
490111254052
490230101004
490039602002
490039601002
490039603001
490039605002
490039608013
490039608012
490039602004
490039605001
490111258051
490572001001
490572001003
490039606014
490039607011
490039607012
490211101004
490111257022
490111264022
490111267003
490111260022
490111269012
490111262041
490490005042
490111262043
490351135234
490351143003
490351135214
490351145002
490351128173
490351003072
490351130104
490490101084
490490102141
490490102171
490490016024
490490102173
490351134073
490351113024
490351128162
490351135263
490351126173
490351117013
490490001052
490490002033
490490002051
490490002052
490490002062
490490005041
490490005043
490490005051
490490102162
490490102142
490490102143
490490102144
490490102151
490490102152
490490102153
490490102161
490111255011
490111258083
490111253052
490111253043
490111253033
490111253032
490111255032
490111254011
490111254032
490111254013
490111255013
490111255023
490111258052
490039608011
490572003001
490139403001
490011002003
490139405002
490050010012
490159763001
490159762003
490159765001
490159762002
490159765002
490159762001
490159765003
490159762004
490039604002
490039601003
490039602005
490490028011
490039603003
490039604003
490039605003
490039605004
490039606013
490039607013
490039607021
490039607022
490039608021
490039606021
490039608023
490039606022
490039601001
490572005004
490572006001
490572006002
490572006003
490572006004
490299701003
490299701002
490299702001
490439643082
490439644024
490439644011
490351113052
490572007001
490572008001
490572008002
490572009001
490572009002
490572012001
490572012002
490572013012
490572013011
490050004034
490351123013
490351123021
490351123022
490351125011
490351125012
490351125013
490351125021
490351125022
490351126161
490351127001
490351127002
490351127003
490351128041
490351128042
490351128044
490351121003
490351121004
490351121005
490351121001
490351122011
490351122012
490050005014
490050005011
490351126191
490351128052
490351128221
490351126192
490351126081
490351126082
490351126083
490351126084
490532715002
490532718001
490532701001
490351123023
490532701004
490532706003
490532705004
490532703002
490532703003
490532715001
490532705001
490532701002
490532710001
490532709023
490532702002
490532701003
490532716001
490532702001
490532707003
490532704001
490532714001
490351126182
490351126112
490572002032
490572002021
490351128131
490351128132
490351128133
490351128134
490351129041
490351130102
490351133101
490351133102
490351133093
490351133051
490351133052
490351129042
490351129051
490351129053
490351129073
490351139041
490351139042
490351139044
490351139051
490351139052
490351139053
490490023003
490490027022
490490029012
490351129143
490490030011
490490101132
490351125023
490351125025
490351125031
490351125033
490351126092
490351126093
490351126101
490351126102
490351126103
490351124033
490351124032
490351124021
490351125034
490351126041
490351126042
490351126043
490351126044
490351126051
490351126052
490351126121
490351126122
490351126131
490351126132
490351126133
490351129162
490351129172
490351129182
490351129181
490351146002
490351146003
490351130162
490351135091
490351135092
490351135101
490351135103
490351135153
490351135381
490351135382
490351135392
490351135391
490351135372
490351135361
490351138023
490351128121
490351128122
490351128124
490351130071
490351130072
490351131013
490351131021
490351135362
490351135202
490351135211
490351135212
490351135221
490351138031
490351139062
490351139031
490351139032
490351135222
490351135232
490351135233
490351135252
490351135261
490399724004
490399724001
490399723002
490399723004
490572104021
490159763002
490532707001
490532717011
490532709022
490532708011
490532711004
490532704002
490532709011
490532708012
490532717012
490351039003
490351040001
490351040002
490351040003
490351041001
490351041002
490351042002
490351042003
490351113022
490351113023
490351113042
490351028023
490351133063
490351003073
490351005005
490351138033
490351121002
490351124031
490351127004
490351129072
490351135201
490490006032
490490006042
490490007064
490490007081
490490007082
490490007091
490490007092
490490007101
490490007102
490490102202
490490103032
490490103041
490490103042
490490103043
490490103051
490490104041
490111261054
490111261052
490111263042
490111264052
490111264042
490111263043
490111254051
490111251043
490111252001
490351135251
490351113021
490351110021
490351119042
490351135341
490351003081
490351128161
490351129202
490351128101
490490008013
490490009033
490490011051
490490011052
490490011062
490490011071
490490011072
490490011082
490490101033
490490101041
490490101042
490490101044
490490104042
490490104052
490490104071
490490104072
490490104081
490490104082
490111259061
490111259054
490111261053
490111255031
490351130121
490351130122
490351134062
490351134063
490351134072
490351134081
490351134082
490351134083
490351135111
490351135112
490351135131
490351138011
490351138012
490351138013
490351138014
490351138021
490351138022
490339501002
490070002002
490070002001
490070003003
490070001002
490351130131
490351134091
490351134102
490351134103
490351134104
490351134101
490351134111
490351134112
490351134121
490351135132
490351135133
490351135142
490351135151
490351135152
490351129132
490351129141
490351129142
490351129144
490351135052
490351130132
490351130142
490351130141
490351134132
490351134133
490351134131
490351135051
490279741001
490351135053
490351135054
490279743003
490279743001
490279742001
490279743004
490279743002
490139406001
490279742002
490279741003
490070003004
490572105111
490572105081
490572105092
490572105101
490572109005
490572020003
490490102203
490490103031
490490103052
490490104051
490490104061
490490104062
490490104091
490490104092
490490104101
490572105102
490572103032
490572002033
490572001002
490572005003
490572103023
490572103034
490572104035
490351117021
490351118022
490351118021
490351118012
490490102104
490490102111
490490102113
490490102122
490490031042
490490031043
490490031051
490490032012
490490034034
490490101031
490490102154
490490102172
490351118013
490351118011
490351119032
490351119033
490351119031
490211101001
490211102003
490211101003
490211107021
490211107012
490211107022
490379782004
490139405001
490139406003
490139406004
490139406005
490139403003
490139406002
490351128142
490351135213
490359800001
490351130083
490351131072
490351130081
490351014003
490351147001
490351021001
490351126142
490519604001
490351139061
490351151061
490351131052
490419754001
490050014012
490519602001
490519602002
490519405001
490519601001
490519604002
490519405002
490519405003
490351115001
490211107013
490211101002
490211107011
490351113061
490351113062
490351114001
490351114002
490351114003
490351114005
490351114006
490572002022
490351116001
490351116002
490351116003
490351116004
490351117023
490351117024
490351117022
490351117012
490572003002
490572003003
490351107021
490351139054
490351101041
490351134092
490351048004
490351015003
490351129171
490351128172
490351130161
490351133082
490351114004
490351034001
490351128141
490351042004
490351042005
490351043001
490351043002
490351044001
490351044002
490559791002
490439641023
490479402012
490479402014
490479683021
490479684021
490351126162
490351031003
490351113041
490351102003
490351130174
490351128102
490351109004
490351012002
490351016001
490351101031
490351135271
490351128152
490572109003
490572011001
490572104031
490572104041
490572104042
490572105043
490351049001
490351031002
490351101023
490351005003
490351133103
490351135141
490351130172
490351120013
490351106004
490351120023
490351128151
490351101042
490351135371
490351125032
490439644022
490351126091
490351126172
490351128043
490351129052
490351133091
490439643031
490439643043
490439643041
490439644021
490439643042
490439642011
490439642032
490439642012
490439642022
490439644012
490351001002
490351134093
490351137012
490351139043
490351001001
490351002001
490351141002
490351008001
490351141001
490351047001
490351047002
490039608022
490039602006
490039606023
490572105112
490351003063
490351003061
490351003062
490351147002
490351005002
490351005004
490351006001
490351047003
490351048001
490351048002
490351048003
490351049002
490351049003
490351101033
490479682002
490479684022
490479683023
490479683011
490479683022
490479682001
490351113051
490139405003
490139405004
490139403002
490351006002
490351006003
490351006004
490351006005
490351007001
490351007002
490351008002
490351101044
490351008003
490351148001
490351101043
490351103004
490351102001
490351102002
490351102004
490351102005
490351148002
490351010001
490351010002
490351011011
490351011022
490351011012
490351012001
490351012003
490351103001
490351103002
490351103003
490351103005
490439641011
490351103006
490351104022
490190003002
490351104023
490351128211
490351012004
490351148003
490351014002
490351015001
490351015004
490351016002
490351016003
490351017001
490351017002
490351017003
490351104021
490351104011
490351104012
490351104013
490351105001
490351105002
490039606012
490572105121
490572104034
490532717021
490532713002
490532714003
490532708022
490439643053
490439643044
490439643032
490439642021
490439642031
490451312002
490351028021
490351029001
490351029002
490351029003
490351030001
490351030002
490351031001
490351110013
490351110022
490351111012
490351111013
490451306003
490451308002
490451309001
490451306001
490451307031
490451306002
490451308003
490351034003
490351032001
490351032002
490351032003
490351033001
490351033002
490351033003
490351034002
490351035001
490572103031
490351111014
490351111011
490351111021
490351111022
490351111031
490451311002
490451311003
490572101002
490572103024
490572112011
490572020002
490572103033
490572105051
490351112022
490572105123
490351035002
490351035003
490351036001
490351036002
490351037001
490351038001
490351038002
490351039001
490351039002
490351111032
490351111033
490351111034
490351112011
490351112012
490572014002
490351112023
490351015002
490351123011
490351135134
490351101022
490351112021
490351111023
490351133092
490351037002
490351126181
490572105042
490572105061
490251302001
490251302004
490572007002
490572109004
490572102011
490572105062
490572105063
490572104032
490572104033
490572105053
490572105091
490351125024
490230101002
490479684012
490559791001
490050002021
490050004032
490050005022
490490007061
490490007062
490490007071
490490008011
490490008012
490490008022
490490008023
490490009011
490490009013
490490009031
490490009032
490490009041
490572013021
490572013022
490572013023
490572014003
490572015001
490451309002
490572015002
490572015003
490572015004
490572016001
490572016002
490572016003
490572016004
490572017001
490572017002
490572018001
490572018002
490572020001
490572102012
490490002041
490490009042
490490032011
490490032031
490572102013
490572102032
490572102031
490572102042
490572103042
490490007032
490490018013
490490018014
490490025001
490490008021
490011001003
490490032032
490490032033
490490033001
490490033002
490490033003
490490034011
490490034021
490490034023
490490034024
490439643083
490011001001
490011001002
490011002001
490011002002
490490034031
490490034032
490490034033
490050004033
490439642013
490439643062
490439643073
490439641021
490439643052
490439641022
490439641012
490439643081
490439643051
490439643074
490439643061
490439643071
490439643072
490439644023
490451307011
490451307033
490451308004
490451307022
490451312001
490451307024
490351014001
490351131073
490351139071
490351011021
490351128212
490351042001
490351128232
490351128171
490251301003
490351135231
490351101021
490572110002
490572111001
490572111002
490572111003
490572111004
490572111005
490111262021
490111251042
490111251022
490111253041
490111253053
490111255022
490050014011
490050005021
490050007023
490050004022
490572103021
490572105122
490572007003
490572107031
490572101001
490572014001
490572105052
490572101003
490572005005
490572019001
490572107042
490572008003
490572105041
490572009003
490572104022
490572106001
490211102004
490351135102
490339501001
490039604001
490039602003
490039603006
490039603005
490039603004
490039603002
490039606011
490572112012
490572112013
490572112021
490572112022
490572112023
490050004011
490050006002
490050006003
490050008004
490050009001
490050009002
490050009003
490572109002
490572110001
490572106002
490572106003
490572106004
490572106005
490572107011
490572107012
490572107013
490572107014
490351131022
490572107032
490572108001
490572108002
490572107041
490572107043
490572107044
490572107045
490211104002
490211105002
490211103002
490211105003
490211102001
490211105001
490211102002
490211106003
490211103001
490211104001
490572108003
490572109001
490351131011
490351131051
490351007003
490351101032
490111258044
490211106002
490211106004
490111259063
490111270032
490111264041
490111261041
490111260014
490050010022
490050010023
490050011022
490050004012
490050006001
490211106001
490532711001
490211104003
490211104004
490211105004
490490102083
490490104111
490490104113
490490105031
490490105032
490490105041
490490105042
490490105062
490490109001
490490109002
490499801001
490251302002
490251301001
490251301002
490251302003
490111258011
490111257023
490111257012
490111257011
490050001021
490111258012
490111256001
490111258013
490111258014
490111258042
490111258043
490532706002
490050001012
490050008002
490050002011
490050012012
490050005013
490050010021
490050013003
490111263051
490050004031
490050011012
490050007011
490050007012
490050007022
490050008001
490050008003
490111257021
490111263031
490111251041
490111271002
490111264021
490111268022
490111265003
490111251031
490111270022
490111255021
490111267001
490111259053
490111251021
490111251032
490111259071
490111259081
490111259052
490111261011
490111259062
490111253011
490111253012
490111253013
490111253014
490111253031
490111253042
490111253051
490111260021
490532712002
490111261012
490111261013
490111260013
490111261014
490111271005
490111271004
490111271001
490419753002
490419753003
490419754002
490419751002
490111261051
490111271003
490111262031
490111262042
490111263032
490532707002
490532708021
490111263041
490111263061
490111263062
490111263063
490111264062
490111264061
490111264051
490532709021
490532710002
490111265005
490111265001
490111265002
490111265004
490111269015
490230101003
490111266001
490111266002
490111266003
490111267002
490111267004
490111260012
490111268011
490111268012
490111268013
490111268021
490111268023
490111269011
490111269013
490111269014
490490015031
490099601001
490111269016
490111269021
490111269022
490111269023
490111270021
490111270031
490111270041
490111270042
490111270043
490479683012
490111270044
490070003002
490532713003
490532713001
490532714002
490532718002
490532701005
490532703004
490532706001
490111254012
490111254033
490490010011
490490010013
490490010021
490490010022
490490011031
490490011032
490490012011
490490012012
490490012021
490490012022
490490012023
490490013001
490490013002
490490013003
490490014011
490490014012
490490014013
490490014014
490490014021
490490014022
490490014023
490490014024
490490015011
490490016021
490490015042
490490015043
490490016012
490490016022
490050007013
490050001022
490050005012
490050015001
490050003002
490050013001
490490020003
490230101001
490230102001
490230102002
490230102003
490490007072
490532716002
490490016032
490490018031
490490009012
490490023001
490490016031
490490018012
490490018021
490490019001
490490019002
490490020001
490490020002
490490021011
490490021012
490490021013
490490106002
490490018022
490490018011
490490015041
490490007063
490490010012
490490034012
490490021021
490490024001
490490022011
490490018032
490490034013
490490006012
490490016011
490490018023
490490023002
490490025004
490490025002
490490025003
490419752002
490419755001
490419753004
490419752001
490419755004
490419751001
490419755003
490419751004
490419751003
490479402015
490490001021
490490001022
490490001031
490490001032
490490001033
490490002031
490490002032
490490002043
490490002044
490490002045
490490004001
490490004002
490490006011
490351120012
490351120021
490351120024
490351120022
490490007031
490490007033
490050011011
490050011023
490050014013
490050002023
490050012022
490050011013
490050012011
490050002012
490351119041
490351120011
490532712001
490050001011
490111269024
490059801001
490050001013
490050002024
490050002022
490050003003
490050004021
490050014021
490050014022
490050011021
490050003004
490050012013
490050012021
490490002042
490490019003
490490106001
490479684013
490479684011
490490005072
490479402011
490479402013
490479682003
490351146001
490299701001
490299701004
490190002002
490190003003
490190003001
490190002004
490190002003
490190002001
490351122013
490351122021
490351122022
490351122023
490351123012
490351126053
490351126141
490351126151
490351126152
490351124022
490351124023
490351124024
490351138032
490351139063
490351139072
490351027021
490351003082
490351119061
490490028022
490490102092
490490102093
490490102094
490490102101
490490102102
490399721005
490399723003
490399725003
490399721003
490351135262
490351119062
490351124041
490351124042
490351128191
490351131081
490351131082
490490102112
490490102114
490490102121
490490102131
490319601001
490319601002
490572004001
490572004002
490572005001
490572005002
490532703001
490532705002
490532705003
490379781001
490379781003
490379420001
490379421002
490379782001
490379782003
490379782002
490379420002
490379781002
490379421001
490170003001
490351143002
490351129044
490351135122
490351005001
490351145003
490351027012
490351130171
490351129213
490351139073
490351131014
490351023002
490351111024
490351119052
490490005053
490490005061
490490005062
490490006031
490490005081
490490005083
490490005091
490490005092
490490005093
490490102181
490490102182
490490102192
490490102183
490490102184
490490102191
490351137013
490490102193
490490102201
490111258081
490111258053
490111261043
490111260011
490111261042
490111258041
490111259083
490479684023
490351133074
490351133081
490351133083
490351135321
490351135322
490351135331
490351135332
490351135333
490351129071
490351134061
490490011081
490490101032
490490101043
490490015013
490490017011
490490017023
490490101061
490490101071
490490101072
490490101102
490490101131
490490022013
490490022062
490351136001
490351136002
490351136003
490351136004
490351137021
490351137011
490351137022
490532711003
490351129121
490351129122
490351130103
490351130111
490351130112
490351130113
490532711002
490532708013
490532717022
490351019002
490532707004
490351018001
490351018002
490351018003
490351019001
490070005002
490351020001
490351020002
490351020003
490351023001
490351105003
490351105004
490351106001
490351106005
490351107011
490070001001
490070003001
490070002003
490070006002
490070005001
490070006003
490070006001
490490011061
490351025001
490351026001
490351026002
490351026003
490351107012
490351107022
490351107023
490351107024
490351108001
490351108002
490351108003
490519601002
490519405004
490351106003
490351106002
490351027013
490351028011
490351028012
490351028013
490351108004
490351109001
490351109002
490351109003
490351110011
490351110012
490170003002
490170004002
490572002041
490572002042
490572102041
490572103022
490572103041
490572002031
490050015002
490050013002
490050003001
490351135272
490351135273
490490001024
490490002061
490351133053
490351133054
490351133071
490351133072
490351133073
490351135281
490351135282
490351135283
490490005052
490490005071
490490005082
490490006033
490490006041
490490007111
490490007112
