500179594003
500179595003
500259679001
500259670002
500259681001
500259678001
500259679004
500259686001
500070035022
500039704001
500259686002
500259683001
500259684001
500259687001
500070030001
500070010001
500070010002
500070011001
500070011002
500070021011
500070022001
500070023024
500070023025
500070023012
500070029001
500070029004
500130201002
500039709002
500039711001
500130201003
500130202001
500130202004
500039703001
500179592002
500179594001
500179598001
500179592001
500070027021
500179595001
500239551002
500239555003
500259677001
500259683002
500259676001
500259680002
500259687003
500259672002
500259671002
500259673002
500259671001
500259685004
500259674002
500259673001
500259680001
500259684003
500259687002
500259670003
500259670001
500110102001
500070028003
500070034002
500070035021
500070001001
500070001002
500070002004
500070003002
500070004001
500070004003
500070005001
500039708003
500039709001
500070022003
500070040021
500070033041
500070033042
500070031004
500070031002
500070035023
500070023021
500070033011
500070027012
500059570001
500130202003
500130202002
500059577002
500059576002
500059579003
500279666004
500199520001
500259684004
500199517002
500199517003
500239554002
500199520002
500239556002
500239540001
500239540002
500239540003
500239541001
500199517001
500199519002
500239542001
500199517004
500239555004
500199519001
500259676002
500259678002
500259675001
500259680003
500259681002
500259682001
500259684002
500259685001
500259685005
500259685003
500079800001
500070023022
500279652002
500279660002
500279650002
500279650001
500279666001
500279667002
500279657001
500279661002
500279667003
500279667004
500279657002
500279658001
500059577001
500059575003
500059575001
500059578003
500279661003
500279666005
500279662002
500279655013
500279652001
500279657003
500279665001
500059578001
500059572001
500059579001
500059573003
500059572002
500059573001
500059575002
500059574001
500070028002
500059571001
500279651001
500279654001
500279654002
500279654003
500279654004
500279656001
500059578002
500059573002
500059576001
500059579002
500179591021
500279656002
500279659001
500279659002
500279659003
500279659004
500219623003
500219638001
500219643001
500219635003
500279660001
500279660003
500279660004
500279663001
500279663002
500279663003
500279665004
500279666002
500279666003
500279667001
500279651003
500239548002
500059574003
500179590002
500179591012
500179593002
500179595004
500179596001
500179597001
500179597002
500070024003
500070024001
500070034005
500070029002
500070035011
500070022004
500070027022
500070027013
500070031001
500070026013
500070008002
500219622003
500070029003
500070003001
500219632004
500219643002
500219638002
500219638003
500219624001
500219624002
500219622001
500219635002
500219622004
500219625001
500219640002
500219630002
500219623004
500219640001
500239542002
500219621001
500219621002
500219622002
500219623001
500219623002
500219625002
500219626001
500219626002
500219627001
500219627003
500219628001
500279655011
500279655012
500279653001
500279658002
500279656004
500279655021
500239552006
500239553003
500239554003
500070036003
500199515002
500039710002
500219636001
500219632001
500219632002
500219632003
500219633001
500219633002
500219633003
500219633004
500219633005
500219633006
500219634001
500219634002
500219635001
500219636002
500039712001
500039712002
500039712003
500039712005
500039712006
500039704003
500039708002
500039713001
500179593001
500179591011
500039705002
500179590001
500179598002
500179594002
500239543004
500059570003
500239545001
500239545002
500239546002
500239547001
500219628002
500219628003
500219630001
500219630003
500219630004
500219630005
500219631001
500219631002
500219631003
500239555002
500239558001
500239551004
500239551001
500239552001
500239552002
500239552003
500239552004
500239552005
500110105002
500110105003
500110105004
500110106001
500110107003
500110108001
500110108002
500110108003
500110108004
500110109003
500110107004
500110110001
500110110002
500110107001
500110107002
500110101002
500110105005
500110110003
500259674001
500070036002
500070023023
500070002003
500070034003
500070004002
500070002002
500070031003
500070022002
500070002001
500110106002
500110102002
500110101001
500110101003
500110102003
500110106004
500110104001
500110104002
500110106003
500110103001
500110101005
500110103002
500110103003
500110104003
500110105001
500039711002
500039713002
500039710001
500039711003
500039707002
500039712004
500039706003
500039704004
500039713003
500039707001
500259675003
500039708001
500039702002
500039702001
500039705003
500110101004
500110109002
500110109001
500070039002
500070039001
500070036001
500070023011
500070026011
500070026023
500070026022
500070030002
500059570002
500059574002
500219637001
500219638004
500219640003
500219642001
500219642002
500219627002
500219637002
500199511001
500239549001
500239554001
500239555001
500239544002
500239546001
500239548001
500199511002
500199516002
500199516005
500199512001
500199514001
500199516001
500199512003
500199518003
500199514002
500199518002
500199515001
500199512002
500199518001
500199516004
500199516003
500239557001
500239543002
500239555005
500239547002
500239557002
500239553001
500239556001
500239541003
500239550002
500239541002
500239550001
500239553002
500239543001
500239544003
500239543003
500239544001
500019601001
500059571002
500070034001
500199513001
500159536003
500070027011
500019601002
500019606003
500019605003
500019608002
500019601003
500019606002
500019604001
500019604003
500019609004
500019609001
500019604002
500019610002
500019607004
500019609002
500019602002
500019605001
500070009003
500070035013
500070028001
500019603001
500019603002
500019605002
500019606001
500019607002
500019607003
500070005002
500070005003
500070006001
500070006002
500070008001
500070009001
500070009002
500019607001
500019608001
500019608003
500019609003
500019602001
500019604004
500019610001
500159533001
500070021022
500070021021
500070021023
500099505003
500099502001
500099501001
500099505001
500099505002
500099501002
500159535003
500159532002
500159532001
500159535001
500159534001
500159536002
500159531002
500159533002
500159530002
500159531001
500159530001
500159535002
500070035024
500159536001
500239551003
500279662001
500279665003
500279665002
500279661001
500279651002
500130201001
500130201004
500259675002
500259672001
500179595002
500179591022
500179596002
500259685002
500259672003
500259679002
500259682002
500259679003
500039706004
500039704002
500039705001
500039706001
500039706002
500239549002
500070022005
500070033043
500070035012
500070039003
500070025001
500070024002
500070021024
500070021012
500070035031
500070040022
500070034004
500279656003
500279655022
500259677002
500070025002
500070025003
500070026012
500070026014
500070026021
