515500208072
516800008011
516800008022
516800008023
516800009003
516800009004
517000318001
517000319021
517000320021
516800002024
511498505022
511498503011
511498503013
511539009013
511579502003
511579502001
511579501002
511579502002
511579501001
511139302002
511139301002
511539012232
511139301001
511139302004
511539006002
511539010012
511539010011
515400005022
515400005023
515400005024
515400005025
515400006001
510932803001
510932804002
510932804004
510932804001
510932804003
510932801011
510932802004
510932803002
510932801033
510932801042
510932802003
510932802001
510932803003
510932802002
517000320071
517000321131
517000321132
516800009002
517000321242
517000321324
517000321322
517000321323
517000321171
517000321273
511539006003
511539006004
511539007021
515400002022
515400010003
511539010111
515400010002
517000321173
517000321231
517000321172
511539013041
510019901000
510010908002
510010904004
510010904003
510010908003
510010903001
510010903002
510019801001
510010907004
510010907005
510019802001
510010902002
510890108001
510890101003
510890102003
511076105071
511076118042
511076105053
511076105033
510872001063
510872001121
510872012011
517000316013
517000316021
517000316022
517000316023
517000316024
510770602012
511076106014
511076112022
510872014012
511277002003
510770601024
510890107003
510872015011
510872015012
511076110162
510872015013
511076111013
511076110181
511076110053
511076111012
511076115011
511076110132
511076107021
511076107012
511076101022
511076102011
511076107031
511076101011
511076106032
511076106041
511076105061
511076105042
511076105041
511076104002
511076105044
511076105032
517308110002
517308110003
517308111002
517308112002
511838703003
511838703002
511838703001
511838704002
511838701001
511838704001
511838701002
511539012221
511539017011
510131007002
510131004002
510131003001
510131022002
510131013002
517402102001
517402106001
510131008002
510131009002
515102009003
510131002005
510131002006
510131002001
510131003004
510131024002
517100036001
517100002012
517100045001
517100001001
517109803001
517100066052
517100068001
517100068002
517100016002
510950802021
511870202002
518000754033
518000754032
518000754053
518000757021
518000754022
517000321313
517000303007
511479302023
511479303001
517100066011
517100037002
517100035013
517100059012
511479303005
518000754021
518000755013
518000758012
518000655003
518000752032
518000755015
518000757022
511539004034
518000757024
518000757023
511019501022
511019503001
511019503002
517000320011
517000303005
517000319011
517600607002
517600704001
517600409001
511076110231
511076118061
511076110112
511076110093
511076110221
511076110232
511076110042
511330203001
511330202001
511210201001
511210207002
511210202013
511210204003
511210211001
511210205003
517402131031
517402130013
517402124002
517402129002
517402116005
517402132002
517402128022
517402118001
517402109002
517402127012
517402123004
518100424003
518100424004
518100426001
518100426002
518100454173
518100454261
518100454201
518100454203
518100456012
518100456042
518100458011
518100404021
518100404022
518100404023
518100404024
518100404031
518100454272
518100458012
518100458013
518100458031
518100458032
518100458063
518100458062
518100458081
518100404032
518100404042
518100404043
518100404044
518100406002
518100408012
518100460091
518100456032
518100458091
518100458092
518100458101
518100460023
518100460024
518100408013
518100408014
518100408024
518100410021
518100410022
510050701001
510050801002
510050803022
510050801003
518100410031
518100410032
518100410033
518100460051
518100460053
518100460054
518100460061
518100460062
511990510001
511990502061
511990509001
511990504022
511990504011
511990509002
511990511001
511990502062
511990511003
510050802021
511498505012
511498504004
511498503022
511498504003
511498504002
511498505013
511552102013
517000320012
510030111003
510030110004
510030111001
510030110005
510030103003
510030114003
510030106011
510030111004
510030106022
510030107002
510030107003
510030108002
510030108003
510030108004
510310204021
518000751021
518000752011
518000651002
518000655002
518000755014
518000754011
511790102113
511790102112
511790102111
511790101081
511790104062
511210212003
511210212004
511210203001
511210213001
511210209003
511210214003
511210211003
511210212001
511210206001
511210214002
511210215001
511210205004
511210214001
517000309002
517000313003
517000322251
517000322233
517000322244
517000322231
517000322243
510818801011
510150708001
511559801001
511650102001
511650105001
511076110111
511076119003
517100065021
517100065012
517100009021
517100004001
517100069011
517100070021
517100066051
517109801001
518000751024
518000751011
515102008011
515102008021
515102008023
515102009001
515102009002
518000757012
518000753012
518000751013
518000751010
518000751012
511790102141
511790102122
511790102073
511076110172
511539016022
511076110062
511076110131
511076110052
511076118041
511076118033
517100040022
517100056021
517100069021
517100003001
517100007002
517100006003
517100006002
517100020001
517100057021
517100013002
515102007032
511870201003
518000752022
518000755022
518000753013
518000754023
518000754031
511076118022
511076118011
511076105051
511076116011
517100038001
517100012002
517100022001
517100024001
517100022002
517100014003
517100025001
517109802001
517100044003
517100029001
511870202001
518000758031
518000754051
518000751014
518000755011
518000755021
517308111001
517308106002
517308112001
517308103003
517308105004
511770202022
511770203071
510259301001
510259302021
511838702021
511099505002
511099505003
511099502021
511099501004
511099502013
511099503003
511099503002
511099501001
511099504001
511099501002
511099502012
511099501003
511099505001
511539012371
511539012372
511539012212
511539012352
511539012222
511970503012
511970504021
511970503014
511970504012
511970503011
510619304023
510619307062
517100057022
517100058002
517100058003
517100059013
517100059011
517100059022
517100059024
510259301002
510259302033
510259302011
510839306004
510839302022
510839305004
510839306003
518200033004
518200034001
510030112011
510030110003
510030103005
518200034002
518200034003
510030104011
510030104013
510030105002
510030112022
510030113014
510030104022
510030112013
510030102012
510030106021
510030108001
510030113011
511770201062
511770201101
511770201132
511770204061
511770204041
511770202052
511770203062
511770204042
511770201083
511770204043
511770204034
511770201071
511770203111
511770203081
511770203041
511159513004
517308101001
517308113003
517308113002
517308109001
517308105001
517308113001
517100059031
517100060001
517100060002
517100060003
517100061002
517100061003
517100061004
517100061005
517100062001
517100062002
511199512002
518200035001
518100444023
518100444024
518100446002
518100446004
518100448061
511030302003
511030302002
511030303004
511030303003
511030303001
511030303002
518100448062
518100430033
518100448071
518100448072
518100448073
518100448081
518100448082
518100440034
518100454063
518100454233
518100454231
518100454232
518100464001
518100430042
518100460151
510411010041
510411007031
510411002101
510411010102
510411009262
510411008222
510411009281
510411008201
510411008211
510230403012
510230404011
510230404021
510230403024
510230404024
510230404023
518200034004
518100454052
518100454053
518100454054
518100454055
518100454062
511752005001
511752001002
511076112023
511752003001
511752004002
511752005002
511752002001
511752004001
511752004003
511752002002
511752001001
518200032002
518200032003
518200033001
518200033002
510230404022
515800601004
518100454072
518100454073
518100454082
518100418024
518100420001
518100420002
518100420003
518100454142
518100454143
518100454144
518100454151
518100454061
518100454242
518100458061
518100422011
518100422012
518100422013
518100422021
518100422023
518100424001
518100424002
518100454152
518100454221
518100454171
518100454172
518100460063
518100460064
518100460142
518100410034
518100410041
518100410043
518100410044
518100412001
518100412004
518100414001
518100414002
518100460152
518100460154
518100460161
518100456043
518100460092
518100460093
518100440033
518100454071
518100414003
518100416001
518100416002
518100416004
518100418012
518100418013
511076110201
511076110202
510839304002
510839301002
511559802001
511552105002
510230405011
510230403023
510230403022
510719303004
510719304002
510719302002
510719304003
510719303005
510719303006
510719302003
510719301001
510719303001
510719301002
510719304001
510719303002
510719302001
511076112051
511076110233
511076118031
511076118052
511076118032
511210201002
511210210001
511210202014
511210204005
517100033001
517100058001
517100066022
517100066061
518000757011
518000754012
518000752042
518000751023
518000752041
511790102053
511790102132
511790103032
511790103042
511790102142
511076110213
511076110223
511076110222
510131004003
510131025002
510131032002
510131006002
510131017023
510131013001
510131004001
510131003002
510131010001
515102004031
517100064001
517100065022
517100066021
517100066031
515708301002
516600002061
516600002041
518200035002
517100066032
517100066041
517100066063
517100066062
517100066064
517100066071
510770601011
510770602011
510770603001
510770602021
510770601013
510770601022
510770602022
517100069013
517100069012
517100069022
517100070011
517100070022
511539013031
511539014143
511539014092
511539014102
511539014081
511539014033
511539014072
511539005012
516600002071
516600002072
516600002073
516600004025
515800601002
515800601003
515800602001
515800601001
518100418022
518100418023
518100430022
518100434002
518100436002
518100438004
517750105012
517100004003
511970501003
511970502001
511970502002
511970504023
510719303003
510690505004
510690507001
510690509002
510690503001
510690507002
510690509001
510690501003
510690501002
510690502001
510690508012
510690501001
510690510004
510690504004
510690502002
510690504001
510690506001
510690505001
510690504003
510690504002
510690505005
510690505003
510690511022
510690503002
510719304004
510619302032
510619303041
510619303031
510619304032
510619302041
510619302062
516200901001
517750105013
510594913014
515400008004
511479303003
511479301001
517000320022
511479302012
511479301002
510594202013
510594203002
510594203003
510594318022
510594318011
510594319002
510594511002
510594512002
510594513001
510594513002
510594514001
510594515021
511690301001
511690306004
511690302003
511690305002
511690303001
511690304001
510411009331
510411009151
510411009152
510411009191
510872016022
510872008012
510872008051
510872008052
510872005031
510872001192
510872001241
510872016021
517000303004
515500210061
511539015044
517600610001
517600604001
517600604002
510932801061
510932801052
510050801001
510594705002
510594206001
510594206002
510594520001
510594521021
510594521013
510594521012
510594521011
510594522001
510594522003
510594611002
510594611003
510594615005
510594615002
510594812011
510594812021
510853208031
510853210022
510853212013
510411007021
510411008041
510411008121
510411008192
510411009221
510411009261
510411010031
510411010101
510411009222
510411009231
510411009361
510853206013
516300002001
516300003011
510330301002
510594502002
510594525012
510594603001
510594208002
510594208003
510594323002
510594323003
510594324012
510594325001
510594327022
510594615003
510594615004
510594616011
510594616014
510594713032
510594814002
510594817011
510594817012
510594901034
510594901013
510594921003
510594922031
510594403002
510594405011
510594525013
510594602001
510594704002
510594803003
510594809022
510594816002
510594803001
510594809014
510594920002
510594704001
510594707004
510594528013
510594701001
510594814001
510594327011
510594405023
510594901033
510594604001
510594921001
510594819001
510594217021
510594804022
510594304002
510594801004
510594153001
510594152001
510594915023
510594151003
510594518002
510594801001
510594825042
510594324022
510594402024
510594157002
510594524004
510594408002
510594205033
510411002051
510411002053
510411009271
510411009272
510411009291
510411009292
510411009293
510411009301
510594605023
511770201082
511770201092
511770203072
511770201091
517308104001
517308103001
517308103002
517600708011
517600706014
517600708021
517600305001
517600706012
517100040024
517100042002
517100066073
517100055002
517100059021
517109900000
517100001002
510639201012
518100428011
518100428013
518100428014
518100428015
518100428021
518100428023
518100460101
518100460121
518100460123
515800602002
516105003001
516105001001
516105001002
511770202021
517402129001
517402129004
517402130012
517402130021
517402130022
511539002023
518100438002
518100438003
518100440011
518100440013
511030301001
511030301004
511030301002
511039901000
511030301003
511030302001
517600604003
517600606003
517600607003
517600607005
517600607004
515500213023
517600607001
517600608001
510594320001
510594321002
510594323001
510594515022
510594516022
510990403002
510990401002
510990405001
510990403001
510990404002
510990402001
510990405002
510990404001
510990402002
510990401001
510594518001
510594519002
515500202003
517600604005
517600605002
517600605003
515500205001
517600605005
517600606001
517600606002
510594808021
510594809013
510594809012
510594809033
510853213001
510411009201
510411009211
510411009212
515500208091
510050701003
510411009213
510411009214
510853212021
510853213002
510932801031
515500215013
510932801041
515500215011
510050802023
510050802011
510594605011
510594607023
510594607022
510594617002
510594704003
510594704004
510594815001
510594819002
510594819003
510594826013
510594901031
510594910001
510594915021
510594915022
510594925002
510594920001
510594922011
510594923002
510594211033
510594211032
510594211034
510594402011
510594407022
510594408001
511650109002
511650116002
510594524002
510594524003
510594525011
510594525021
511650101001
511650111001
511650102002
511650104001
511650114001
511650110002
511650109001
511650114002
511650120003
511650120001
511650106002
510594617001
510594617003
510594618021
510594714011
510594817023
510594820022
510594820021
510594820012
510594820011
510594821001
510594821002
510594905022
510594905023
510594911031
510411002062
510411002063
510411002064
510411002091
510411002093
510411002094
510411009311
510411009313
510411010071
517700004003
517700004001
517700005004
517700005002
517700005003
511770204063
511770203082
511770203101
511770201141
511770201121
511770203042
511770204052
511770201043
511770203102
517402103001
517600708012
517600708014
516839104013
516839104011
516839102013
516839103021
516839103022
517700025002
518100428012
518100446003
518100410042
518100408011
518100448083
518100462143
517402118003
516200901002
511139302003
517402119002
518100460094
518100408021
518100454051
518100444022
518100460052
518100422024
518100464002
518100412003
511552101005
515102006001
515102004071
515102020011
515102003021
515102007021
510950801022
510131022001
510131022004
510131037001
510131024001
510131038001
518100462061
518100446001
518100408022
518100454074
510950802022
510950802031
510950803012
511610301003
511610308021
511610309002
510131022003
510131011003
510131011004
510131011002
510131023021
510131027011
510131023022
510131023023
510131017012
510131017013
510131027021
511610307011
511610309004
511610302011
511610311012
511610309003
511610303001
511610301001
511610306003
511610310003
511610302013
511610303002
511610307013
511610306002
511610305001
511610307014
511610310002
511610302052
510131027022
510131028022
510131029021
510131030001
510131034023
510131036022
510131036021
511610302041
511610302042
511610302043
511610302051
511610302032
517402103003
511430108012
511430102001
511430103001
511430110012
511430108021
511430106001
511430109002
511539012333
511539012312
511539013052
511539012193
510950801014
517402115002
510131002002
510131008001
510131007006
510131028015
510131029011
510131029012
510131029013
510131036013
510131009003
510131015006
510131029022
510131020033
510131038003
510131035022
510131035013
510131030003
515102006004
515102006005
517402127011
517402127021
517402127022
517402124001
517402124003
517402126003
517402126002
517402123002
517600708022
515102006002
515102006003
510131016012
510131035021
510131006003
510131014021
510131020021
510131020012
510131014031
510131014022
510131014011
510131038002
510131017021
510131015001
510131035011
510131031001
510131031002
510131035031
517600710013
517600710021
517600710022
517700018003
511179303002
511179302002
511179306002
511179307001
511179306003
511179301021
511179302005
511179308002
511179304002
511179304001
511179305001
511179305002
511179308004
511179303003
511179301011
511179304003
510131007005
510131014032
510131014033
510131011005
510131012001
510131021002
510839302014
510839303022
510839304004
510839302012
510839301003
510839304003
510839306001
510839301001
510839305003
517402125001
517402130023
511430103004
511430104003
511430108011
511430108023
511430112003
511430114001
511430101001
511430104001
511430105002
511430107001
511430109001
511430110013
511430112002
511430113002
511430114003
511430106002
511430113003
510594316001
517900001001
517900002001
517900002002
517900002003
517900003001
510594151002
510594152002
510594153002
510594153003
510594216003
510594217022
510594218001
510594220001
510594601002
510594601003
510594603002
515102010001
515102010002
510594706001
510594706002
515102011001
515102011002
515102011003
510594707001
510594707005
510594708001
510594708002
517900003002
517900003005
511359801001
517900004003
517900004004
510594803002
510594805021
510594822011
510594823012
510594823032
510594914014
510594914021
510594325003
510594922023
510594401004
510594601001
510594314002
510594512001
510594407021
510594407011
510594315002
510594401001
510594302012
510594826011
510594215001
510872001073
510872003051
510872016012
510872001191
510872008011
510872014042
510872004112
510594509001
510594914022
517900005003
517900005002
510818802002
510818801012
510818801013
510818802001
510411004093
510411004094
510411004091
510731005003
516200902001
516200902002
516200902003
517750103001
516600004022
515500213011
515500213021
510594154022
510594154023
510594154021
510594155001
510594155002
510594156001
510594219003
510594504001
510594505001
510594506014
510594214002
510594605022
510594605021
510594606001
510594606002
510594607021
510594709001
510594709002
510594709003
510594709004
510594709005
515102012023
515102012033
510594805031
510594823021
510594825031
510594825022
510594825021
510594916022
510594918031
510594403001
510594161002
510079302003
510079301002
510079302001
510079302002
510079302004
510079301001
510079301005
510079301003
510594309022
510594325002
510594503002
510594524005
510594304003
510594707003
510594707002
510594816001
510594223023
510594159001
510594401002
510594804021
510594322021
510594804011
510594823022
510594514002
510594212001
510594814004
510411005081
510411005051
510411005052
511710402011
516600002051
516600001012
516600001013
517000311001
517000313002
517000314001
517000314002
517000314003
517000314004
516600002043
516600002042
517000315001
517000315002
510872004064
510872004071
510872004072
510872004091
517308105003
517308105002
517308106001
517308107001
517308107002
510619307063
510619302051
510619307051
510619304022
517308109002
517308109003
517308110001
518100462225
518100440042
518100462191
518100462192
518100464004
518100454174
511790104032
511790104041
511790104051
511790104053
511790105021
511790102101
511790103012
511610302031
511610312021
511790104052
511610307012
511610307021
516300005002
510853214011
510853207021
510853208041
510853208043
510131019001
510131019002
510131019003
515900002002
515900002003
515900003001
515900003002
515900003003
515900004001
516500107012
516500107021
516500107022
516500107031
516500107032
510030113013
510030110001
511650104002
511650115003
510230405012
510230401003
511610312023
510853205003
510853203002
510853205002
510853211003
510853209003
510853209004
510853213003
510853201004
510853210021
510853203001
511539004041
510853204001
510853211002
510853212012
510853210011
517900006001
510131021001
511539002021
511539004031
511539017016
511610308024
511610312011
511610311013
510872008053
510872001291
510872004065
510872004113
511371101034
511371101032
511371101031
510479302021
511710402012
510131028013
511970504024
510853211001
510690508032
510853206012
510853206021
511539013061
511539012233
511539012121
510853208032
510853210012
510690508031
510411010081
510853209001
511610311022
511539014031
511539014071
510350802003
510350802002
510350806022
511539009011
511539003001
511539012032
516400701012
516400701014
516400701013
516400701015
511910101001
511910103004
518100460131
517000320051
517000304002
516839103012
515400004024
515400002013
515400002011
515400010001
518000653002
510350804003
510350806012
510350804001
510350801002
510350803002
510350803003
510594612021
510594817022
510594917032
510594616012
510594701002
510594712013
510594804012
510594804023
510594825033
510594901011
510594805012
510619304031
510619307042
510619302042
510619302031
510853214022
510853202002
510853208051
510853201002
511552103001
511552103005
511552106002
511552101002
510670204002
510670202001
510670203002
510670204003
510670207003
510670209003
510670209002
511670304011
511670304013
511670305001
510594805032
511770204071
511770204031
511770201042
511770204073
511770204033
511770204032
511770203113
511770204072
511770202051
510619307032
510619307071
515500210102
515500210112
516839102023
516839102011
511990503032
511990503041
511990503042
511990503063
511818601002
511818602002
511818602004
511818602001
511818601001
510731003022
510731003013
511990503043
516600003024
516600002031
511990504012
511990504021
511990505001
511990511002
510731005004
517000316012
511610308022
511770203114
511552104001
511552105003
516200901003
511910105013
511910104012
511910109001
511910106013
511910106011
511910106021
511910110001
511910105021
511910105011
517100006001
517100008001
517100008002
517100011002
511790105022
511790101051
511790102022
511790101062
511790101061
517100012001
518000758032
518000757032
517100014001
517100014002
518000753022
518000757031
518000758013
518000758022
518000753023
518000756021
518000754041
517353402002
517353402004
517353403002
517353402005
517100017001
517100017002
517100015002
517100021001
517100023001
511139301003
511139302001
517100024002
517100024003
510150712001
510150702001
510150710002
510150707003
510150703001
510150709004
510150706004
510150706005
510150707004
510150708004
510150709003
510150711021
511371103002
510150707005
510150711024
510150712003
510150707001
510150705002
510150709002
510150703002
510150704003
510150705001
510150703003
510150708002
510150702003
510150705004
510150710001
510150708003
510150706002
510150706003
510150711013
510150701002
510150708005
510150704002
517100049001
517100049002
517100050001
517100051001
517100051003
517100051002
517100050002
517100050003
511498505021
510090102002
510150709001
515500209044
510538402001
510538403003
510538405002
510538404001
510538406003
517100055001
517100056011
517100056012
517100056013
510594515012
510594823033
510594824001
510594823031
510594911022
510594911032
510594525023
510594825043
510594925001
510594911011
510594612012
510594612011
510594604002
510594604003
517100056014
517100056022
517100056023
517100057011
517100057012
517100057013
510150712002
511959312003
511959307002
511959307003
518100462042
518000755012
516859202002
516839103023
516839104022
510499301005
516839104023
517100025002
517100026001
517100026002
517100027002
517100027003
517100028001
517100028003
510411009263
517100028004
517100029003
517100029004
517100030001
517100030002
510411005072
510411008221
510411005062
510411010121
510411010103
510411009352
510411010082
510411008223
510411010072
510411005102
510411010131
510411010091
510411005082
515500210122
510619302061
510150712004
510150704001
510150705003
510150706001
510150707002
510150708006
510150710004
510150711011
510619307061
516839102022
517100031001
517100031003
517100032001
517100032002
517100032003
517100033002
517100034001
517100034002
517100035014
517100035012
517100037001
516839102014
517600411001
517600411002
517600411003
516859202003
517750101001
517100007001
517100011001
517100043001
517100005004
517100038003
517100038002
517100040011
517100040023
517100041001
517100042001
517100043004
517100043002
517100043003
510650201021
510650201011
510650201013
510650201012
510650202003
510594159002
510594516014
510594313003
510594163001
510594162001
510594528014
510594202012
510594223012
510594211012
510594162002
510594222011
510190302011
510190301032
510190306051
510190304011
510190305031
510190305011
510190301011
511970501001
517100044001
517100046001
517100046002
517100047001
517100048001
515500210123
515500210132
517600609001
517600701002
510330301004
510330301003
510979505003
510853201001
510950801021
510950803033
510950803042
510950802051
510110403001
510790301022
510950802062
511539007012
511539012331
511539009052
511539010092
510594915011
510594913021
510594914041
510594917012
510594918011
511770203051
511770203115
511770204081
511770202023
511770202031
517600706013
517600706022
517600212001
517600414002
517600409002
517600416002
517600711003
516600001021
516600001022
516600004011
511210202015
511210203002
511210202021
511210202011
510499301004
510499302001
510499302003
510499302002
510499301003
510499301002
510499301001
517600110002
517600202002
511539012251
511539013042
511539014101
511539019002
511119302002
511119301001
511119303002
511119302004
511119302003
511119303001
511119302001
510731002031
510731003012
510731002032
510594917011
510594918012
510594915012
510594915013
510594917041
510594811032
510599802001
510594811042
511770202041
511770202032
511770203061
511770203052
511770203091
517600204003
517600602001
517600412001
517600605001
510853205001
516600001011
516600003012
511850201002
511539016025
511539015043
510690511012
510690511011
510731003011
510731002034
510594214004
510594155004
510594516012
510594221021
510594528012
510594302022
510594211011
510594213002
510594822023
510594309012
510594913011
510594923001
510594402023
510594822034
517402105001
517402131012
517402117003
517402130011
517402131035
517402131042
517402121001
517402128013
510594811061
510594812022
510594905011
510594810002
517000301003
515500214011
515500214021
515500214022
515500214023
515500214024
515500214031
515500214032
515500214033
515500214041
515500214042
515500214044
510872001042
510872001051
510872001052
510872001061
510872008021
510872008043
511455001011
511455003001
511455001013
511455002004
511455002001
511455001014
511455004002
511455002003
511455004001
511455001012
511455001022
516600004024
516600004021
516708205001
510872004102
516600003011
516600003023
516600003022
516600004023
516708205002
516708201001
510872004121
516708203001
516708204001
516900001002
515102012034
515102013001
515102014001
515102014002
515102014003
515102014004
515102015001
515102015002
515102015003
515102016003
515102016004
510872001091
510872001092
510872005011
510872005012
510872005021
510872005022
518100458071
518100462201
515500210092
510872007001
510872007002
515102018011
515102018022
515102019001
515102019002
511479303004
515102020012
515102020013
515102020021
515102020022
510872006001
510872006002
510872006004
515500211012
515500211011
510872001193
510872001194
517600711001
517600711002
510299301023
510299301011
510299302012
510299301021
510299302021
510299302023
510872001211
510872001212
510872001221
517600708023
517600709001
517700001002
511730303023
517700027004
517700029002
517700003002
517900003003
517900006002
510872001243
510872001251
510872001261
510872001262
510872002011
517600709003
517600709004
517600710011
517600711004
517700012002
510872002021
510872002022
517700001003
517700023001
517700003001
510872002024
510872003011
510872003021
510872003031
516500108004
510131013006
510131023011
510430101005
511179302003
510131027012
510131026001
510131020011
510131018021
510131018025
510131016033
510131017022
510131017031
510131017014
510030107001
511610303003
517402120001
510190305033
510190303002
510190301012
510190304025
510190306041
510190305041
510190305032
510190306032
510190305042
517402104001
517402102002
517402103002
510131016022
510131016021
510131016031
510131017032
510131034011
510131018031
510131018033
510131018011
510594817021
510594814003
510594826023
510594901032
510594918032
510594905021
510594913012
510594914031
510594914051
510594918021
510594811043
510599803001
510594811063
510594221023
510594310012
510872009031
511350001003
511179306001
511179308003
511179301013
511099504002
510131018034
510131018023
510131018024
510131023012
510131020032
510131033001
510131032003
510131033002
511959310001
511959312005
511959308001
511959313001
511959309001
511959314001
511959309002
511959317001
511959311002
511959312004
511959311001
511590402001
511590401003
511590402002
511590401001
511590401004
511590401002
511210215004
517402116003
511959312001
511959316001
511959317002
511959308002
511959315002
511210208004
511210215002
511210213002
511210209002
511210202012
511210212002
511210204004
511210214004
511210210002
511210203004
511210211002
511210207003
511930101005
511930102002
511930104002
511930103001
511930103002
511930104001
511930101002
510950801013
510950804021
510950801012
510950804011
510950803011
510950803013
510950804012
517000309001
511210208003
511210209001
511210210003
511210215003
511210211004
517600201001
517600502002
511330203006
511350001005
511350003003
511350003002
511350003006
518100462112
518100462113
511970504011
511970501005
511970501004
511970501002
510690511021
510690501004
510690511013
518100460124
518100462114
511790101031
510190302013
510190304012
510190306013
510190306053
511790101032
511790101033
511790101082
511790105041
518100462123
518100462122
518100462132
518100462133
518100462141
518100462142
518100440032
518100440031
518100440041
517600506001
518100462144
518100462251
518100462252
518100462243
510594223021
510594224022
510594301011
511790102052
511790102062
518100462161
518100462162
518100462163
510594301012
510594506013
510594506023
510594507011
510594507021
511790102061
510594507022
510594508002
510594607012
510594608001
510594608002
510594609001
510594610001
510594611001
510594711002
510594711004
510594711003
510594711005
510594808011
510594808023
510594808013
510594808022
510594826012
510594205011
510594921002
518100462171
518100462172
518100462231
510594801003
510594602002
510594224031
510594322011
510594522002
510594402021
510594912014
510594315001
510594407023
510594714012
510594163002
511790103033
510411005053
510411005054
510411005055
510411005064
510030112012
510030114002
510030101003
510030111005
510030113012
510030102011
510030108005
510030101002
510030102021
510050701004
515500215022
516500101044
516500101045
516500101041
516500101042
516500103064
511277001002
511179307002
511179303001
511179301023
511179301022
511179301012
511179302001
511179308001
511430102002
511430111001
511430110021
511430103003
511430110011
515102001033
515102001034
515102001041
515102001042
515102002012
515102002013
515500215023
515500215024
515500216011
515500216012
515500216013
515500216014
515500216021
515500216023
516500103063
516500103111
516500103122
516500103123
515102002022
515500216024
515500206001
515102003034
515500215021
515708305001
515708305002
515900004004
515900006003
515900010002
515900012001
515900008001
515900004003
516500103091
516500103101
516500103102
516500103103
516500104003
516500104004
516500105012
510872001122
517000301001
510872001202
510872001222
510872014041
510872001242
510872001223
510872007003
517000304003
517000313001
515900001003
515900002001
515900012002
515900001001
515900001002
515900001004
516500105021
516500106011
511539012082
511539012091
511539012094
511539012093
511539012095
510090103001
510090105032
510090102004
510090105041
510090103002
510090101003
510090106001
510090104012
510579507002
510579508003
510579506003
517000303002
517000303006
517000303001
511539016011
511539016012
511539016013
511539016024
511539016021
515500208081
511539004042
515500208061
515500208063
515500208062
511790103011
511790103031
511790101053
511790104042
511790102041
511790104031
511790105023
511790102023
515500201002
515500208093
515500208092
515500208082
515500209062
515500211013
515500214043
517308113004
511259501003
511259501001
511259502003
511259503004
511259501004
511259502004
511259503003
511259503002
511259501002
511259502002
511539012111
511539012112
511539012113
511539017012
511539017013
511539017021
511539017022
511970502005
511970503015
511076110141
511076106043
511076110043
511076110251
511076119002
511076106031
511076110214
511076110241
510770603002
510770601012
510770601023
510770603003
511539004043
517209601002
517209601001
517209601003
517209601004
511539012263
511539012273
511539012271
515500210131
515500211021
510731002011
510731002022
510731001002
510731002013
510731002021
510731003023
510731005001
510731001003
510731002012
510731002033
515500208053
515500209061
517000322122
517000322113
511539012272
515500210111
515500210124
515500215012
515500215014
515500209063
515500209043
515500208041
515500208073
511539019001
511539019004
511539019003
511790104043
511690302004
511790102072
511790102021
510853208042
510131028014
510131003005
510131016011
510131014034
510131014023
511818601003
510131016032
510131018032
510131020031
511650118003
511099502011
511099502022
511099503001
511076108002
511076108004
511076106012
511076105052
511076106011
511850203004
511076111022
511076113001
511076113002
511076114001
511076114002
511076114003
511076115023
511076116021
511076116022
511552101001
511552105001
511552106003
511552104005
511552102011
511552102021
511552104004
511552103003
511552101004
511319901000
511319302002
511076117001
511076117003
511770203112
511770202011
510619304021
510110401001
510110403003
510110403002
510110401005
510110401004
510110401002
510110401003
510110402001
510110402003
510110403004
510110402002
510839304001
510839305001
510839306002
510950801011
510950802063
510950803031
510950804022
511259502001
511639303005
511639304004
511639301005
511639301004
511639302003
511639303001
511639303004
511639301002
511639304001
511639301006
511639302002
511639302001
511639304002
511639303002
516708204002
511076109001
511076111021
511076103002
511076108003
511076104001
515102004051
515102004061
515102005001
511910109003
511910102002
510479304002
510479302023
510479301012
510479301021
510479301011
511076105043
511076118012
511076110242
511076110171
511076110182
511076110051
511076108001
511076111023
510839308001
518400003011
518400001002
518400002014
510594405012
515102005003
517600416001
518100460133
518100462041
511650101002
511650107001
517600610002
517600413002
517600102004
510594307001
511710407003
511710404001
511710406002
511710404002
511710405002
511710405003
511710408002
511710407001
511710406003
511710401004
511710401003
510270105002
510270106002
510270106004
510270107001
510270101001
510270102001
510270103001
510270106001
511838702011
511838702012
511838701003
517100065011
511319302001
510479302011
510479304003
511670301001
511850203003
511850211004
511850209001
511850208002
511850210001
511850207001
511850204001
518100418011
510754003001
510754002001
510754004003
516600002044
511076110022
511076107011
511076112061
511076112062
511076112081
511076112092
511076112082
511076112042
511076112091
511076115021
511076119001
511710401002
511710405001
511710407002
517000319023
517000312001
517000312002
511850210004
517750103002
517750103004
517750105011
511850211002
511850203001
511850206003
511850207002
511850205001
511850204002
511850211001
511850203007
511850202002
511850208001
511850202003
511850204004
511850202001
511850206001
511850203005
511850202004
511850203002
511850209002
511850201001
511850203006
511850210003
511850211003
511850205002
510190501002
510190501003
510190501004
510190501005
510190501001
511319301001
511319303004
510853214031
510853212022
510853208052
510853207012
510853207022
511076110122
511076110151
511076101021
511076101012
511076102012
511076102022
511076103004
511076103001
511076102021
511076103003
511076105031
511076107032
510853208011
517100002021
517100002022
517100002023
517100002024
517100003002
517100003003
511076110091
511076105072
511076110121
511076118043
511076118051
511076118063
511076110211
511076110212
511076110203
511076110092
511076110161
511076110253
511076110252
511076110061
511076112071
511670303002
511076106021
511076106013
511076105062
511076110191
511076106042
511076118024
511076118021
511076107023
511076109002
511076105073
511076110163
511076110192
511076111011
517750101002
517750101004
517750102001
517750102002
517750102004
517750102005
511610308023
511610309001
511610311021
510594222012
510594326001
510594302031
510594405021
510594302011
510594918022
510594516013
510594527002
510330302011
510330301001
515500208051
515500208074
515500211022
515500210063
515500213024
515500210091
515500211023
515500213012
515500213022
510131023024
515500210121
517600703001
517600704002
510594310013
510594916021
510594308021
510594309021
510594309011
510594324021
510594922021
510594912012
510594924002
510594204002
510594408003
510594406001
510594506022
511710408001
511970503021
511970503022
511970504022
511959315003
515708301003
511910101002
511910104022
511910104021
518000756012
510050802012
510050802022
510050803011
510050803021
511910105023
511910101003
511910102003
511910108001
511910105012
511910106012
511910106022
511910107002
511910110002
511910105022
515708302001
515708302002
515708303001
515708303002
515708304001
515708304002
516708205003
516708206001
516708206002
515708301001
516708206003
516708206004
516708206005
516708207001
516789305002
516789305001
510950803032
510872010022
510872010031
510872010032
510872010033
516789305004
516789305005
516789305003
516789305006
510872011011
510872011012
510872011021
510872015022
510872012021
510872012022
516800001001
517600413001
517600503001
516500103142
516709801001
517900004005
517600414001
517600501001
517600501002
517600502001
517600502003
516500118003
510950802061
516900002003
516900002002
516900003001
516900003003
518100462111
518100428022
518100404041
518100464003
518100462242
518100458082
517600505001
517600505002
517600505003
517600504002
515200204003
517100015001
517100028002
517100040021
516900004001
516900004002
516900004003
516900005001
516900005002
517100005001
516900005003
516900005004
517500101012
517500101023
517500101013
517500102002
517500102003
517500102004
517600410001
515200204004
510270104002
510270106003
516300005003
511479303002
510950803041
510872004103
510872004141
510872004143
510872004073
510872004101
510872015015
510872017011
510872004131
510872002012
510872001273
510872001164
510872001213
510872001252
510872003023
510872002023
510872003022
510872003053
510872001263
510872001271
510872009032
510872011022
510872005032
510872009062
510872010013
510872012012
510872001272
510872014011
510872014013
510872014031
510872017012
510879801001
510131028021
510872001282
510872001281
510872009051
510872009053
518100462062
518100462063
518100462071
518100462072
510872001303
510872009061
510872010023
510872011014
510872004061
510872004062
511730302002
511730301001
511730307013
511730307012
511730307021
511730303024
511730303011
511730303012
511199509002
511199510004
511199511001
511199510002
511199511002
511199512001
511199510003
518100454202
511670302001
511670304021
518100442004
516708203002
518200032001
518200033003
510594901012
510594917042
511770203092
511770201131
511770201133
511770201081
511770201111
517600706011
517600709005
517600504001
517600207001
517600208001
517600706021
510990401003
511076112072
511650107002
515102003033
516800011002
516800014003
515102001021
510690506003
510690508033
510690508022
515500208043
511076112052
511076112021
510690508023
510690508024
515500208052
510594811041
510594219002
510594524001
510594825012
510594207002
510594528011
510594154011
510594151001
517402131032
517402131033
517402131034
517402119001
517402127013
517402127014
517409801001
517402128012
517402131041
517402114001
510594917033
510594308023
510594308022
510594914013
510594912021
510594405013
510594917022
511770203063
511770202042
511770203043
511770204062
511770204051
511770201102
510350806011
511770202012
517600604004
517600608002
511498502004
511498501001
511870201001
511870202003
511870206021
511870204003
511870207002
511870206022
511870203003
511870201002
511870204001
511870204004
511870203002
511870203005
511870206011
511870206012
511870203001
511870205001
511870203004
511870207001
511870204002
510853207011
511552107001
511552107002
511552107003
511076112093
511076112041
511076115022
511076115012
511552103004
511552104003
511539011001
511539001001
511539004081
511539004092
511539004102
516500106012
516500108001
516500114001
516500103071
510594205032
510594205022
510594152004
510594152003
510594154013
510594154012
517402132001
517402115001
517402126001
517402128021
517402118002
517402120002
517402129003
518200031001
518303703002
511870205002
511870205003
511870205004
511870206013
511870204005
510594817013
510594822031
510594224012
510594221012
510594809021
510350804002
510350806023
510350806021
511610302012
515400009001
515400002012
515400007004
515400007003
515400002023
515400009002
515400005011
515400003021
517500101011
518100462203
518100462202
518100462212
516400701022
510210402001
510210401002
510210401001
510210402002
510210402003
510210401003
511539004082
511539005011
511539002031
510619302071
511539012031
511539004073
511539006001
511539014032
511539016023
511539017015
511539017014
510619307031
510619301004
516400701016
511539014112
516500103072
516500103093
516500103132
516500103062
516500105013
516500107011
517000311002
510594155003
510594158002
510594516021
510594310021
510594221022
518200032004
510594516011
510594527001
510594527003
510594916012
510594916013
510594916011
510594319001
511179302004
510594805011
510594820013
510594805041
510594713012
510594713011
510190301013
510190302012
510190306023
510190306042
510190303001
510190306052
510190304013
510190306021
510190302023
510190304022
510190306011
510190302022
510190301041
510190302021
510190304023
510594324011
510594712021
510594713041
510594504002
510594505002
517000320023
517000323001
517000306001
517500101022
518100438001
518100400001
518100460022
518100436001
518100434001
518100400002
518100462131
518100462233
510411005092
518100454273
518100460153
518100454263
518100462253
518100448074
511539014113
511539003002
517000322114
517000322232
511539005021
511539004101
511539004032
511539014111
511539015081
511539014161
511539014162
516500103092
516500105022
516500104001
516500106022
516500111001
511610312022
510594221013
510594204001
510594205031
510594203004
510594210021
510594306004
510594210022
510594202021
511610311011
511610301002
511610310001
510594318012
510594224032
510594522004
510594314003
510594322022
510594711001
510594618023
510594619021
510594615001
510594616013
510594607011
510594618011
510594823011
510594921004
510872009041
510594612022
510594802012
510594811052
510190301042
510190304021
510190304024
510190305012
510190306012
510190306022
510190306031
510190301031
510050701002
515900013021
515900009002
515900007003
515900014001
515900013011
515909801001
515900008002
515900011001
511610305002
511610306001
511610303004
510872001053
517700024002
517700003003
518100406001
518100406003
518100416003
518100412002
518100404033
518100408023
518100456011
518100460132
518100402001
518100460102
518100454222
518100454262
518100454252
518100454141
510853212011
510411009341
511539004033
511539012092
511539010081
511539010082
511539009012
511539014104
511539015062
511539015072
511539015082
511539017023
516500114002
516500116001
516500115004
516500120001
516500103131
516500113002
516500112003
510594202031
510594202022
510594211031
510594318021
510594320002
510599801001
510594328001
510594822032
510594812023
510594316002
510594612023
510594917031
510594618022
510594619012
510594703001
510594713031
510594802031
510594221024
510594917051
510594913022
510594913032
510594917013
517000321291
517000323002
517000323003
517000324002
511390301001
511390303004
511390304003
510150711012
511390305005
511390305001
517000321301
516400701021
517700006012
517700006013
517700029003
517700006022
518100456031
518100460021
518100462232
518100462223
511710403001
511710405005
518100462224
518100422022
518100418021
518100430021
518100458051
518100460122
518100462211
518100462221
518100462241
518100462134
518100462222
518100460111
511539004093
511539004074
511539004072
511539010091
511539007022
511539008012
511539014083
511539007023
511539004071
511539009014
511539008022
511539008023
516500103112
516500103133
516500103141
510839302015
510839302011
510839308003
510839303012
510839305002
510839303011
510839302023
510839308002
510594223022
510594223011
510594223024
510594202011
510594203001
510594207001
510594313002
510594712023
510594712012
510594712011
510594802022
510594912011
510594710001
510594713033
510594619011
510594802021
510594712022
510594811053
510594222021
510594917043
510594822024
510594208001
510411004061
510411004052
510411009021
510411002054
510411008191
510872001161
517700031003
517700031004
517700030003
517700011001
517700023003
518100442001
518100452001
518100456041
518100448063
518100450001
518100430032
518100430031
511539011003
511539011004
511539009051
511539011005
511539012282
511539012283
511539010052
511539012301
511539014151
511539015071
510872004111
516105003002
510594205021
510594215003
510594215002
510594302021
510594211021
510594211013
510594210023
510594508001
510594510001
510594401003
510594714022
510594811062
510594811051
510594825032
510594805013
510411001062
510411010122
510411010111
510411009282
510411008142
510411009232
511059505002
511059505001
511059501001
511059503004
511059503003
511059502003
511059506001
511059505003
510890102002
510890106011
510890110003
510890109001
510890108003
510890109002
510890110001
510890112003
510890112002
510450501002
510450501003
510770601021
510770602023
510770601014
510770602013
517700028004
517700006011
517700024001
517700024003
517700025004
517700025001
510872001123
510872001081
510872006003
510872010011
510872001231
510872001162
510872016011
510872014033
510872001041
510872001043
510872010012
510872001082
510872015021
510872008042
510872010021
518100444012
518100432001
518100440012
518100440014
518100448051
518100448052
518100454083
518100454081
518100454281
515102002021
515102001071
515102001051
515102003011
515102005002
515102007011
510872001071
510872001062
511539010112
511539010102
511539010101
511539010094
511539010093
511539014131
511539014121
511539014152
511539014142
511990503052
511990503061
511990505003
511990503031
510594210011
510594211022
510594321001
510594219001
510594218003
510594224021
510594224011
510594714021
510594616022
510594327021
510594405022
510594324023
510594825013
510594805022
510594805023
510594809011
510594805053
510411010112
510411009342
510411002082
510411005101
510411005071
517700005001
517700006021
517700006023
517700004002
517700028003
518100454212
518100454064
518100454211
518100454251
518100454084
518100454241
515102004055
515102018012
515102003031
515102004052
515102004041
515102004072
515102004063
515102001052
511076116012
511076117002
511079801001
510479303002
510479302012
510479305022
511670303001
511670306002
511670301004
511670303004
511670304015
511670302005
511670302006
511670306004
511670304014
511670306001
511670301003
511670304022
518000653001
518000653003
518000652001
518000651001
518000652002
518000653004
518000655001
515102003022
515102003032
510131028012
510131035012
516500103121
516500112001
516500115001
516500103041
518000756011
518000654002
511498502003
511498504001
511371102001
511371101024
511371103003
511371101023
510932801051
511498503021
510131030002
510131028011
510131022005
511539012361
511539005013
515102018013
515102008022
515102018014
515102007033
515102003023
515102004062
515102013002
515102012041
515500213013
511498502001
510090105021
511498503012
511498501002
510090106002
517402128011
511498505011
517402131013
517402118004
511539012281
517000322112
517000316014
511539012211
511410301001
511410302005
510594822033
515102001062
515102001022
515102002011
515102001063
515102009004
515102012042
515102016001
515102001072
510310205001
510310202002
510310203003
510310204033
510310204032
510310209002
510310208003
510310201021
510411007032
510411005091
515400008001
515400008002
515400008003
510670205004
510790302002
511479302011
511410302004
511410302002
511410303023
511410301004
511410303012
511410301003
511410301002
511410303022
511410301005
511410303021
511410302003
511410303013
511410302001
511410302006
511410303011
517750101003
517750105023
517750102003
515500209051
515500209031
515500209041
515500209042
515500210042
517700010002
517100002011
517100044002
517700028001
510150701004
510853204002
510853202001
510853201003
510853214021
510853206011
517700028002
517700030002
517700029004
517700009004
517353402003
517353401001
511390304004
511390302002
511390304002
511390301002
511390303003
511390302004
511390301003
511390304005
511390305003
511390303001
511390302001
511390305002
511390303002
511390304001
511390302003
515400003022
515400004012
515400004021
515400004022
515400004023
515400005012
515400005013
515400005021
515400002021
510131009004
510131009001
510131010002
510131010003
510131010004
510131011001
517353402001
517353403001
515400006002
511030302004
515400007001
515400007002
515400004011
516500103042
516500101034
515500210043
515500210051
515500210052
517750105024
511610307022
511610307023
511610307024
517750105022
518400003024
511610308011
511610308012
511610308013
518200035003
518200035004
518303701002
518303703003
518303701001
518303701003
518303702001
510839303021
510839302021
510839302013
510839303023
511479302022
511479302021
511479301003
511552102023
510299301022
511552106001
511552102012
511552103002
510299301012
510299302013
510299302011
510299302022
516708205004
516708204003
517402109001
516839101003
511539015032
511539015031
511539007011
511539012191
516800002011
510450501001
510010901002
510010905003
510010907002
510010907003
510010905002
510010906003
515500210101
510010904002
510010907001
515500210103
511455001021
511455002002
511455001023
511277003002
511277003001
511277002001
511277003004
511277001003
511277002002
511277001001
511277003003
510979505001
510979504002
511159513002
515500210062
511159513001
511159514001
511970503013
511159513003
511970504013
517100005002
510932801062
510932801043
510131031003
517700029001
517100005003
511390305004
510639202003
511076110142
510131032001
517700009001
517700009002
511552104002
511552102022
511552101003
517700022002
517700023002
517700023004
510411006001
510411006002
510411006003
510411007011
510411007012
510890112001
516800010001
516800010003
516800011001
516800019004
516800019003
517700009003
517700010001
517700012001
518303702002
518303702003
517500102001
517500102005
511350003004
511350002001
511350001004
511350002003
511350003005
511350002002
511350001002
511350003001
511350001001
511350003007
516800019002
516800014001
516800016001
516800016002
516800017001
510731005002
517100047002
517100055003
517100064002
517100066072
517100013001
517100059023
517100004002
517100031002
517100009011
517100016001
517100027001
517100035011
516800017002
516800018001
511371101025
516800007002
510411009241
510411009192
510411009321
510411009121
510411005061
510411009343
510411009101
510411002092
510411009312
510411008212
510411007014
510411009273
510510404003
510510401004
510510402003
510510403005
510510403001
510510401001
510510403002
510510402001
510510404002
510510402002
510510403003
510510404001
510510403004
510510401002
510510401003
510510404004
517100029002
517100023002
517100059032
511371101033
511371103004
516800002013
516800008021
516800009001
516800001002
516800010002
516800002014
516800014002
516800001003
516800002012
516800003001
516800019001
516800002023
516800006003
516800002021
510366001001
517308101002
517000324001
510890113002
510890107002
510890106012
510411009302
510890104003
510890111001
510890103001
510890110002
510890106023
510890102001
510890103004
510890106022
510890105001
510890103002
510890106021
510890107004
510411007013
510411008043
510411008051
510411008052
510411008061
517700018001
517700018002
517700018004
517700019002
517700019003
517700019004
515500212002
517000322242
517000322252
517100061001
510890101001
515500216022
515500200021
515500210041
515500212003
515500200011
515500208071
515500200022
515500200031
515500210044
515500212001
510594326002
517700031002
517700031001
515500200023
515500200033
515500200034
515500200035
515500201001
515500201003
515500202004
515500202001
515500202002
515500203001
517700021001
517700021002
510594801002
510594808012
510594911012
510594911021
516839101001
510594914032
510594917021
510411004031
510411003001
510411004041
510411002081
510411009223
510411002061
510411010042
510411004092
510411004101
510411003002
510411007033
510411005063
510411008042
517000322121
517000322241
510090101002
510090102003
510090104011
510090105042
510090101001
510090101004
510090104022
510090105031
517700021003
517700022001
510853202003
510853210023
510853209002
510579508002
510579507001
510579506001
510579508001
510579506002
510131032004
510131034021
510131034022
510131034025
510131034024
517000321241
510594301013
510594304001
510594305001
511710408003
511710402021
511710402022
511710406001
511710401001
511710403002
511710405004
510594306001
510411008062
510411008071
510411008231
510411008232
510411008123
510411008181
510131036012
510131036011
510131037002
511159901000
510950802032
511371101041
511371101021
511371102002
510330305005
510366003001
510366001002
510366002002
510366002001
510366003002
510538401002
510538406001
510538402003
510538405001
510538406004
510538402002
510538401003
510538401005
510538401004
510538403001
510538403002
510538406002
510619304012
510310206003
510310207001
510310207003
510310208002
510090102001
510090104021
510230402004
510230405021
510350805003
510350801003
510350802001
510350802004
510350805001
510310209003
510310202001
510310203002
510310205003
510310207002
510350801001
510350803001
510350805002
510350805004
510379303002
510379301002
510379302002
510379301003
510379302001
510379303001
510379301004
510379302003
510379301001
510379303003
510619303022
510619304011
510619307041
510619303021
510619303032
510619301003
510619301001
510619301002
510619302052
510619303023
510619303024
510670207001
510670207004
510670208003
510594307002
510310208001
510310201023
510310202004
510310205004
510310201022
510310205002
510310201011
510310206002
510310209001
510310202003
510310204031
510310201012
510670208004
510670205001
510670207002
510670209004
510690510005
510690511023
510690502003
510690503003
510690505002
510690506002
510690508011
510690510002
510790301024
510790302003
510790301011
510790301021
510790301012
510790301023
515500203002
515500208042
510690510001
510690510003
510754004002
510790302001
510932801053
510754005002
510754005001
510754001001
510754004001
510754002003
510754001004
510754005003
510754002002
510754001003
510754001002
515500206002
515500206003
515500206004
515500207001
515500207002
511730307023
510950802052
510932801032
511059504002
511059504001
511059504003
511059506002
511059506003
511059501003
511059501005
511059501004
511059501002
511059505004
511059503002
511059506004
511059502001
511059502002
511059503001
511059502004
511159514002
515500204001
515500204003
517700012003
517700026003
517700026002
510639201022
510639201021
510639201011
510411008182
510411008141
510411008151
511990502041
511371101022
516800002022
516800002031
511371103001
516800003002
516800004001
511990502051
511730307011
511730305001
511730303022
511730306003
511730304001
511730307022
511730303021
511730306001
511730305002
511730304002
511730301003
511730302001
511730301002
511730302003
511730301004
511730306002
511730302004
517700027005
517700027003
517700027002
516800004002
516800005001
516800006001
516800006002
516800006004
516800007001
516800007003
511730307014
511930104003
511930102001
511930101004
511930102003
511930104004
511930101003
511930101006
511930101001
511930104005
516839104014
516839104024
511990510003
511990504023
511990505002
510330304002
510330305004
510330304001
510330303003
510330306001
510330302021
510330305003
510330305002
510330306002
510330305001
510330303001
510330303002
515200201001
515200204001
515200202003
510579507003
515200201002
515200201003
515200202001
515200202002
515200202004
510670206001
510670208001
510670205002
510670208005
510670206002
510670203001
510670209001
510670202002
510670202003
510670205003
510670204001
511330203004
511330202002
511330203002
511330202003
511330203005
511330203003
511330201002
511339901000
511330201001
511330201003
515200203001
515200203002
515200204002
515309306005
515309306002
510919701003
510919701001
510919701002
510890113001
510890104002
510890107001
510890104001
510890105002
510890108002
510411008152
510411008161
515309306001
515309306006
515309306003
515309306004
515500200032
510411008162
510411008163
510411008171
510411008172
510411009023
515500204002
515500216015
510890111002
510890105003
510594156002
510594157001
510594158003
510594158001
510594160001
510594306002
510594306003
510594308011
510594310011
518400001005
518400001007
518400002011
518400002012
518400002013
518400002021
518400002022
518400002023
510411009022
510411009071
510411009072
510411009102
510411009103
510690508021
511539003004
511539012342
511539014172
518400002024
518400002025
518400003012
518400003013
518400003014
518400003021
518400003022
518400003023
511539002022
511539801001
511539013051
511539010013
511539012341
511539010014
511539010051
511539012261
511539012311
511539012321
511539012322
511539012351
510872001201
516300003022
517402111001
517402111002
517402114002
517402116002
517402116004
517402117001
517402117002
511539013063
511539015111
511539015051
511539015063
511539014082
511539014141
517402121002
510594160002
510594160003
510594161001
510594201001
510594201002
510594313001
510594314001
510594508003
511818602003
510594509002
510594510002
510479303001
511539001002
511539002032
511539014122
511539014132
511539010121
511539008021
511539009042
511539009041
510411009104
510411009122
511539008011
511539012332
511539011002
510872011013
510872009033
510872009042
510872009043
510872009052
510872014032
510411009123
510411009124
511539014171
511539014091
511539014103
511539015092
511539015041
511539015034
511539012194
511539015061
511539015033
511539015093
516300003021
511539013062
511690304002
511690305001
511690306001
511690306003
511690303002
511690306002
511539012313
511539015091
511539015101
510639202001
510639202002
510639201013
510932801012
511650106001
511650108001
511650114004
511650103002
511650111002
511650105002
511650115001
511650117001
511650118002
511650108003
511539012123
511539012122
511539012262
511539012362
517600701001
517600703002
511539015103
511539015112
511539015054
517600602003
517600602002
517600506002
517600210002
517600107002
517600108001
517600108002
517600108003
517600109001
517600109002
511999901000
511990503051
511990502042
511990503033
511990503062
511990502033
517600209001
517600209002
517600209003
517600210001
517600405002
517600406001
517600407001
517600408001
517600109003
517600109004
517600110001
517600110003
517600402001
517600305002
510594224023
510594214003
510594217012
510594217011
510594218002
510594221011
510594222022
510594811011
510594809032
510594809031
510594811022
510594811021
510594811031
510594523022
510594506021
510594506012
510594805051
510594805052
517600211001
517600301001
517600301002
517600302001
517600302002
510594810001
510594825011
510594825015
510594825014
510594920003
510411002052
517600111001
517600111002
517600111003
517600111004
510872001072
516859201004
516859201001
516859201005
516859202001
516859201002
516859201003
517600104012
517600701003
517600707002
517600707001
517600103001
517600402002
517600410002
517600710012
517600709002
517600206002
517600704003
517600202001
517600203001
517600203002
517600204002
517600204005
510872001292
510670201011
510670201012
510670201022
510670208002
517600204004
517600403001
517600404001
517600404002
510872015014
510872001203
510872001124
510872001163
510872001232
510872001301
510872001302
510872004042
510872004142
517700030001
517700019001
517700026001
517700027001
516900002001
510270102002
510270101005
510270101004
510270107003
510270107004
510270103003
510270102004
510270107002
510270105001
510270101003
510270103002
510270102003
510270101002
510270104001
517600205001
517600205002
517600206001
518100454121
518100452002
518100452003
518100454274
518100454271
518100430041
518100458094
518100458093
518100462064
515102012031
515102012032
515102008012
515102018021
515102001073
515102003012
515102004053
515102004054
515102016002
515102013003
517000319022
517000318002
517000320063
517000313004
517600605004
517600608003
517600405001
517000321141
517600204001
517600710014
517600102001
517600102002
517000321233
517000321312
517000322262
517000304001
517000320024
511539012083
511539012081
511539012252
511539012241
517000321262
517000321271
511539012231
511539015052
511539015102
511539012303
511539012213
517600102003
517600104023
517600104022
517600104021
517600104011
510030113021
510030103002
510030102022
510030106013
510030105001
510030104021
510030113032
510030109021
510030109022
517600105001
510594222023
517000317022
517000321272
517000317021
517600105002
517600106001
517600107001
510594616023
510594616021
510594922033
510594922032
510594316003
510594515011
510594515014
517000301002
517000308003
517000317011
510594511001
510594911034
510594911033
510594519001
510594826022
510594826021
510594822022
510594822021
510594523021
510594523011
510594523012
510430101003
510430101001
510430102003
510430101004
510430102001
510430101002
510430102002
511990510002
511990502052
511990502053
511990502031
511990502032
511990502044
511990502063
511990502043
517000319012
517000321261
517000317023
517000317012
517000321303
517000321281
510430101006
510430103002
510430103001
517000321311
518400001001
518400001003
518400001004
518400001006
517000321321
517000322111
517000316011
516900003002
516900001001
518100462073
518100460141
518100460143
518100462121
518100454065
518100462213
515102007031
515102001023
510818801021
510230401004
510230401001
510230405022
510230402001
510230403021
510230402002
510230402003
510230403011
510230401002
510230405013
517000320061
517000322123
511199510001
511199509001
511199511003
511199901000
517000320073
511259503001
511790102011
517000321314
511790101072
511790101071
511790102063
511790102042
511790103041
511790103051
511790104061
511790102131
511790102051
511790105031
511790103052
518109901000
517353401002
517353403003
517359901000
510979504001
510979505002
510010906001
510010906004
510010902003
510010901003
510010901001
510019902000
510010901004
510030114001
510030114004
510030104012
510010904001
510010908001
510010905001
510010903003
510010906002
510479303003
517600708013
510030101001
510010902001
510030109032
510411001071
510131028016
517000315003
511610312012
517000305001
517000306003
517000306002
517000308002
517000308001
510411001061
510411004032
511498502002
511498505023
510131001004
510131001001
510131002003
510131002004
510179201002
510179201005
510179201001
510179201003
510179201004
510131024003
510131024004
510131025001
510131025003
510131026002
510872003032
510872003052
510872004041
516839102021
516839104012
516839102012
516839104021
516839101002
516839103011
516839102024
516839103013
510872004063
517700025003
516500108003
517700001001
517402131011
517402106002
510079301004
515900004002
515900005001
515900005002
515900006001
515900006002
516500107033
516500109001
516500110001
516500110003
510131012003
510131013004
510131015004
510131015005
515900007001
515900007002
515900008003
516500112002
516500113001
516500115003
510131013005
510131014041
510131013003
510131017011
515900009001
515900009003
515900010001
516500115002
516500116002
516500118001
516500118004
516500118006
516500119001
516500119002
515900014002
515958901003
515958902003
515958902004
515958901001
515958902002
515958901002
515958902001
516500119003
516500116003
516600003021
510131015002
510131015003
516003004001
516003003001
516003001004
516003001003
516003002001
516003003002
516003003003
516003001001
516003001002
516500120002
516003002002
516003002003
516003002004
516003004002
516003004003
516003005001
516003005002
516003005003
516105002001
516105002002
516105002003
516105002004
516300001001
516300004002
516300001003
516300002004
516300002002
516300002003
510030113031
511910102001
511910104011
511910103001
511910107003
511910103003
511910109002
511910107001
511910103002
511910108002
510670201021
511076110101
511076118062
511690301003
511690301002
511690302002
511690303003
511690304003
511690302001
511690305003
511076118023
511076110021
516300003023
516300004001
516300005001
516500105011
516500103061
510670201013
511076107022
511076107033
511076110041
516500106021
516500101043
516500118002
516500110002
516500104002
511479302031
510131012002
516500121004
516500103134
516509901000
516500121002
516500101031
516500104005
516500118005
516500121001
516500121003
510139802001
510131035032
510131018022
510139801001
516500101032
516500101033
516500101035
516500101036
516500108002
511970502003
511970502004
510131003003
510131005001
510131005002
510131005003
510131005004
510131006001
510131007001
510131007003
510131007004
510030111002
510131001002
510131001003
511539003003
511539012192
517500101021
511430110022
511430101003
511430104002
511430111002
511430113001
511430102003
511430114002
511430101002
511430105003
511430107002
511430108022
511430112001
511430108024
511430103002
511430105001
510030109011
510030109012
510030103001
510030110002
510030112021
511539012243
511539012242
511539012291
511539012302
511539012292
511539013032
511539015042
511539015053
511539004091
511539002011
511539005014
510030113022
510030105003
510790302004
510030103004
510030106012
510030109031
517000322261
517000321232
510594301021
510594826024
510594917024
510594917023
510594917025
510594918033
510594525022
510594519003
510594515013
510594825041
510594528021
510594914042
510594912013
510594905012
510594914011
510594913031
510594914012
510150711023
510150711022
511650103001
515900005003
511650119001
511650111003
511650110003
511650112002
511650116001
511650117002
511650115002
517750103003
517750105021
511159514003
510731003021
510731001001
510731004002
510731004001
518100440035
518100442002
518100442003
518100444013
518100444011
518100444021
517000321302
517000320062
518100402003
518100402002
510594703002
510594705001
510594705003
510594705004
510594802011
510594802013
510594913013
510411004033
510411004051
510411004071
510411004072
510411004073
510411010073
510411007034
510411008053
510411008122
510650203002
510650203001
510650202001
510650202004
510650202002
510650203003
516300001002
517900002004
517900004002
517900005001
517900004001
517900003004
517600107003
511670304012
511670302002
511670302004
511670306003
511670305002
511670301002
511670301005
511670302003
511670303003
517000303003
517000321292
517000305002
517000320052
517000321282
517000304004
511210203003
511210203005
511210203006
511210204001
511210204002
511210205001
510150702002
510150710003
510150701003
510150701001
517000320072
510890101002
515800602003
511210205002
511210206002
511210206003
511210207001
511210207004
511210208001
511210208002
515102012021
515102012022
510890103003
510890102004
511019501012
511019501024
511019501021
511650108002
511650110001
511650112001
511650112003
511650114003
511650118001
511650119002
511650120002
511639301001
510594528022
510594302023
510594922012
510594308012
510594922022
510594924001
510594402022
510594506011
510594612013
510411009193
510853206022
510411009351
510411009362
511639301003
511639303003
511639304003
515102001061
515102001031
515102001032
511319301003
511319303002
517402123001
511319303001
510872008041
511850204003
511850206002
511850210002
516500103043
516500102001
511119301003
511119301002
511959307001
511959314002
511959315004
511959313002
511959312002
511959310002
511959315001
511959316002
510479301022
510479304001
510479305012
510479305011
510479305021
510479301023
510479302022
511319303003
511770201063
511770201041
511770201052
511770201064
511770201051
511770201061
516400701011
510872012013
510872012023
510872014034
518303703001
510650201023
510650201022
517402116001
517402123003
510259301004
510259303004
510259302031
510259303005
510259303002
510259302012
510259302032
510259301003
510259303003
510259303001
511319302003
511319302004
511319301002
511319301004
510594213001
510594214001
510594216001
510594216002
510594501001
510594501002
510594501003
510594501004
510594502001
510594503001
510594503003
510594503004
510594526001
510594526002
510594526003
510310204034
510310201013
510310206001
510310204011
510310203001
510310204022
510310204012
518000751022
518000755023
518000758021
518000754052
518000758011
518000753021
518000654001
518000654003
518000752012
518000752021
518000752031
518000753011
511790102071
511790102121
511790101083
511790101052
511019501023
511019501011
511019502001
511019502002
510539801001
510538401001
510538403004
