530299714002
530299714003
530299715001
530299715002
530299716001
530330033001
530530729031
530530730015
530530730013
530530730014
530299716002
530299718001
530299718002
530299719001
530299719002
530299719003
530299701002
530299701001
530299720001
530299720002
530299720003
530299721002
530299721003
530610528032
530610528033
530610528034
530610528042
530610528043
530610528044
530610528052
530299702001
530299703003
530299704002
530299704003
530299705001
530299705002
530299705003
530299706011
530299706012
530610528053
530610528051
530610528062
530610528063
530299707001
530299707002
530299708001
530299708002
530299709001
530299709002
530299709003
530299710001
530299706013
530299706021
530299706023
530330323113
530610528064
530610529063
530610529034
530330308021
530330236032
530330267001
530330266001
530330088001
530330114022
530110404071
530610527081
530610527092
530610529041
530610531024
530610532013
530610532023
530610533013
530610533024
530610535093
530670116223
530670122221
530110405042
530110405052
530110405072
530110405091
530330234033
530110410092
530110414002
530110415003
530110429001
530110401021
530110403023
530110404121
530110404163
530019504001
530330056003
530330057001
530330058023
530330032006
530330084001
530330080015
530330081003
530330084003
530330242001
530330241003
530330248002
530330257012
530330261004
530110408094
530110413302
530110412053
530110413253
530110411072
530110404112
530330323092
530330323253
530330114013
530330110011
530330110022
530330114011
530330110012
530330277011
530330257021
530330258043
530330271002
530330280001
530330276003
530330278003
530330285001
530110404142
530110409101
530110404111
530110408032
530110404122
530110411122
530110405092
530110407102
530330005001
530330253023
530330253021
530330217004
530330217005
530330323213
530330300032
530330303051
530330303061
530330288022
530330289022
530330290041
530539400083
530530719022
530110408052
530110411121
530110404151
530110404152
530110406052
530110408081
530110411082
530110413131
530110425002
530330226052
530330323161
530330323133
530330232012
530330232013
530330232021
530330238032
530330238043
530330293072
530330308011
530530609055
530530609061
530530610012
530530610013
530530610021
530530610022
530530611002
530530611004
530530611005
530530611006
530530611007
530530612002
530530612004
530330303042
530330305031
530330311003
530110406101
530110413312
530110413303
530110413203
530530612005
530530612006
530530613005
530110413204
530110413232
530110406041
530110407121
530110423002
530110424001
530110426002
530330032001
530330032002
530330032003
530330032004
530330031002
530330032007
530330033002
530330296015
530330033003
530330033004
530330033005
530610522082
530659503002
530610521152
530330234031
530330238041
530330238031
530330250062
530330236034
530330251024
530330256013
530330247024
530330317041
530330312053
530330322123
530330319072
530330323262
530530614001
530530614002
530530614003
530110407123
530110407124
530110413274
530110413273
530110413272
530110407091
530530721051
530530615002
530530615003
530530615004
530579523022
530419703001
530419704001
530419704002
530579525001
530330317052
530330295023
530330295022
530330296011
530110413322
530330310001
530330300045
530330300042
530330292053
530110413103
530110412052
530110413223
530110413301
530110413182
530330319043
530110413321
530610529053
530330014001
530330014002
530330014003
530610529062
530330015001
530330303104
530330303102
530419704004
530419705001
530419705002
530330312062
530330312063
530330320104
530330317064
530330317061
530330316042
530110413192
530110427002
530419707002
530419707003
530419707004
530110404143
530110404132
530110405082
530110409102
530330016002
530330016003
530330017011
530330017023
530330018001
530330018002
530330018003
530330019002
530330019003
530330019001
530330020001
530530734062
530530608002
530330300034
530330304011
530330312021
530330315012
530330315021
530330316034
530330316032
530330320034
530330321022
530330321041
530330323115
530330323184
530330324024
530330325001
530330325004
530330326012
530330001001
530330002003
530330001004
530330002001
530330002002
530330002006
530330002005
530330003001
530330004013
530330003002
530330004011
530330004012
530330004021
530330004022
530330004023
530330004024
530110404131
530559605002
530330254004
530330261001
530330268011
530330005002
530330007004
530330007003
530330008001
530330008002
530330009001
530330009002
530330010001
530330010002
530330011001
530330011002
530330012003
530330012004
530330012005
530530712061
530110406053
530110411123
530110401013
530110401012
530110403021
530110403012
530530609062
530330006004
530330005003
530330006001
530330006003
530719203003
530330006006
530330007001
530330006005
530330007002
530350925003
530350925004
530350925002
530270010001
530350926003
530350926001
530530607004
530530607005
530530608001
530530613004
530270011001
530270011005
530270012004
530270013003
530530608003
530530608007
530530609052
530719205002
530719201004
530719209003
530719202002
530719209004
530330101005
530719200003
530719202001
530719203001
530719203002
530719203004
530719206001
530530734063
530330320112
530330320071
530330258061
530330224002
530330061002
530330063004
530330095002
530330102002
530330246013
530330014004
530330104023
530330104012
530330107022
530330316053
530330001005
530330265002
530330016001
530330208004
530330209003
530330096005
530330080013
530330226063
530330120002
530330119001
530330204011
530330253013
530330220051
530110411124
530330229011
530330239003
530110413234
530110413193
530110413281
530330219052
530110408091
530110404072
530330295031
530330031005
530330015002
530330043013
530330219042
530330219044
530330219051
530530609053
530330220032
530330220033
530330219061
530330219063
530330220011
530330219062
530330078002
530330078003
530330220062
530530609041
530530611003
530419702002
530630112014
530630111011
530630112013
530630046012
530630049004
530330291012
530330320101
530330320102
530330320103
530330322103
530330322124
530350925001
530210203002
530210206062
530210206061
530210206064
530210206031
530210205027
530210206053
530210204004
530210206014
530630112011
530630049002
530630104011
530630111014
530630113003
530630046013
530630118001
530330323291
530330322151
530330322143
530330322142
530330322085
530530609031
530530609044
530719200004
530719201002
530719200002
530719208022
530719209001
530719209005
530719200001
530719201003
530719201005
530270009005
530270010002
530270012002
530530609032
530530609033
530050104003
530610410002
530610411001
530610410001
530610410004
530530603002
530530603003
530530604004
530530604003
530530604005
530530605001
530530605002
530530606001
530530606002
530050106001
530050117004
530050102011
530050105003
530050108135
530050115013
530050115041
530050117003
530050117005
530050120001
530050119004
530050111004
530330312023
530050118002
530330119003
530330303123
530330222031
530330312025
530330012002
530330079005
530330046002
530330245002
530330275002
530330326022
530330069001
530330324011
530330114012
530330013002
530090010001
530090010002
530090011001
530090012002
530330047001
530330213002
530330097021
530330028002
530330034002
530330249032
530330061003
530330203004
530330030004
530330293061
530330303143
530090019003
530530733012
530090013002
530090013001
530090015001
530090017002
530619400013
530090019004
530090021002
530330279001
530330288013
530330292052
530530613003
530770031003
530330040002
530330040001
530619901000
530330038002
530350929011
530350929013
530350929014
530610407004
530610417041
530610417042
530610417031
530610519271
530610418101
530610420053
530610420011
530610501012
530610527072
530610527061
530610521182
530350913021
530610520032
530610526072
530350919003
530350916003
530350921003
530350921002
530350921001
530350901021
530359901000
530350920003
530350909001
530350920001
530350913011
530350926004
530350916004
530350811002
530350902022
530090008003
530330220061
530419702001
530579517002
530330220053
530330220052
530330220034
530579518001
530579518002
530330310002
530090002001
530090014002
530090018001
530090006001
530090016002
530090015002
530090013003
530090006002
530090019001
530090007001
530090016001
530090003004
530090019002
530090004001
530090012003
530090017001
530090011003
530090014001
530099400002
530090023003
530090002002
530090003003
530090003001
530090014003
530090020002
530090020001
530090007002
530770017011
530090023001
530630113004
530630118003
530630104013
530090008002
530090008001
530090009001
530090009003
530090009002
530770012021
530770017021
530770029001
530770021021
530770021023
530770012013
530770016012
530779400021
530770021026
530770020023
530770030022
530770030021
530770029006
530770016024
530770016023
530770020013
530770002001
530779400031
530770016011
530779400023
530770034002
530770030023
530610526073
530610535071
530610535073
530610532021
530610533014
530610538021
530610521181
530610512003
530610525042
530610521122
530610521132
530610522071
530610536023
530610538034
530610538011
530610526032
530610536032
530610535061
530610537002
530379754011
530610528061
530379753002
530379752001
530379754021
530379755001
530379754023
530379751003
530379754012
530379757002
530530618001
530379751001
530379757001
530379751002
530530607003
530530616021
530530617001
530530617005
530530618002
530539400072
530530618003
530530619001
530530619002
530530620003
530530620004
530770004001
530330222023
530330226042
530330226051
530330226062
530770007004
530770008001
530770008002
530770008004
530770009011
530770010001
530770010003
530770011001
530630120001
530630120002
530630121002
530630121003
530630122002
530630123001
530630123002
530770007003
530770009012
530770009013
530770003001
530770028012
530770022002
530779400014
530770005001
530770031001
530770017022
530770029003
530770022001
530530714091
530770002002
530770002003
530770003002
530630126002
530630127011
530630127012
530630127021
530630127022
530630128011
530770004005
530770006003
530770007001
530630128012
530630128013
530770007002
530770005002
530770005003
530770005004
530770006001
530770006002
530610502003
530770004003
530770004002
530110408061
530630129025
530630130001
530630131001
530610519052
530610503003
530610505005
530610419034
530150004002
530150004004
530150004005
530150005011
530150005012
530150005013
530150005021
530150005022
530150005023
530610519254
530610519221
530610418061
530610529033
530610418113
530610527051
530530602001
530530730062
530530717071
530530725031
530530725041
530530714094
530530702073
530610527071
530610518021
530530606006
530530724082
530530613002
530530609042
530610413033
530610413014
530539400111
530539400041
530530629001
530530632003
530530609043
530530732003
530530610024
530530725062
530530735001
530530723112
530530634006
530530612001
530530732004
530530617002
530530721123
530530702042
530530605003
530530723052
530619400012
530610520033
530530731142
530530718051
530610518032
530530606003
530530703113
530530607006
530530611001
530530731182
530530702074
530530634002
530530724063
530530624002
530530631002
530530725061
530530726035
530530732001
530530617003
530530703132
530530734041
530530701002
530350910001
530610411002
530610416014
530730002003
530610412024
530330102001
530330103001
530330103004
530330103005
530330104011
530330104021
530330104022
530330105001
530610529052
530610521042
530150007042
530610520042
530610520043
530610520044
530610520054
530279900000
530150007022
530530629004
530530726033
530530713061
530530712103
530530718033
530610520063
530610418102
530610418091
530610419032
530559603004
530559604001
530559604003
530610415002
530610416012
530610416013
530610521183
530610521131
530610522042
530559601003
530330105005
530730012012
530330105003
530330105004
530330106001
530379752002
530379752003
530379757003
530379753001
530670116212
530670106004
530330078004
530330079001
530330079004
530330080021
530330222021
530330222022
530530631001
530530612003
530530610011
530530605004
530530701001
530530731192
530530702062
530530731113
530530723103
530530620001
530539400071
530530624003
530530720004
530530712062
530530714092
530610519273
530610408002
530610404003
530610415001
530610413031
530610412021
530610412023
530610413041
530610409002
530610413013
530730009021
530730009011
530730009013
530610414001
530610414002
530610414003
530610414004
530610535041
530610520031
530610417043
530150006012
530150006013
530150006014
530150006021
530150006022
530150007043
530210206032
530330074021
530610518022
530610420032
530610420062
530150008004
530150009002
530150010001
530150010002
530299922010
530579524022
530579524021
530579508002
530719204001
530579523011
530439602003
530439602002
530439604001
530439604003
530439603003
530439601001
530439604002
530439603002
530439601002
530439602001
530579523013
530579408001
530579403002
530579901000
530579523012
530610522043
530610522092
530610522083
530439603001
530579525002
530579406001
530579501001
530610520071
530610520072
530610520073
530610521154
530379751004
530330235002
530610532011
530250109011
530610521153
530350814001
530350804002
530350909002
530579403001
530350910003
530319505004
530319507022
530350812002
530350801021
530350912011
530579527003
530579521002
530579519001
530579524023
530579523021
530579404003
530579404001
530579408002
530579501002
530579402001
530579402002
530350803002
530350801012
530350801022
530350801023
530350802001
530350803001
530350804001
530350806002
530350804003
530350805002
530350806001
530399503005
530350806003
530350806004
530350807002
530399503004
530399501006
530399501005
530399503007
530399502004
530399501008
530399501001
530399501004
530399502003
530399501003
530399503002
530399503003
530399503001
530399501007
530399501002
530399502001
530399503006
530330029003
530350810003
530350810001
530350811001
530350809002
530350901011
530610527082
530730103011
530730103012
530730103013
530730103021
530330243001
530330243002
530330243003
530630031004
530630045003
530630109001
530630114003
530630116001
530330323292
530330316043
530330322133
530330081001
530330041003
530330098005
530330012001
530330021001
530330027002
530330027003
530330027004
530330028003
530330029002
530330030003
530339901000
530330030002
530539400053
530530609054
530330031001
530330031003
530330031004
530330034003
530330035001
530330035002
530330035003
530330034001
530330036004
530330038001
530630042005
530330316041
530330201002
530330111021
530330074014
530330226053
530330250063
530330317051
530330303084
530330249033
530330284032
530330312045
530330025001
530330313012
530330316031
530330022003
530330223001
530330039002
530479705002
530330039001
530330242002
530330240004
530330239002
530330050001
530610521142
530719206002
530719206003
530719206004
530719206005
530719207012
530719207014
530719207022
530719207023
530719207024
530330106003
530719207021
530479710002
530479703001
530479707002
530479704001
530479710001
530479709002
530479402003
530479708001
530479708005
530479401002
530479705001
530479707004
530479703003
530479706006
530479709003
530499505002
530730009022
530150020022
530150006011
530150017001
530150018002
530150020014
530079613025
530079613023
530079610001
530079610002
530079610003
530499502005
530499508002
530499502002
530499504001
530499502003
530499503002
530499503003
530499502001
530499504003
530499504002
530499502004
530079606002
530079610005
530079610006
530079610007
530079611001
530079611002
530079611003
530079611004
530079611005
530079611006
530330106006
530079608025
530050116002
530050110021
530050108034
530050115034
530330106004
530330106005
530330107011
530479707001
530330107012
530019501003
530019503001
530019504002
530479703002
530479703006
530479704002
530479705003
530479706004
530479707005
530479708004
530479710005
530479703004
530479401001
530479402001
530479402002
530479703005
530479704003
530479706001
530479706003
530610535054
530730107011
530730104032
530350810002
530350809001
530350926002
530350903001
530350903002
530350903003
530350809004
530530703122
530530703101
530530703071
530530702051
530050108102
530090021001
530099400001
530090003002
530090006003
530090011002
530050107032
530050109015
530050101002
530050109022
530730104031
530730008042
530730012024
530350903004
530350902011
530350902013
530350902021
530350905021
530530703161
530530703154
530530703152
530530703162
530530731261
530530731222
530350924004
530350914002
530299703004
530299710002
530299717002
530299703002
530770028023
530350901012
530350901023
530350905023
530359401001
530530714082
530530731242
530530715042
530530718082
530530720003
530530720002
530530721063
530530721052
530670116242
530670109201
530670126104
530670127303
530679901000
530330013001
530610535092
530610535042
530330228023
530330228031
530610535043
530610416011
530610535081
530610535091
530619400022
530610502002
530610522062
530610519241
530610536022
530610538022
530610538023
530610418063
530610420052
530610407003
530610408001
530610409001
530610404002
530610538032
530610538033
530610519134
530610521141
530610522061
530610536024
530610527011
530610535051
530610520062
530610519182
530610519051
530610531011
530610536043
530610538013
530610532022
530610528041
530610413042
530610535082
530610522033
530610519173
530610504012
530610522032
530610522091
530610520052
530610528031
530610522041
530610533012
530610416052
530610521041
530610416072
530610419053
530610529031
530610536031
530610535052
530610523011
530610412022
530610522073
530610521051
530610416071
530610529042
530610521081
530610519252
530610512004
530610532012
530610523013
530610537001
530610521052
530610536033
530610521082
530610534002
530610523014
530610527091
530610526053
530610523022
530610522031
530610504013
530610519272
530610533022
530330227023
530610519251
530610510002
530610533023
530610525021
530610533011
530610519261
530610404001
530330227011
530330227012
530330226061
530330226064
530330227021
530330227022
530330227031
530419708003
530610407001
530610407002
530419720003
530419712002
530419716003
530419717001
530419717004
530419716002
530419713003
530419715001
530419704003
530419709002
530419715004
530419711002
530419707001
530419708002
530419718003
530419718004
530419713002
530610521121
530330227032
530330228012
530610527083
530610527052
530610527054
530610519121
530610520053
530610520061
530610521083
530610523021
530610525022
530610526031
530610526041
530610533025
530619400014
530610531021
530610531023
530610534003
530610534004
530610535045
530610401002
530610536021
530610538012
530610538031
530770029005
530330221011
530610401001
530610402001
530610402002
530610402003
530610401003
530610402004
530610403001
530670116232
530670106005
530670105203
530610413012
530610518042
530610536042
530530724072
530610419011
530610535063
530610535064
530610521071
530610523023
530610522074
530610521072
530610515002
530610522072
530610529044
530299713002
530530730011
530530730051
530530730052
530530730053
530530730054
530330222024
530330222025
530330222032
530530731081
530330233001
530330233002
530330221012
530330221013
530330222033
530330233003
530330233004
530330234011
530530724081
530330223002
530530731101
530530731102
530530731111
530530731112
530330224003
530330224004
530330224005
530330224006
530330224001
530330225001
530330225002
530330225003
530530703091
530530703093
530530703102
530530703111
530530703112
530530704011
530530715051
530530715052
530530715053
530530715054
530530715044
530530715062
530530716011
530530716012
530779400043
530779400015
530770029002
530770010002
530770027011
530770018001
530770020024
530770022006
530779400032
530770022005
530770029004
530779400011
530770018003
530270013001
530779400022
530530704012
530530716022
530530717032
530530717042
530530717051
530530717052
530530717053
530530717061
530530718031
530770008003
530270003003
530270007001
530270002004
530270009002
530530719021
530779400013
530530704032
530530704033
530539400102
530610516014
530530718083
530530718072
530530718071
530530718052
530530718032
530530718081
530530718053
530530718061
530530718062
530770027012
530530735006
530530735005
530530735004
530530735002
530530707031
530530707033
530530707034
530530719011
530530719012
530530719014
530630105041
530530719023
530530719024
530530719025
530530720001
530770032001
530530707035
530770032002
530539400092
530539400091
530539400011
530539400012
530530721053
530530721061
530770011002
530770011003
530770011004
530539400043
530539400044
530770012023
530419703002
530419703003
530530613001
530530616011
530530718034
530770018005
530770022004
530539400045
530539400046
530539400042
530530711001
530530711002
530530712051
530530712052
530530712063
530530721062
530770013001
530770014001
530630102023
530630040003
530630134011
530630104022
530630133001
530630140022
530630102012
530630132012
530630010004
530630039002
530630132023
530630104023
530630107001
530630103042
530630140023
530630123003
530630103051
530110404162
530630125002
530770015011
530770015012
530770015021
530110406051
530110401022
530110404031
530110406031
530110408053
530110414003
530110402032
530110409051
530110405041
530110413233
530110404082
530110410032
530110405081
530110405103
530110406081
530530712091
530530712072
530530712081
530530712082
530530712064
530530712083
530530624001
530530721064
530530721071
530530721072
530530721073
530530721074
530530721081
530530721084
530770016021
530770017023
530770019011
530770019012
530630113001
530630135002
530630128021
530630133002
530630103041
530630130002
530630025006
530770019022
530770019021
530770020011
530539400062
530539400061
530530623001
530530623002
530530623003
530530623004
530530713041
530530624005
530530625001
530530712092
530530712093
530530712102
530530713062
530530713042
530530713051
530530713052
530530625005
530530721085
530530721091
530530721092
530530721111
530530721112
530530721121
530530721122
530770020014
530770020012
530770020021
530770020022
530530625003
530530625004
530530625006
530530628012
530530625007
530530625002
530530628011
530530713072
530530628013
530530628014
530530628021
530530628022
530530713071
530530713073
530530723055
530530723051
530530723053
530530723054
530530632001
530530723056
530530723121
530530723132
530610519222
530050108052
530050108054
530050108053
530610522081
530530628023
530530629002
530530629003
530530629005
530530629006
530530630001
530530630002
530530631003
530530631004
530530632002
530530632004
530530634005
530530633001
530530633002
530530633003
530530633004
530530714031
530530714032
530530723073
530530723074
530530723082
530530723083
530050109011
530050109013
530050109014
530530633005
530530634001
530530634003
530530634004
530530635022
530530635011
530530635012
530530635014
530250110001
530530707032
530530714033
530530714062
530530723084
530770022003
530210205024
530250105001
530250113002
530250102001
530250112001
530250105002
530250107001
530250103001
530250114024
530250112002
530250101001
530250103002
530250104001
530530725053
530530712101
530530723071
530530723072
530530723102
530530724061
530519705001
530519704003
530519702001
530519704001
530519703003
530519703001
530519705002
530519701002
530519702002
530630145001
530610418065
530530717072
530530726013
530730002001
530730008062
530479703007
530479401003
530330100011
530330100013
530330100012
530330101001
530330100021
530330100023
530330100024
530239703003
530239703001
530630105013
530630105014
530630105042
530630106011
530630106012
530630032002
530630106021
530630106022
530630106023
530630108001
530330229012
530079608023
530330080011
530330289011
530330268013
530330236042
530330211004
530630032004
530630035001
530330325002
530630035002
530630032003
530630117022
530630118002
530630119001
530630119002
530330013003
530330049005
530330103003
530330303082
530330289014
530330328001
530330328003
530330322081
530330068001
530330268024
530330118005
530330047002
530330211002
530330320022
530330295042
530330210002
530079603003
530630110001
530630110003
530630111013
530630111021
530630111022
530630112012
530630112021
530630112022
530630113002
530630114001
530079608011
530630115001
530630115002
530630117021
530630117023
530630117011
530630117012
530730109001
530730110002
530630036001
530630036002
530630036003
530630036004
530330107021
530330108001
530330108002
530330108003
530330109001
530330109002
530330110013
530330110021
530330110023
530330111011
530330111012
530330111013
530330111022
530330112001
530330112002
530330112003
530330113001
530039601001
530039603002
530039602002
530039602003
530039603001
530039603003
530039603004
530039604001
530039604002
530039605002
530039605003
530039605004
530039606001
530039606002
530039606003
530039606004
530039602001
530039601003
530039605001
530039602004
530039601002
530050107031
530050110022
530050112003
530050118001
530110401011
530110402033
530110402031
530110406032
530110405111
530110405071
530770001001
530350905011
530379754013
530379756002
530379756001
530730104017
530730104041
530730104042
530730105011
530730105012
530350901013
530730105013
530730105022
530730105023
530730105024
530730106001
530730106002
530730003002
530730003003
530730003004
530730004001
530730004002
530730005012
530730007002
530730008032
530730008034
530730103022
530350904001
530350904002
530350905012
530350905013
530079613026
530079613022
530539400052
530539400051
530359401002
530359401003
530359400002
530610535072
530079602004
530079602002
530079603001
530079605006
530079605001
530079610004
530079602001
530079612002
530079604003
530079602003
530079605005
530079607002
530079606003
530079603005
530079604001
530079603006
530079607001
530079606001
530079603002
530079603007
530079605004
530079612001
530079605003
530079605002
530079601001
530079604002
530610527053
530530735003
530330244002
530110410111
530079608024
530630032001
530630031003
530530632005
530330236044
530330237001
530330243005
530330243004
530330244001
530079608021
530079603004
530730104012
530730104043
530730001001
530730001003
530730003001
530330237003
530330238011
530330238012
530670109101
530670109102
530670109104
530670117103
530610505003
530610504014
530670105202
530670105204
530610529061
530619400021
530499901000
530330239001
530499508001
530499506001
530499507001
530610526071
530610520051
530619900020
530610523012
530610526052
530610529032
530610531012
530610535053
530610531022
530610534001
530610535044
530610536041
530530731132
530610519162
530610533021
530610527062
530350907003
530350907001
530350908001
530350908002
530530726023
530539400082
530530609051
530530701003
530530714064
530530726022
530530728001
530530726034
530530615001
530530703073
530530717041
530050107081
530050107052
530050107054
530050107084
530050107051
530050107053
530730012011
530730105021
530730002002
530150007021
530150007044
530150021002
530350918002
530350902023
530730101002
530739400002
530730102005
530730101003
530730001002
530730102003
530730008061
530079608022
530539400022
530539400112
530539400032
530530635021
530530723093
530530717043
530530733011
530730008052
530730008051
530730009012
530730010001
530330239004
530050107011
530050108131
530050108101
530330240001
530050108133
530050108103
530730008041
530730006001
530730005013
530730004003
530730011003
530730008031
530730005011
530730005021
530730011001
530730011002
530730012013
530730012021
530730012022
530730012023
530730101004
530730102002
530730102004
530750001002
530750001003
530750002001
530750002002
530350807001
530350807003
530350919001
530350917003
530350917004
530350808001
530330240003
530330241001
530330241002
530350809003
530350808002
530730103032
530730104011
530730104014
530730104015
530730104016
530250109022
530530704041
530530723131
530530723122
530530716021
530530702063
530530704042
530050108093
530050107072
530050115036
530050108033
530050110011
530050115011
530530731133
530530703153
530530712071
530530712073
530530731201
530530731221
530670114204
530670114201
530770004004
530770012012
530770012011
530770009022
530770009015
530770013002
530770030012
530770034001
530350911002
530350905022
530350909004
530350911001
530350907002
530359400001
530670125302
530670126203
530670126202
530670118101
530670127204
530770021025
530779400061
530779400041
530770016025
530350912042
530350929012
530530714104
530530716023
530530723085
530530731252
530539400023
530530729051
530530729062
530530729072
530670122121
530670124122
530670122222
530670122212
530530729052
530530729053
530530729071
530539400113
530530703104
530539400101
530530626002
530670121002
530670122211
530670122111
530670127202
530530731131
530530731141
530530731143
530330221014
530330221021
530330221022
530530731151
530530731152
530530731153
530330221023
530330222011
530330225005
530330225004
530330226031
530330226032
530330226033
530330226034
530330226035
530330226041
530530731161
530530731162
530530731181
530530731191
530530733014
530659410002
530330222012
530330222013
530330222014
530530733021
530530733022
530530733023
530530734061
530530734051
530530734052
530530734071
530530734073
530530734072
530530734081
530659505002
530659507002
530659508001
530659509001
530659511003
530659513002
530539400073
530659514002
530659501002
530659502002
530659507003
530659511002
530530724083
530530724084
530530724101
530530724102
530530734082
530530734083
530530734044
530530734045
530530624004
530330028001
530530725032
530530725051
530530725052
530330234013
530330234042
530530725054
530530725071
530530725072
530330234012
530330228032
530330228033
530330229022
530330229023
530330229024
530330229025
530330230001
530330230002
530330230003
530330230004
530330231001
530530726012
530330231003
530330232022
530299721001
530299705004
530530733013
530530715043
530530734042
530530721054
530530610023
530299706022
530299704001
530299717001
530299703001
530530724073
530530635013
530530608006
530530726021
530530726031
530299710003
530530713043
530530731172
530530730061
530530717031
530530617004
530530620002
530530726011
530530721082
530530719013
530530703092
530299711001
530299711002
530299713001
530299713003
530299714001
530659505001
530610519141
530610521155
530610413011
530630145002
530630103031
530610502001
530630023002
530330020002
530330070005
530330205006
530330320033
530110429002
530110430001
530110430002
530110431001
530110431002
530330111024
530330075001
530330074012
530330220012
530330058011
530330205004
530330323111
530330067003
530330268012
530330240002
530330017012
530330301005
530330321024
530330324023
530330289012
530670124202
530330107023
530330070006
530330042005
530750010002
530670110003
530670116221
530670125204
530670110002
530670118212
530670119005
530670125202
530459605004
530419703004
530670123104
530610519122
530330001003
530730110001
530739400001
530730107012
530730106003
530730107022
530730107021
530730101001
530730103031
530530702032
530530702033
530530702041
530530714083
530530714081
530530714093
530530702052
530530702071
530530702072
530530703135
530530703133
530530714101
530530724051
530530724052
530530724062
530530724071
530530703134
530530703142
530530703151
530530703072
530530703081
530530703082
530530714112
530530715031
530530715032
530530715033
530530715034
530530715041
530779400042
530530723091
530530723092
530530723101
530530723111
530530723113
530779400062
530530714063
530530714072
530610405001
530050118004
530459609002
530459604006
530459611001
530459603005
530459603004
530459610003
530459605002
530459606001
530459602001
530459601001
530459611002
530459610002
530459613001
530459604001
530459612001
530459608003
530459608001
530459610001
530459611003
530459603003
530459603001
530459612002
530459604004
530459602003
530459601002
530459611005
530459613002
530459610004
530459606003
530459604002
530459609003
530459609004
530459611004
530459612003
530459400001
530459602002
530459603002
530199701002
530459604003
530199702002
530199701003
530199702001
530199701001
530579519002
530050101001
530579510002
530579509001
530579508005
530579526002
530579527002
530579508001
530579510001
530579508004
530579512001
530050105002
530330219054
530050102012
530050102013
530050102021
530050102022
530050102023
530050102024
530050102025
530050103001
530350924002
530350924001
530350924003
530579406002
530579509002
530579511004
530579511003
530630141003
530350912031
530350912033
530350913013
530350913022
530050103002
530050103003
530050103004
530050104001
530050104002
530050105001
530630145003
530050106002
530350914001
530350915002
530350917001
530350917002
530110403022
530110411051
530350918001
530110412033
530110413091
530110402022
530630141002
530630041001
530630143001
530630110002
530630104021
530630121001
530630015002
530630114002
530630134012
530350919002
530630103012
530630025005
530630038001
530630124021
530630105011
530630102011
530630007004
530630143002
530630038002
530630122001
530110413291
530630040001
530350922001
530350922002
530350923001
530350923003
530459607001
530110405051
530110406042
530110413092
530110402012
530110404032
530110406033
530110410093
530110405053
530110405043
530110406034
530110405102
530110409052
530110404161
530110410052
530110402021
530110404081
530110408051
530110409041
530110426003
530110428001
530270005005
530459607002
530459608002
530459608004
530459609001
530050106003
530050106004
530050106005
530050107083
530050108134
530050108032
530350913025
530330302013
530330295035
530630009006
530630010001
530630010002
530630010003
530330029001
530330249013
530330302012
530330209001
530330327032
530330293073
530330307003
530330312061
530459605001
530459605003
530459606002
530630010006
530630011001
530630011002
530630011003
530630012001
530419706001
530599505001
530599504002
530599505002
530599501001
530599504001
530599503002
530599502001
530599502002
530599502003
530599503001
530610411004
530610412011
530730007001
530330231002
530110409093
530110427003
530110404092
530110407073
530079601002
530079613024
530079613011
530330063003
530330064002
530330065001
530330065003
530330065002
530330066001
530330066002
530330067001
530330067002
530330067004
530330069002
530270013004
530270006001
530270006003
530270007003
530270005003
530270003002
530610418064
530330088003
530330089001
530330062001
530330062003
530330062002
530330063001
530330063002
530330236012
530270015001
530270015002
530270012001
530270004005
530270003001
530330069003
530330069004
530610527084
530610527055
530330085002
530330085003
530330086003
530330087003
530330088002
530330085001
530610418052
530610418062
530330091002
530610418066
530330089004
530330089003
530330090001
530330091001
530330075004
530330092001
530330092002
530330093001
530330093002
530330093003
530330094002
530610418103
530610418092
530610418081
530610418082
530610418083
530610419012
530330082001
530330082002
530330082003
530330083001
530330083002
530610419013
530610419031
530330095003
530330094003
530330096002
530330096003
530330095004
530330094005
530330095001
530330089002
530330094004
530319900000
530330071001
530330071002
530330072001
530330073001
530330070002
530330070003
530330073002
530330073003
530330074011
530330074013
530330075002
530330075003
530330076003
530330075005
530330076001
530330076002
530530717073
530530704031
530539400103
530530714073
530330098001
530530721083
530530603001
530330101002
530330101003
530330101004
530330097024
530330097025
530330098003
530110413271
530330099001
530330097023
530330099004
530330099002
530330099003
530330077003
530330077001
530330077004
530330077002
530079613021
530110402014
530110404091
530110407072
530110405112
530210202001
530630039001
530630040002
530630040004
530630040005
530630041002
530630041003
530750001001
530750005001
530630042002
530630042003
530630042004
530630043001
530630043002
530630043003
530630044001
530630044002
530630044003
530630044004
530630045001
530630045002
530630046011
530630046021
530630046022
530179501003
530179502001
530179502002
530179503002
530179503003
530179503004
530179504001
530630046023
530630047001
530630047002
530630047003
530630047004
530630048001
530630048002
530630049001
530630049003
530630124011
530630050001
530630102021
530630103011
530630104012
530630105012
530750003003
530750004002
530179504002
530179504003
530179505002
530179505003
530179506001
530179506002
530330289021
530330320081
530330250034
530330032005
530330327021
530330053011
530179506004
530179507002
530179507003
530179508001
530179508003
530330300043
530330086001
530330232023
530210201001
530210207002
530210201002
530210207001
530210206012
530210208005
530210205012
530210208004
530210208003
530210206011
530210206013
530330049003
530330045002
530330046003
530330048003
530330048004
530330049002
530330203002
530330323163
530330319034
530330262001
530330045001
530330041006
530330064001
530330315011
530330277012
530210206052
530210206063
530210205026
530210206051
530419719003
530330288023
530330308023
530330226043
530330105002
530330056005
530210208002
530210204002
530179501004
530210205013
530210205014
530210205011
530210205021
530210205022
530210205023
530210205025
530210201003
530210201004
530210201005
530210202002
530210202003
530219801001
530210203003
530210203001
530210204005
530210204003
530210204001
530210204006
530210208001
530270002001
530270002002
530270002003
530270002006
530270005001
530270005002
530270006002
530270008001
530270009001
530270009003
530270009004
530270010003
530299717003
530150015011
530330080014
530330072003
530330238042
530330072002
530330104013
530330228014
530330250061
530330303081
530270010004
530270011003
530330322083
530330251022
530330291011
530330293035
530330300046
530330323272
530330322152
530330322102
530330292061
530270011002
530270012003
530270013002
530270014001
530270016001
530270016004
530270005004
530270016002
530630123004
530630124012
530630124013
530630125001
530630126001
530330323271
530330326023
530330326024
530330115003
530330026002
530330090002
530330102004
530330323203
530330249012
530330255003
530330318002
530330303131
530330316012
530330315022
530330320021
530330321042
530630129024
530330323151
530330043022
530499503001
530499505001
530630128014
530630128022
530630128023
530630129011
530630129012
530630129022
530630129023
530110403011
530630138001
530630139001
530630140011
530630140012
530630140014
530630131002
530630131003
530630131004
530630132011
530630132013
530630132014
530630132015
530630135001
530630136002
530630137001
530630139002
530630140015
530630140021
530630143003
530630130003
530630131005
530630136001
530630141001
530670109202
530670109103
530670113001
530670113002
530670114102
530670114103
530670108003
530670114202
530670114203
530670115001
530670115003
530670114104
530670115004
530670115005
530670116102
530670116103
530670116104
530670116101
530670117101
530670117102
530670117104
530670118221
530670118222
530179501001
530050107033
530050107012
530110402011
530050108132
530050108142
530050115031
530110404141
530050108141
530110409092
530110409091
530050108071
530110404073
530050108111
530050108091
530050108112
530110405101
530330205001
530670110001
530670111002
530670112003
530670112002
530670112004
530670111001
530330214001
530330214002
530330214003
530330215001
530330215002
530399502002
530670127205
530670116211
530330204013
530330204012
530330204021
530330204022
530330204023
530330204024
530330204025
530670122122
530330268023
530330322101
530330205003
530330205005
530330205002
530330206001
530330209002
530330266002
530330328002
530330279006
530330210004
530670121001
530670121003
530670121004
530670122124
530670122123
530330207001
530330241004
530330086002
530330327023
530330261005
530330313023
530330327041
530559901000
530330249031
530330219053
530330041002
530630013001
530630014003
530630014004
530630015001
530630015003
530630015004
530330052001
530330232011
530330247011
530330290014
530330277014
530330070001
530330021002
530330118003
530330098004
530619400023
530330074023
530330323153
530330119004
530330236031
530330306003
530330286001
530330323211
530330327022
530330293042
530330316052
530330053014
530330206004
530330250014
530330017021
530330320031
530330302021
530670124201
530330049004
530330050003
530330050002
530670123102
530670123301
530330115002
530330316033
530330219043
530330249022
530330049001
530330313024
530330102003
530330100022
530630013002
530630013003
530630014001
530630014002
530330051001
530330250011
530330312044
530330220063
530330064003
530330079003
530330017022
530330026003
530330044004
530630135003
530630009005
530630129021
530630102022
530630139003
530630124023
530630101001
530630112023
530330051002
530630015005
530330203003
530330236033
530330111014
530330098002
530330017013
530330036001
530330074022
530330314002
530330036002
530330036003
530330324014
530330319041
530330321021
530330042001
530630103043
530630042001
530630101002
530630103032
530630105031
530630105033
530630132022
530630111012
530630112024
530630124022
530630140013
530630142001
530630142002
530330302024
530630144001
530630002001
530630002002
530330275001
530330051003
530330096004
530330321023
530330084002
530330210003
530330070004
530630002003
530630002004
530630002005
530630003001
530630003002
530630003003
530630003004
530330111023
530330268014
530330279002
530330020003
530330103002
530330211001
530330079002
530330028004
530330303121
530330283003
530330220031
530330220013
530330295034
530330094001
530330312043
530330324012
530630004001
530630004002
530630004003
530630005001
530630005002
530630005003
530630006001
530330080012
530330282003
530330228011
530330106002
530330255001
530330104024
530330057004
530330006002
530330017024
530330087002
530330026001
530330323152
530330301003
530330221024
530179507001
530330043021
530330044001
530330044003
530330044002
530330046001
530330047003
530330047004
530330048001
530330043011
530330297002
530330058012
530330096001
530630101004
530630006002
530630006003
530630007001
530630007002
530630007003
530630007005
530630007006
530630050002
530630101003
530630103052
530630105032
530630106024
530630109002
530630009004
530630008001
530630008002
530630009001
530630009002
530630009003
530330208001
530330206003
530330207003
530330207002
530330206002
530330208002
530330208003
530330052003
530330210001
530659501001
530330030001
530330052002
530330211003
530330229021
530330220035
530330002004
530330025002
530330087001
530330001002
530659501006
530459602004
530459604005
530659513001
530659507001
530659410001
530659501003
530659514003
530659511001
530659501004
530659514001
530659506002
530659501005
530659508002
530659513003
530330053012
530659502003
530659503003
530659502001
530659508003
530659506001
530659503001
530330053013
530330052004
530330052005
530330056001
530330053021
530330053022
530330053023
530330054001
530330054002
530330054003
530330054004
530330060004
530330056004
530110413212
530110413221
530330057002
530330059002
530330059004
530330059005
530330059003
530330060001
530330060002
530330060003
530330061001
530330061004
530330058021
530330057003
530330057006
530330057005
530330058013
530330058014
530350812001
530330058022
530350806005
530350920002
530350911003
530350916002
530350928021
530350913024
530350913023
530770018002
530359401004
530770018004
530770032003
530770017012
530779400012
530770001002
530779400033
530050119001
530330041001
530330041004
530330041005
530330042002
530330042003
530330042004
530330043012
530330048002
530350901022
530350923002
530350913012
530350929022
530350802002
530330216004
530330217001
530330217002
530330217003
530330059001
530330218021
530330218022
530330218023
530330218031
530330218032
530330218034
530330218041
530330218042
530330218033
530579524013
530619400011
530670112001
530110411041
530350801011
530350928012
530530606004
530530606005
530530607001
530530607002
530330218043
530330219031
530330219032
530330219033
530719207011
530719208021
530559601004
530730101005
530730102001
530350912012
530350928011
530330219041
530530714102
530530613006
530530732002
530530725042
530530608005
530530605005
530530608004
530530731171
530330219035
530330219034
530530604001
530530604002
530050109023
530050109021
530050110013
530050110016
530050110012
530050110015
530050110014
530050110023
530050110024
530050111001
530050111002
530050111003
530050111005
530050111006
530050112001
530050112002
530050112004
530050112005
530050112006
530050113001
530050113002
530050113003
530050113004
530050114011
530050114012
530050114013
530050114021
530050114022
530050114023
530050114024
530050114025
530719207013
530719208013
530050115015
530050115014
530050115012
530050115033
530050115035
530050115032
530050115042
530050117001
530050117002
530050118003
530139602002
530750006003
530750006004
530750007001
530750008001
530750009002
530670124203
530610411003
530139602004
530139602005
530139602001
530139602003
530330323072
530670104002
530670101004
530670103003
530330116006
530330117001
530699501005
530699501004
530699501002
530699501003
530699501001
530730104013
530330116001
530330116002
530330116003
530330116004
530330116005
530610416051
530610416053
530050119003
530050109012
530050116001
530330068002
530050119002
530579516002
530579517001
530579525003
530579515001
530579526003
530579515003
530579407001
530579526001
530579513002
530479706002
530579405001
530579508003
530579516001
530579514004
530579527001
530579521003
530579514001
530579407002
530579511001
530579515005
530579515002
530579515004
530579526004
530579404002
530239703002
530579405003
530579511002
530579514002
530579514003
530419706002
530419714002
530419720001
530419711003
530350928013
530330315023
530150020023
530099901000
530750003001
530330117002
530330246012
530479706005
530479707003
530479708003
530250101003
530250102002
530250101002
530250104002
530250101004
530250104005
530250104003
530250104004
530110412012
530110412014
530110412015
530110412031
530250106001
530250106003
530250108003
530250109021
530250109024
530110412032
530330117003
530330119005
530330120001
530250109023
530250110002
530250110003
530250111001
530330120003
530330121001
530330121002
530330201001
530330201003
530330202001
530330202002
530330202003
530330202004
530330202005
530110412051
530110412061
530110412062
530110412063
530330118006
530330119002
530330117004
530330118001
530479709001
530479709004
530479710003
530479708002
530479710004
530330118002
530330118004
530110413093
530110413101
530110413102
530110413104
530110413121
530670123101
530110413122
530110413311
530110406043
530110413261
530110413331
530110413332
530110413171
530110413172
530110406082
530330203001
530330203005
530110406091
530110407103
530110413173
530110413181
530110413183
530110413184
530110413191
530330322113
530330322121
530330322122
530110407031
530110407032
530110407033
530110407034
530110413201
530330253022
530330254001
530330254003
530330254002
530330255002
530330256011
530110413202
530110413211
530330286003
530330286004
530330286005
530330286006
530330287001
530330287002
530330300041
530330300044
530330301001
530330301002
530330301004
530330316011
530330316013
530150019002
530150003001
530150009004
530150011007
530150016003
530150017003
530150012001
530150012002
530150020024
530150019003
530150008002
530150019004
530150016002
530150020012
530150016004
530150017002
530150007041
530330323071
530150008001
530330323073
530330323074
530330323075
530330323091
530150008006
530150012003
530150013002
530150008003
530150009001
530150017005
530150018001
530150015022
530150020013
530150009003
530150004003
530330288024
530110407061
530110407062
530110408031
530330256021
530330256022
530330256023
530330257011
530110408033
530110413231
530110413292
530110413282
530110413251
530330257013
530330257014
530330287004
530330287003
530330288011
530330288012
530330288021
530770015014
530330301006
530110414001
530330301007
530330302011
530330302014
530330302022
530330302023
530330302025
530330316051
530330317063
530330317062
530330323112
530330323114
530770015015
530330323261
530330290031
530330257015
530330257023
530330257022
530330289013
530770030013
530330289023
530330289025
530330289024
530330290011
530330290012
530330290013
530770028011
530330317033
530330303132
530330303141
530330303142
530110408101
530110408054
530110408063
530110415001
530110415002
530110416003
530330303041
530330317053
530330317031
530330317032
530330317043
530330317034
530330317035
530330317042
530330303083
530110416002
530110417001
530330323263
530330323131
530330258053
530330258063
530330258031
530330290032
530330290033
530330290034
530330290035
530330290042
530330303053
530330303052
530330303062
530330303063
530330318003
530330323132
530330323283
530330323282
530110409042
530110409043
530110409044
530110409071
530110409072
530110417002
530110418001
530110418002
530110418003
530110419001
530110419002
530110420001
530330258033
530330258032
530330258041
530330258042
530330260011
530330260012
530330260013
530330291022
530330292062
530330292063
530330303064
530150020025
530330303091
530330303092
530330318001
530330319031
530330319032
530330319033
530330323281
530330323162
530330323172
530330260014
530330260015
530330260021
530330260022
530330260024
530330260023
530330261002
530330261003
530330292031
530330292032
530330292042
530330292043
530330293031
530330293032
530330293034
530330303093
530330303094
530330303101
530330303103
530330303111
530330319035
530110409081
530110409082
530110409083
530110409084
530110410101
530110420002
530110421001
530330319042
530330319061
530330319062
530330323173
530330323174
530110421002
530110423001
530330323175
530330262002
530330262003
530330262004
530330263001
530330263002
530330293041
530330293043
530330293044
530330293051
530150013001
530150015023
530150015021
530150016001
530150016005
530150017004
530330303112
530330303113
530330303114
530330303122
530330303124
530330304012
530330319071
530330319073
530150019001
530150020011
530150020021
530150021003
530330270003
530150021004
530150021001
530150004001
530330319074
530330319075
530330323181
530330323182
530330323183
530330323191
530330323193
530110410102
530110410112
530110410031
530110410033
530110424002
530110425001
530110426001
530330246023
530330247012
530330247013
530330247021
530330247022
530330247023
530330264001
530330264002
530330264003
530330264004
530330264005
530330265001
530330267002
530330293052
530330293053
530330293054
530330293062
530330293071
530330294031
530330294032
530330294033
530330294051
530330304013
530330304014
530330304015
530330304031
530330304032
530330304033
530330304041
530330319083
530330319082
530330319091
530330319092
530330323194
530330323201
530330323202
530110410051
530110410071
530110410072
530110410073
530330247025
530330248001
530330248003
530330268022
530330320083
530110410081
530110427001
530110428002
530110410034
530330267003
530330267004
530330268021
530330270001
530330270002
530330294053
530330271001
530330272001
530330294052
530330274001
530330294054
530330294055
530330294061
530330294062
530330294071
530330294072
530330304042
530330304043
530330305011
530330305012
530330320032
530330320051
530330320052
530330320053
530330320054
530330320056
530330323212
530330323221
530330323222
530330249011
530330249014
530519702003
530519701003
530519701001
530519704002
530519703002
530330272002
530330273001
530330273002
530330273003
530330273004
530330274002
530330274003
530330274004
530110410091
530330275003
530330275004
530330294073
530110410082
530110410083
530330295043
530110411042
530110411052
530330294081
530330294082
530330294083
530330295021
530330295032
530330295033
530330295041
530330305032
530330305041
530330323243
530330305042
530110411053
530330305043
530330305044
530330306001
530330306002
530330306004
530330307001
530330307002
530330320061
530330320062
530330320063
530330320072
530330320073
530330323223
530330323231
530330323232
530330323233
530330323234
530330323241
530330323242
530750007004
530750002003
530750007005
530750009003
530750010001
530750008002
530750004001
530750007003
530750009001
530750009004
530750006001
530750007002
530750008003
530750008004
530750002005
530750003002
530750006002
530110413252
530330249021
530050108092
530110406102
530110406092
530110405083
530110402013
530110413283
530110407092
530330297001
530330249023
530330276001
530330276002
530330296012
530330296013
530330296014
530330296021
530270008002
530110407122
530110407101
530270004004
530270009006
530270016003
530270008003
530199702003
530270007002
530199400001
530330309012
530330308013
530330308012
530330308022
530330309011
530330309023
530330309022
530530723123
530110411081
530110411083
530330320111
530770015013
530330323244
530330323251
530330324013
530330324021
530330324022
530530635023
530530701004
530530702061
530530716024
530530703103
530530703123
530530731231
530530713091
530530714113
530530726032
530530729061
530530730012
530330311005
530330249034
530330250012
530330250013
530330250031
530330277015
530330277013
530330277021
530330277022
530330297003
530330297004
530330297005
530330298011
530330298013
530330309021
530330311001
530330311002
530330311004
530670125203
530330321031
530330321032
530330321033
530330321034
530330325003
530330326011
530730005022
530330326021
530330327024
530110411101
530110411102
530110411103
530110412011
530330250032
530330250033
530330250035
530330277023
530330277024
530330278001
530330278002
530770014002
530330298014
530330298015
530330298021
530330298022
530330298023
530330298024
530330298025
530330298026
530330312022
530330312024
530330312042
530330321043
530330322031
530330322032
530330322033
530279400001
530270002005
530270004002
530330327026
530330327031
530330327042
530330327043
530670117202
530670120002
530670116213
530670126101
530670127301
530670126105
530670126103
530670127101
530670124113
530670125303
530670126204
530670126201
530670105101
530670125201
530670125101
530330280002
530330250051
530330250052
530330251011
530330251012
530330251013
530330279003
530330279004
530330279005
530330280003
530330281001
530610526042
530330281002
530330282001
530330282002
530330299011
530330299012
530330299013
530330299021
530330299022
530330299023
530330312051
530330312052
530330313011
530330322034
530330322071
530330322072
530330322073
530330322082
530330327044
530330210005
530330251014
530330251021
530330251023
530330252001
530330252002
530330252003
530330283001
530330283002
530330284021
530330284022
530610522063
530330284023
530330284024
530330300051
530330300052
530330300053
530330300061
530610524012
530610524013
530610524014
530610524021
530330300062
530330300031
530330300033
530330300035
530330313021
530330313022
530330314001
530330314003
530330314004
530610525033
530610525034
530610525041
530330314005
530330322084
530770009014
530330322131
530330322132
530330322111
530330322112
530330237002
530330327025
530330252004
530330252005
530330253012
530330253011
530770015022
530330284031
530330284033
530330285003
530330285002
530330286002
530530703141
530539400031
530530703121
530530703131
530530731251
530330213001
530330213003
530330215003
530330215004
530330216001
530330216002
530330216003
530610524011
530610524023
530610525031
530610525032
530610519055
530610526043
530610526051
530610526054
530670104003
530670105201
530670106003
530250111004
530670102001
530670102002
530670102003
530670103002
530670103004
530670104001
530670107001
530250111002
530670106002
530670126205
530670115002
530670118223
530670123302
530670114101
530610526061
530610526063
530250106002
530250108001
530250108002
530330298012
530330312041
530330315013
530250110004
530250111003
530250114025
530250107002
530250113001
530670107002
530670107003
530670108001
530670108002
530670119001
530670126102
530670122112
530670103001
530670101001
530670101002
530670101003
530670122213
530670125301
530670123201
530670123202
530670108004
530670113004
530670119004
530670106001
530670117201
530670119002
530670113003
530670118102
530559605001
530559604002
530090004002
530579524011
530610511003
530610519283
530610519263
530610512001
530610512002
530610513001
530610519262
530610519281
530610513002
530610513003
530610513004
530610513005
530610519152
530610513006
530610514001
530610519161
530610519163
530630023004
530630025002
530630025003
530630025004
530630026001
530630026002
530610420014
530610420012
530610420013
530610519282
530610514004
530610514005
530610514003
530610515001
530610519213
530610519242
530610520034
530610419033
530610419041
530630016001
530630016002
530630016003
530630144002
530630144003
530630144004
530610420031
530610420041
530610420042
530610420043
530610515003
530610515004
530610519253
530610516011
530610516012
530610519171
530610519172
530610519181
530610519183
530610519184
530610419042
530610419043
530610419051
530610419052
530610419054
530610420051
530610420061
530630018001
530630018002
530630019001
530630019003
530610420063
530610501011
530610516013
530630020001
530610519212
530610519211
530630020002
530630020003
530630020004
530630020005
530630021001
530630023001
530630023003
530610501021
530610501022
530610501023
530610502004
530610516021
530610519153
530610519154
530630024001
530630024002
530630025001
530610503001
530610503002
530610503004
530610516023
530610519131
530610504011
530610504015
530610504016
530610504021
530610519132
530610519133
530610504022
530610504023
530610504024
530610505001
530610517011
530610517013
530610517014
530610517021
530610505002
530610505004
530610506001
530610507001
530610507002
530610507003
530610507004
530610507005
530610508001
530610508002
530610508003
530610508004
530610508005
530610517023
530610518033
530610518041
530610509001
530610509002
530610509003
530610519231
530610522093
530610518031
530610519054
530610519142
530610519143
530610510003
530610511001
530610538024
530610519053
530050108051
530610519056
530610519057
530330056002
530330256012
530330258051
530330258052
530330258062
530330292051
530330291023
530330319081
530330320055
530330320082
530330323171
530110408062
530110407071
530110407111
530110407112
530110408092
530110408093
530110408102
530110408034
530579522001
530579522002
530579522003
530579523023
530330291021
530330296023
530330296022
530610519243
530330292044
530330292041
530330293033
530330295024
530330323192
530330234041
530110411071
530610521043
530610521151
530110411112
530110411111
530110416001
530110413222
530110412013
530330235003
530330236011
530330236013
530330236041
530330236043
530330234032
530330235001
530330228021
530330228022
530330228013
530530734043
530530702031
530499503004
530670127201
530670123103
530019502001
530019503004
530019502003
530019503003
530019503005
530019505002
530019501001
530019502002
530019505001
530110431003
530110431004
530419708004
530419709001
530419710001
530419710002
530419710003
530419713001
530419714001
530579403003
530419715003
530419715005
530419716001
530579405002
530330021003
530330022001
530330022002
530330022004
530330024001
530330024002
530330024003
530330026004
530330027001
530419717002
530579513001
530419718002
530579516003
530419719002
530419719001
530419701002
530419708001
530419711001
530419712001
530419715002
530419717003
530419720004
530610418093
530610528065
530610519232
530610403002
530610405002
530610413032
530610410003
530610412012
530610418053
530610416062
530610516022
530610514002
530610510001
530610511002
530610519144
530610517012
530610517022
530610519223
530610519233
530610521143
530610521156
530610529043
530610526062
530610524022
530610529051
530610535062
530319506022
530719208014
530719208011
530719208012
530719209002
530719201001
530719205001
530319506012
530319506013
530319506014
530319506015
530319506016
530319506021
530630132021
530630012002
530630010005
530630019002
530630021002
530330322141
530330323164
530330323093
530330323252
530330323214
530330323134
530350929021
530350929023
530270011004
530270014002
530270004001
530270004003
530270012005
530350928031
530330265003
530019503002
530350928022
530610518023
530379754022
530379754024
530379754025
530379755002
530379755003
530090018002
530559601002
530559603003
530559603002
530559603001
530730107013
530730002004
530330113004
530330113005
530330114021
530330114023
530330113002
530330113003
530330115001
530419720002
530419701001
530419718001
530579521001
530579524012
530150012004
530150013003
530719205003
530150013004
530150015024
530150015025
530610519151
530610525023
530610401004
530019501002
530050107082
530050108031
530050107073
530050107071
530610520041
530630026003
530630026004
530630029001
530630029002
530499507002
530150006023
530150015012
530150007031
530150008005
530630029003
530630030001
530630030002
530630031001
530630031002
530530626001
530530729011
530539400081
530539400021
530530731211
530530713092
530530713101
530530713063
530530713064
530530715061
530530713102
530670108005
530670118211
530670109203
530670116241
530670123105
530770031002
530770021011
530779400052
530779400051
530770020025
530770009021
530770030011
530350910002
530350910004
530350909003
530350915001
530350916001
530350912032
530350915003
530350922003
530530714061
530530714111
530530714071
530530731241
530530731082
530530714103
530530729073
530090012001
530179505001
530179501006
530330245001
530330245003
530330246011
530670116222
530670116231
530179503005
530179508002
530179503001
530179501005
530179501002
530179506003
530670118213
530670127302
530670127203
530670124111
530670119003
530770021022
530770016022
530770021024
530770010004
530770012024
530770012022
530350927011
530350927013
530350926005
530350927041
530350927042
530350928032
530350912034
530530724092
530530723094
530530723081
530530724091
530530731212
530530731253
530750002004
530330246021
530330246022
530670120003
530670120001
530670124121
530670124112
530770028021
530770028013
530770028022
530350922004
530350927012
530350928023
530350902012
530350805001
530350908003
530350912041
530539400033
530530713093
530530728002
530530731202
530090023002
530530731083
530530731232
530530715063
530530714074
530330080022
530330081002
530730008063
530730007003
530330097011
530330097012
530330097013
530330097014
530330097022
530319503005
530319503002
530319504002
530319505001
530319502021
530319502023
530319503003
530319502022
530319503004
530319507021
530319503001
530319505002
530610416061
530610416063
530610416081
530610416082
530610416083
530319504001
530319504003
530319504004
530610416084
530610416085
530610417011
530610417012
530610417013
530610417032
530610417033
530559601001
530610417034
530610418112
530610418121
530610418111
530610418122
530610418051
530319505003
530319506011
530330078001
530250114021
530250114011
530250114022
530250114023
530730008053
530730010002
530730010003
530730008033
530050109016
530150011001
530150011002
530150011003
530150011004
530150011005
530150011006
