541070107011
541070009011
541070109013
541070005003
541070109022
540379722012
540379722011
540379722031
540379725061
540610114003
540610115005
540610116001
540379724021
540379722041
540379728004
540379725011
540379728003
540379726011
540379725031
540379727023
540379724022
540379726022
540859623001
540859623004
540859625002
540859625003
540859623002
540859625004
540859624001
540839665004
540390107011
540279686002
540539548023
540539549005
540539549002
541070004002
540390111001
540390118003
540839660004
540839665002
540839662001
540839662002
540839665003
540839662004
540839659004
540839661002
540839662003
540839663003
540839665001
540839659001
540839659003
540839660003
540839661003
540839664001
540839664003
540839663001
540759603001
540359633004
540359635002
540359637001
540759602004
540759603002
540759602001
540759602002
540890005003
540939653002
541050301012
540490204001
540490217002
540490206002
540890008002
540890008001
540890006001
540890005002
540890008003
540890006002
540890006005
540890005001
540490218002
540039716003
540039716004
540039716005
540190211003
540190208001
540190209001
540110020001
540490205003
540490215001
540490207001
540490210003
540490209003
540490209004
540490209001
540059586002
540059583004
540059582001
540059584001
540059588001
540059585011
540059585021
540059585012
541090031001
540019658002
540019656001
540019658001
540019655002
540019656002
540019657003
540019657002
540690006002
540690005001
540690018005
540690018001
540690020003
540690020001
540690002001
540690016002
540690002002
540690014001
540690022002
540690017002
540690017001
540690027001
540690020004
540690021002
540690022001
540690013001
540690020002
540690016001
540690002003
540690021001
540690018002
540190209003
540190202022
540190207004
540190204004
540679507001
540690018003
540690002004
540690003001
540390115002
540279684001
540279685001
540390129001
540390104001
540390134001
540390106006
540390138001
540690015003
540979667001
540690018006
540690019011
540690019012
540690026004
540690026002
540690026003
540690026001
541070001001
540190207003
540190206002
540190208004
540190203002
540190204002
540190210001
540190208002
540190201002
540839661004
540679502002
540679504003
540679505002
540679507003
540390110003
540390101002
540390005002
540679502001
540679504004
540679505001
540679501002
540679504002
540679502003
540679501001
540679502004
540679504001
540679502005
540679507002
540679506002
540810008022
540019655003
541070105022
540839659002
540810006003
540390136004
540390137012
540390003003
540390108021
540810006002
540810015002
540810013003
540810015003
540810011002
540810005002
540810011004
540810009004
540810002003
540810010022
540810010012
540810012001
540810009001
540810013002
540810008042
540810006001
540810015001
540810011003
540810009003
540810009002
540810014001
540810012004
540810008041
540810009006
540810010021
540810010011
540810004002
540810008021
540459566002
540459562002
540459567003
540510208001
540810012003
540810014004
540810008023
540810002004
540810002001
540810002002
540810003003
540330302001
540330303001
540330303003
540330304001
540459561014
540679506004
540679503001
540539548012
540539551022
540539549003
540539548011
540539551013
540330301001
540599576001
540599573001
540510208003
540510211004
540510208005
540510208004
540510213001
540510208006
540510209003
540510210006
540459567004
540510202002
540510202001
540330306023
540510209004
540510211003
540539549004
540539549001
540539551012
540790207001
540459568002
540459561013
540459564003
540459564001
540459561022
540459567001
540459566003
540459561015
540459566004
540459565002
540330310004
540459561012
540459567002
540330316001
540330305004
540330302002
540330308003
540330318002
540330316002
540330307002
540330301002
540330321011
540330306022
540330310003
540330304003
540330320001
540330313001
540330305003
540330314001
540330319003
540330321024
540330321022
540330305002
540459568003
540330305001
540330304002
540330306024
540330307001
540330308002
540330310001
540510210001
541070003002
540459569002
540459565001
540459561023
540459569001
540459568004
540490211003
540490208003
540490209002
540490202004
540490201002
540490207002
541019702002
540219677005
541019701001
540739621001
540159580002
540719705004
540459561011
540459566001
540459568001
540459567005
540459568005
540459561021
540459564002
540459562001
540679506003
540679506001
540959618002
540490202001
540490203003
540490213003
540959618004
540959619003
540959619002
540959620002
540959618001
540959620001
540959619004
540959619001
540290213001
540039717001
540610120002
540610109012
540610109022
540610110001
540610110002
540610112001
540179650002
540179650003
540179650001
540179651001
540179650004
540179651002
540179651003
540059586001
540059582002
540290209004
540290211003
540290207002
540290212002
540290209001
540290207001
540290207004
540290209003
540290213002
540290213004
540290214003
540510209002
540510210007
540510202003
540510205001
540510206012
540510211005
540510213004
540390103003
540390130001
540390131003
540610120003
540319702003
540039717002
540039717003
540599572002
540599574002
540890007001
540110102012
540390113011
540190201003
540610102025
540610106003
540610114001
540610115004
540610109023
540610110003
540610109013
540610118042
540610117001
540610117003
540610118044
540610118033
540610114005
540610118053
540610118051
540610118041
540610108004
540610113005
540610109024
540610118034
540610118032
540610116004
540610118054
540610118062
540090314001
540090316001
540090317003
540090316002
540110106001
540110104001
541070110001
541070110002
541070003001
540090312001
540110015002
540110101022
540110103002
540110004001
540110105001
540110001011
540110021003
540110104003
540110001012
540110002002
540110104005
540110107004
540110101023
540110013001
540110101021
540110107003
540110107001
540110106002
540110102023
540110021002
540110108003
540110021001
540110107002
540110009001
540110103004
540110011001
540110009002
540739621002
540110010002
540110010001
540110011002
540110012001
540110012002
540110012003
540110013002
540110014001
540110014002
540739622002
540739622001
540739621003
540739622003
540759601021
540419673001
540419674001
540419673002
540259504001
540259505001
540759602003
540759601022
540759601011
540719706001
540059585022
540059587001
540719704002
540039712012
540959618003
540039711024
540039713003
540039713004
540039712013
540039719003
540039720006
540039713001
540039721022
540039721026
540090311014
540039714005
540090312002
540090314004
540159581003
540039718004
540039711023
540779643003
540039712015
540039712023
540039712021
540039718002
540039720004
540039721011
540039720005
540039711011
540039719005
540039712014
540039712024
540039721013
540039721012
540779639001
540779640001
540779642004
540779638002
540779641003
540779642001
540779645002
540779642002
540779638001
540779639003
540779640004
540779643001
540779639004
540779644002
540779645003
540779640002
540779638004
540779641002
540990203005
540919648002
540990052001
540990203001
540990203003
540990203004
540990207003
540390018003
540390107023
540390110004
540390109001
540390019022
540390114011
540390112002
540390123003
540390132003
540390135003
540390137021
540390137023
540390118001
540390113022
540390121003
540390121001
540390137011
540390021003
540390137024
540390109002
540610107004
540859623003
540859625001
540330306012
540330311001
540330317002
540390115001
541070005001
541070005002
541070110003
540190203003
541070007011
541070007021
541070007022
540110104004
540110106004
541070009021
541070009031
540190202023
540190205002
540550011003
540550012001
540550019002
540550023003
540550016001
540550020003
540379724011
540379724013
540379725053
540039713002
540039720001
540039720002
540039721024
540039721025
540039721021
540039721023
540039714002
540610112002
540610118061
540610113002
540610107001
540439558003
540610109014
540610101022
540610101011
540510206011
540510207021
540810008044
540490210005
540190205001
540779643004
540890006003
540039712011
540039711012
540039714001
540039720003
540439557003
540439554002
540439554006
540439555004
540439555002
540439554003
540439556003
540439554001
540439558001
540439557001
540439556001
540439556002
540439554004
540439555001
540439556004
540570107002
540419674002
540419676003
540610109011
540779639002
540739622004
540919646003
540790207003
540810008031
540810008032
540810008045
540810008043
540810003002
540810003001
540810007001
540810012002
540490205002
540490207003
540490201001
540570105003
540570106003
540570102002
541030304001
540790206052
540790206053
540790206051
540570101002
540919646007
540919648005
540919646005
540919646006
540919648007
541030305005
541030308001
541030305003
541030307003
541030049003
541030305004
541030049002
541030305002
541030304003
541030304004
541030308002
541030307002
541030305001
540659708002
540359633002
540359633003
540359637006
540659707003
540659708004
540659710002
540659709001
540659708003
540659709003
540659709002
540659710003
540659710001
540659708001
540659707002
540659707001
540479545033
540479545034
540479545032
540479545031
540479545046
540479540001
540110019002
541030304002
540610106004
540610120001
540610108003
540610114006
540610111001
541070105023
541070008021
540110001022
540110002001
540110002003
540110003001
540110003002
540110004002
540110006001
540110014003
540110018001
540110018002
540110018003
540110018004
540110018005
540110103003
540110105002
540110106003
540110107005
540110019003
540159581001
540110020002
540110101025
540110102021
540110102022
540110103001
540110104002
540090317002
540090314002
540090311023
540090311013
540159580001
540159580003
540159579001
540159581002
540159579002
540979670002
540390008002
540390137025
540390107013
540390020004
540390102002
540390101004
540390108014
540390130003
540979671001
540979666001
540979671003
540979670004
540979669003
540979668002
540979669001
540979666002
540979668001
540979671004
540979670001
540539548021
540990208003
540990210002
540990208002
540539551021
540539550001
540539551023
540539548022
540539551024
540419672003
540419672004
540419676002
540419676001
540419672001
540419673003
540419672002
540419675003
540610113001
540610113004
540610117002
540610114002
540610119002
540610108001
540610118043
540610115003
540610113003
540610101023
540610115001
540610115002
540610107002
540839663002
540839660001
540839664002
540839664004
540439558004
540610101024
540439555003
540439557002
540439558002
540439554005
540550023001
540479536002
540479545042
540479539001
540479538001
540479545044
540550010001
540550009003
540550011002
540550022004
540550024001
540550009001
540319702004
540479538002
540479539002
540479540002
540479545043
540479540003
540479538003
540610116002
540610119003
540610114004
541030307001
541030307004
540319703003
540319703001
540319702002
540319701001
540319702001
540319701003
541090030002
541090031004
540779638003
540779641001
540779640003
540779643002
540779644003
540779645001
540779643005
540779641005
540330320002
540319703002
540319702005
540319703004
540319701002
540779641004
540779642003
540779644004
540330318001
540330312002
540330321012
540330321021
540330306011
540790202003
540790202004
540790204001
540790201002
540790201003
540790204002
540790201001
540790206011
540790205001
540790202001
540790203002
540790206031
540790205003
540790203001
540990207002
540790201005
540790206033
540790206032
540790204003
540790202002
540990207001
540990210003
540990206003
540990204005
540990204004
540990205003
540990051001
540990201001
540990209001
540990203002
540990205004
540990201002
540990203006
540990204002
540990206001
540990206004
540990209003
540990204003
540990205002
540919647001
540190202012
540190202011
540190202013
540919648001
540919646001
540919647002
540919649001
540919648004
540279682003
540919646004
540790203003
540790204004
540790205002
540790205004
540790205005
540790201004
540790206012
540279682001
540279684004
540279686003
540279683003
540279686001
540279682004
540279684002
540279683002
540810007002
540790206013
540390009001
540390015001
540390012002
540790206041
540790206034
540790206035
540790206036
540279685002
540039717004
540039717005
540039717006
540610104001
540610104002
540610104005
540790206037
540039717007
540039714004
540610104004
540610106002
540610107003
540110016001
541090032005
541090032001
541090028001
541090030003
541090028002
541090031003
541090029012
541090032003
541090031002
541090029011
541090029023
541090029021
541090032004
540979670003
540979671002
540979666003
540979668003
540810010013
540810014003
540810009005
540810011001
540810013001
540810014002
540290206001
540810003004
540810004001
540810005001
540810005003
540290212001
540290214001
540290206003
540290212003
540290215001
540290215003
540290211002
540570104001
540110108001
540539550003
540539550004
540570104002
540570107001
540570105004
540570104003
540570105001
540570103001
540570101003
540570106001
540570103003
540570103002
540570102001
540610101021
540290207003
540290214002
540290209002
540290213003
540379725052
540039711025
540610102014
540290212004
540610102022
540610102023
540610102012
540610102024
540610102015
540570101001
540570105002
540190207001
540190208003
540190201001
540570106002
540239695002
540239696002
540239696004
540239694002
540239696003
540239694003
540239696001
540239694001
540290214004
540290211004
540290215004
540610113006
540290211001
540379722042
540379725051
540610102011
540610107005
540610101012
540610109021
540610102021
540610112003
540610111003
540190204001
540190207002
540290206002
540290215002
541030049001
540610104003
540610106001
540610116003
540610117004
540610119001
540610118031
540610118063
540610118064
540610118052
540639501002
540610101025
540610111002
540610107006
540610108002
540610102013
540490212004
540490212003
540919646002
540110102011
540979669002
540839661001
540190211001
540190209002
540190203001
540190204003
540190201005
540190210002
540190206001
540190201004
540190209004
540639502002
540639503003
540639503001
540639501003
540639503002
540639503004
540639502005
540639502001
540639502003
540639502004
540479545012
540639501001
540479545045
540479545041
540479545011
540479539003
540479542002
540479538004
540919647003
540279683001
540279684003
540279682002
540919647005
540919648003
540919648006
540919647004
540919649002
540359634002
540359634003
540359636002
540359636003
540359632001
540359635001
540359637002
540359637005
540359632002
540359636001
540359636004
540359634001
540359637004
540359632003
541019703001
540359632004
540359633001
540359637003
540390122002
540390123001
540390128001
540390128002
540390129002
540390130002
541019702001
541019701002
541019701003
541019701004
540599571004
540390021002
540390101001
540390011003
540390131001
540390132001
540390133001
540390134002
540390135001
540390135002
540390136001
540390136003
540390137022
540390102003
540390102001
540390103001
540390103002
540390138002
540390138003
540390110001
540390111002
540390113024
540390118002
540390118004
540990208001
540990209002
540990210001
540059588002
540059582003
540059583003
540059583002
540059583001
540390104002
540390106001
540390106002
540390106003
540390106004
540390106005
540390107012
540390107021
540390108015
540390112001
540390113023
540390115003
540390115004
540419675002
540599577002
540599573002
540599577001
540599575002
540599576003
540599571002
540599577004
540599571001
540599572001
540599576004
540599577003
540599572003
540599571003
540599575001
540599575003
540599574003
540599574004
540599574001
540599573003
540599576002
540090314003
540090317001
540090316003
540090311021
540090311022
540090311012
540090316004
540110105003
540110101024
540110005001
540390107022
540939652001
540390011006
540390012001
540390013001
540890006004
540090312003
540090311024
540090311011
540390013004
540390108013
540390002002
540390020002
540390105001
540390018001
540390003002
540390114022
540390002001
540390003001
540390006004
540390005001
540390006002
540390011004
540390123005
540390015004
540390122003
540390113021
540390101003
540390133002
540390018002
540390019013
540390121002
540390112003
540390105003
540390112004
540390019011
540390019012
540390011005
540390123002
540390128003
540390020001
540390021001
540390108012
540390122004
540390108022
540390015003
540390015002
540390021004
540390128004
540390110002
540390006003
540390123004
540390015005
540390132002
540390114013
540390019021
540390108011
540390011002
540390114021
540390114012
540390136002
540390113012
540390011001
540390006001
540390013003
540390020003
540390118005
540390111003
540390105002
540259506004
540790207002
540390017002
540390131002
540390118006
540390001001
540390001002
540390003004
540019658003
540019655001
540019656003
540019657004
540390007001
540390007002
540390007003
540390008001
540110102013
540259502005
540259504003
540259506003
540259503003
540259502004
540259507005
540259507002
540259505002
540259503002
540259504004
540259503004
540259505003
540259501003
540259502003
540259502002
540259501004
540259501001
540259501002
540139627002
540139627001
540139627003
540139626003
540139626002
540139626001
540259502001
540390013002
540390017001
540550014002
540330301003
540490217001
540490214002
540490216001
540490210001
540490218001
540490218003
540490216002
540490213002
540490213001
540490215003
540490215004
540490210004
540490211002
540259506002
540259504005
540019655004
540019657001
540019658004
540019656004
540690018004
540259507001
540259507004
540259507006
540259503001
540259504002
540259506001
540259507003
540379727021
540379728001
540379726021
540379728002
540379727013
540379723002
540379727012
540379723001
540379723003
540379727011
540550020002
541070106012
540110019001
540110001021
540550013002
540550013001
540550013003
540550014001
540550014003
540550021001
540550021002
540550018002
540550018003
540550018001
540550017001
540550020001
540550017002
540550009002
540550019001
540550017003
540550011001
540550010004
540550022002
540550015002
540550017004
540550010002
540550015001
540550022001
540550023002
540550012002
540550024002
540550018005
541070004001
541070106024
541070108002
541070102003
541070108003
541070101022
541070102002
541070107024
541070106013
541070009022
541070107023
541070106021
541070107014
541070106023
541070109021
541070107025
541070109012
541070109014
541070001002
541070105021
541070101021
541070107012
541070107021
540879628003
540879629002
540879630001
540879630003
540879628001
540879630004
540879630002
540879629003
540879629001
540879631004
540079681002
540079679004
540079679002
540079679001
540079680002
540079679003
540079680004
540079680003
540079681004
540079680001
540079681003
540079681001
540219677004
540219677006
540219678002
540219677001
540219678001
540219677002
540219677003
541070106022
540379724012
540879631003
540879628002
540879629004
540879631002
540879629005
540879631001
540079681005
540379727022
541070009032
541070009033
541070101012
541070103001
541070103002
541070104001
541070104002
541070105011
541070105012
541070107013
541070107022
541070108001
541070109011
541070008022
541070101011
541070106011
541070107015
541070109023
540550018004
540479536001
540479540004
540479542001
540979667002
540859624002
540550022003
540550010003
540550015003
540550016002
540550021003
540490216004
540110010003
540490202002
540990052002
540039718003
540039719001
540490202003
541050301022
541050301011
540490203001
540490203005
540490203004
540490203002
540490211001
540490216003
540490210002
540490212002
540490214001
540490215002
540490208004
541070007012
540779644001
540939654003
540939653003
540939654001
540939652002
540490206001
540490207004
540490208001
540490208002
540490205001
540539550002
540539551011
540539550005
540110108002
540110109001
540110109002
540110015001
540190211002
540190202021
540990204001
540990205001
540990206002
540719704001
540719705003
540719705002
540719706002
540719705001
541050301021
540419675001
540690003002
540690004001
540690005002
540690006001
540690007001
540690007002
540690027002
540690013002
540690014002
540690014003
540690014004
540690015001
540690015002
540839660002
540510210002
540510210003
540510210004
540510210005
540510211001
540510213003
540510213002
540510208002
540510209001
540510211002
541070008011
541070008023
541070102001
540179651004
540110108004
540239695001
540239694004
540490212001
540219678003
541090032002
541090030001
541090029022
540790206054
540390122001
540330310002
540330312001
540330313002
540330315001
540330316003
540330319001
540330319002
540330321023
540330321025
540330303002
540330306021
540330308001
540330317001
540039715002
540039715004
540039716001
540039716002
540039712022
540039711021
540039719004
540039714003
540039715003
540039711022
540039719002
540039718001
540039715001
540939654002
540939653001
