551390014001
551390008002
551390004003
551390003001
551390022022
551390015001
551390021001
551390017001
551390028001
551390012001
551390013001
551390002002
551390005004
551390003003
551390005002
551390011002
551390011003
551270002004
551270017022
551270017012
551390001003
550090202033
550099400031
551270005021
551270006002
551270006003
551270015023
551270015026
551270016044
551270010003
551270003021
551270001011
551270010004
551270008001
551270003015
551270016043
551270016023
551270005023
551270016041
551270006001
551270002002
551270003014
551270001022
551270001013
551270002003
551270003025
550279618004
550279605001
550279612001
550279601003
550279611001
550279610004
550279603003
550279616002
550279615001
550279617001
550279601001
550279606001
550279606002
550279614001
550279602002
550279603002
551270006004
551270016031
551270017014
551270017015
551270017013
551270001012
551270001014
551270002001
551270002005
551390004001
551390004002
551390005005
551390007001
551270017024
551270003023
551270003022
551270003024
551270007022
551390008001
551390009001
551390009002
551390012002
551390013002
551390013003
551390014002
551390014003
551390014004
551270004001
551270004002
551270004003
551270004004
551270005011
551270008003
551270008005
551270010001
551270010002
550050002002
551390002001
551390016001
551390018012
551390018013
550859715001
550090205034
550090207031
550090214003
550090213023
550859714004
551050005001
551270008004
551270008002
551270015011
551270009013
551390019001
551390019002
551390019003
551390020001
551390020002
550859714003
550859714001
551390020003
551390020004
551390020005
551390023001
551390023002
551010008004
551010009011
551010009013
551010009032
550870121001
550870121002
550870122001
550870122002
550870123002
550870124001
551010014005
551010014007
551010015011
551010015012
551010015021
551010015022
551010009033
551010014004
551010015052
551010015042
550759611004
550870124002
550870129022
550870129012
550870129013
550870129011
550870129021
551010017033
551010017052
551010017051
551010018021
551010018011
551010019003
550630004004
550630006001
550350004002
550350004003
550350004004
550350005011
550630006002
550870126023
550870125061
551010028002
551010028003
551010028004
550350005012
550350005022
550350006001
550350006002
550350006003
550350006004
550630007002
550630006003
550791010003
550790028002
550870127002
550790071002
550790351003
550870128004
550790122003
550350006005
550350007001
550350007002
550350007003
550350007005
550350007006
550630007003
550630009002
550699604002
550699610001
550699606003
550699609001
550699606002
550699601001
550699606001
550630001005
550630001002
550630002003
550630002002
550630002004
550630004001
550870128005
551010026005
551010027011
551010027012
551010027023
551010027022
551010027021
551010016012
551410102003
551410103001
551410103002
551410103003
551410103004
551314201061
551314201031
551314201035
550150206001
550150206003
550819503003
550819504004
551091210002
551091208006
551091204002
551091206005
551091209041
551091204003
551091208001
551091207001
551091207003
551091206001
551091210003
551039705002
551010006001
551010006002
551010006004
551010006005
551010007001
551010007002
551010008001
551010008002
551010008003
550790188001
550790193001
550139704002
550139707001
550139708002
550139704003
550139710002
550139708001
550139706002
550139707002
550139710001
550790197001
550139704001
550139709001
550139706001
550139709002
550790197002
550790207001
550790207002
550790801001
550790801002
550790801003
550790802001
550790802002
550790802003
550790703004
550790703005
550791805001
550791805002
550791851001
550659703002
550791851003
550791852001
551050029005
551050011005
551050003001
551050004003
551050016001
550791203001
550791204001
550791204003
550791204004
550791202032
551050030013
551050030023
551050008002
551050028003
550790197004
550790197003
550659705001
550659704002
550659704003
551050029001
551050005004
551050013022
551050003003
551314201042
551314202002
551314202003
550979613001
550979613004
550979602004
550979612004
550979604002
550979609003
550790803001
550790803003
550790803004
550790803005
550790804003
550790901001
550790901002
550790901003
550150206004
550150202004
550150202003
550791205013
550791205021
550791205022
550791205023
550791301001
550791301002
550791301003
550791302001
550790902001
550790902002
550790903001
550790903002
550791853002
550791853003
550791302002
550791302003
550791401001
550791402011
550791402012
550790207003
550790207004
550790207006
550790208003
550790208001
550659701003
550659701002
550659705003
550659703001
550659705002
550659702004
550659703003
550659702001
550659701001
550659704001
550659702003
550790198001
550790199001
550790208005
550790209001
550790209002
550790209003
550790210001
550790210002
550790211001
550790212001
550790212002
550790213001
550790214001
550791002001
550791002002
550791002003
550791002004
550791003002
550791004001
550791004002
550791004003
550791005001
550791005002
550710002002
550710003001
550790113001
550790014002
550790035001
550791702001
550791702002
550791603001
550859715004
551039704001
550090102022
550039504001
550039507002
550039505001
550039506001
550039507001
550039900000
550039505002
550039507003
550819503004
550819504001
551010004002
551010006003
551010007003
551010009012
551010009031
551010009044
551010012014
551351011003
550979611004
550979612001
550979612002
550979613003
550390415003
550390416004
550390416005
550390417001
550390417002
550390417003
550219711001
550219707001
550219708003
550219701003
550219705002
550219708004
550219710004
550219706002
550219702003
550219709001
550219708001
550219707003
550219701004
550219712002
550219710003
550219704003
550219702001
550219709003
550219704005
550219706001
550219709002
550219703002
550079601002
550079602002
550390418002
550390418003
550390418004
550390419001
551050033003
551050008001
551050016003
551050021002
551050023002
551050026021
550390420001
550390420005
550390422003
550390413001
550390414004
550390419002
550390421003
550699602001
550390408004
550390409001
550390409002
550390409003
551010016013
551010015051
551010019001
551010017031
551010020011
551010020012
550019507001
550019507002
550791857001
550791855002
550791859001
550791854002
550791860001
550790181001
550791866001
551010017032
550590009005
551410109004
551410101003
551410108002
551410109005
551410116004
551410117001
551410104002
551410109002
550819501004
550790074001
550791868001
550791863002
550870103001
550870103002
550870103003
550870105001
550870105002
550870105003
550870105004
550870106011
550571004001
550571004003
550870106012
550870106021
550870106022
550870106023
550870107001
550870107002
550870107003
550870108001
550571007001
550571002002
550571006004
550571007003
550571001002
550571005002
550571004002
550571005004
550571006001
550571001001
550571002004
550571003002
550571005003
550571002001
550571004004
550571002003
550571006002
550571007002
551091206002
550870108002
550870109001
550870109002
550870110002
550870110003
550870110004
550870110006
550870111012
550870111014
550571005001
550571006003
550870111022
550870112002
550870112003
551010011006
551010017021
551010007005
551010010012
551010003003
551010008005
551010026004
551010005006
551010010023
551010002001
551010013011
551010015023
551010012013
551010013012
551010017022
550791870003
550790034005
550791503043
550896302023
550896402002
550896602011
550896101022
550896602022
551010026001
550791865002
550790182002
550790208004
550791851002
550791602031
550790301001
550791602023
550350009001
551390018043
551390007002
551390018032
551390017004
551390018041
551390018031
551390017003
551390037023
550859713001
550859714002
550859704002
550859706011
550859708001
550859704001
550859705001
550791201021
550791202011
550791202012
550791202013
550791202021
550791202022
550790201001
550790201002
550790501013
550790501021
550791202031
550791501003
550791873002
550791873003
550791873001
550791503011
550791703003
550791705001
550791706001
550791706002
550790501022
550790501023
550790501024
550790501025
550790601012
550790601013
550791872001
550791601001
550791602032
550959607004
550791706004
550791707003
550791707001
550791801001
550791802001
550791802002
550791802003
550791803001
550791803002
550791803003
550791804001
550791804002
551050004001
550979605004
550979602001
550979608003
550979613002
550979611001
550979606004
550979606001
550979611002
550979603001
550979605002
550979602002
550979606002
550979612003
551050006001
551050004004
550979601003
550979606003
550979608002
550790201003
550790202002
550790202003
550790203002
550790204001
550790205001
550790205003
550790206001
550790206002
550790601022
550790602003
550790602004
550790602005
550790701001
550791602021
550791603003
550791603004
551314202004
550791852003
550791852004
550790010003
550791852002
550790110001
550119602001
550119603002
550119601003
550119605001
550119601002
550119602002
550119604001
550119603003
550119605003
550790195001
550790195002
550790196001
550790194002
550790196002
550790701004
550790702001
550790702005
550790702004
550790702002
550790703002
550790703003
550791706003
550791804003
550170102003
550170103002
550170103003
550790906001
550790906002
550790906003
550790907001
550790907002
550790907003
550790908002
550790910002
550790910004
550659702002
550791402013
550791402021
550791402022
550791402023
550791402024
550791501001
550790910005
550790911001
550790911004
550790911002
550790912001
550790912002
550790912003
551199604003
551199605003
550791503012
550791503013
550791503014
550791503031
550790198002
550790198003
550790198004
550790912004
550790913002
550790913003
550790913004
550790914001
550790914002
550791001001
550791001002
550791001003
550791001004
550791205011
550791205012
550790214002
550790215001
550790216001
550790216002
550790217001
550790217002
550790217003
550790217004
550790217005
550791005003
550791005004
550791006002
550791007001
550791007002
550791007003
550791007004
551332031034
550279607003
550279607001
551010013013
551010013022
551010013024
551010014003
551010015025
551010014006
551010015013
551010016014
551010016022
551010017013
551010017061
551010003002
550870128001
550870127003
550870107004
550870106013
550870128002
550870111011
550870132001
550870115012
550870116002
550870131002
550870110001
550870119002
550870131001
550870113003
550870127001
550870123001
550870102005
550870114001
550870119004
550870121003
550870111013
550870127004
550870110005
550870111021
550870128003
550879400001
550870132003
550870102001
550870102002
550870102003
550870102004
550859709001
550859701022
550050001002
550050005001
550050003002
550050003004
550050004002
550050004004
550859711001
550859715003
550859704003
550859710021
550050004005
550250004012
550870125051
550870111023
550870125031
550870120004
550870121004
550870126013
550870126012
550870126021
551299501002
551299505001
551299503001
551299505002
551299506001
551299506004
551299502002
551299502001
551299505003
551299503003
551299506003
551299503002
551299506002
551379601002
551379602002
551379602003
551379604001
551379604002
551379606002
551379601001
551379603001
551379603003
551379604003
550791201012
550799900000
550790001021
550790001012
550790001011
550790001013
550790001014
550790601011
550790034004
550790076002
550791707002
551390024003
551390018042
551390024005
551390017002
551390037022
551390037025
551390033002
550870126022
550870116004
550870116003
550870120003
550870120002
550870125041
550870101002
550870121005
551199603001
551199604001
551199601001
551199601002
551199604002
551199602001
551199606002
551199606001
551199602002
551199603002
551199601003
551199603003
551199606003
550790218002
550790218003
550790301003
550790351001
550791009002
550791010001
550791011001
550791011002
550791012001
550791012003
550710001003
550710001002
550710002001
550790351002
550790352001
550790352002
550790352003
550790352004
550790501011
550790501012
550791012004
550791013001
550791013004
550791014004
550791015001
550791015002
550791015004
550791016001
550791016002
550791016003
550791016004
550170112001
550170112002
550170104003
550170109002
550170110005
550170112003
550790199004
550790199005
550790200001
550790200002
550790199003
550791017001
550791017002
550791017003
550791017004
550791018001
550791018002
550791018003
550791101001
550791101002
550791101003
551199605001
551199605002
550170108003
550170108005
550170109004
550170111001
550170105002
550170105003
550170107001
550170108001
550170108002
551332036023
551239605002
551239606002
551239603003
551239605001
551239606003
551239607003
551239603004
551239607001
551239602002
551239602001
551239604004
551239601001
551239607004
551239602003
551239603002
551239604002
551239605003
551239606001
551239603001
550896302013
550896201001
550896603042
550896101011
550896101021
550896401005
550896503001
550896402004
550896601003
550896101012
551332045011
551050027002
551050029002
551050033001
551314201034
551390001001
550819502003
550819503001
550819503002
550819501003
551332031022
551170105014
551170105021
551170002021
551170114002
551170106011
551170106012
551170003004
551170114001
551170008002
551179900000
551170005001
551170003003
550519900000
550759602003
550759900000
550759613003
550371901003
551332031011
550310203002
550310209002
551170102001
550310204001
550310204002
551170011002
551170113001
551170001002
550050005003
550050005004
550050006001
550050006002
550050006003
550390410002
550390410003
550390411001
550050006005
550050010024
550050010021
550050001001
550050003001
550050009001
550050010023
551079601001
551079601002
551079604002
551332035005
551239604003
551239601003
551239602004
551239604001
551239605004
551239607002
551332031021
551332031023
551332031025
551332045025
551332045022
551332045023
551170107002
551170010004
551170002012
551170106013
551332031024
551332045024
551332045021
550590012001
550459604001
550459601003
550459606001
550459601001
550459604004
550459602002
550459608003
550459606004
550459601004
550459603003
550459603002
550459601002
550459607001
550459607003
550459605001
550459607004
550459603004
550459603001
550459602004
550459602003
551332036012
550790215003
550730018003
550730012014
550730006024
550730015001
550730015003
550730021005
550730017002
550730014002
550590007002
550590009001
551332031013
550630105003
550630101013
550630008002
550630005001
550630002005
550630004005
550819505001
550819507004
550819509001
551332013003
551332014042
551332021032
551332017044
551332020022
550630011012
550630012004
550630005002
550630003002
550371901001
551332039011
551332039012
551332022023
551332027002
551332034024
551332033061
551050025002
551050026011
551050026012
551050028001
551050028002
551050030011
551050030012
551050030014
551050030021
551332031015
551332036024
551332036022
551332033032
551332036014
551332033031
551050030022
551050030024
551050031001
550730022003
551050031003
551050031005
551050032001
551050032002
551050032003
551332034052
551332034051
551332034064
551332034031
551332040041
550979607013
551332037022
551332039024
551332039022
551332017042
551332017043
551332040033
550979604003
551010026003
550090020021
550090102023
550730011032
550471001001
550471002001
550471002003
550471006003
550471006004
550471004001
550471006002
550039508004
551039703001
551039703002
550630001006
550630108002
550630001001
550630009003
550630007005
550630101011
550630102031
550630008001
550630007004
550170112006
550170112004
550170103001
550170111003
550170110001
550170110004
550170110003
550170107003
550170109001
550170111004
550170110002
550170102001
550170104001
550170109003
550170101002
550170101001
550170111002
550170105004
550170110006
550170112005
550170108004
551332031012
551091210004
551091204001
551091206003
551091208002
550250013001
550250014011
550250014012
550250014013
550250014014
550250014022
550250014023
550250014024
550250015012
550250015021
550250015023
550250017052
551332015041
550250018022
550250019001
550250019002
550250019003
550250019004
550250019005
550250020001
550250020002
550250020003
550250020004
550250021001
550250021002
550250021004
550250022002
550250023011
550250023012
550250024011
551091208004
551091208005
551091210001
550250024012
550250024013
551332017014
550759612002
550250026011
550250026012
550250026022
551091205011
551091206004
551091207002
551091207004
551091208003
550250030011
550250030012
550250030014
550250030015
550250030021
550250024021
550250024022
550250028002
550250029001
550250029003
550250130002
550250129003
550250128004
550250014021
550250109043
550250120025
550250022003
550250015022
550250126001
550250009021
550250029002
550250013002
550250126003
550250115062
550250132002
550250124002
550250113023
550250023021
550250004011
550250004071
550250109011
550250112001
550250027001
550250027002
550250027003
550250028001
550250001001
550250002011
550250002012
550250002022
550250002041
550250002051
550250025001
550250003002
550250004021
550250004022
550250004072
550250004073
550250004074
550250005011
550250005012
550250005013
550250005014
550250005031
550250005032
551332015042
551332016001
550250005041
550250006001
550979601001
550979601002
550979601004
550250006002
550250006003
550250007001
550250007002
550250007003
550250008001
550250008002
550250009012
550250009011
550250009024
550979602003
550250009023
550250009022
550250010001
550250010002
550250012001
550250012002
550250012003
551332014041
551332023026
550870113001
550870113002
550870113004
550870114002
550870114003
550870114004
550870115011
550870115013
550870115014
550870115021
550870115022
550870115023
550870115024
550870116001
551010018012
551019900000
551010002002
551010002004
551010002005
551010002006
551010003001
551010003004
551010004001
551010004003
551010005001
551010005002
551010005003
551010005004
550870117001
550870117002
550870117003
550870118001
550870118002
550870119001
550870119003
550870119005
550870120001
550979607012
550979607011
550979608001
550979608004
550979609001
550979609002
550979609004
550979610001
550979610002
550979611003
550730001001
550730001002
550590014001
550590015005
550590028001
550590029051
550590030022
550239603003
550239604001
550239603001
550239601002
550239602001
550590001002
550590001001
550590001004
550599900000
550590005005
550590006012
550350001002
550350002002
550350001003
550350015001
550350004005
550350003021
550350012006
550350016003
550350003011
550350001001
550590006011
550590007003
550590007004
550590007005
550590008001
550590008002
550590009002
550590015004
550590030014
550590030021
551110006001
551110002001
551110001004
551110001002
551110009002
551110010021
551110002003
551110010011
551110002002
551110011003
551110011001
551110005001
550459604002
551170102002
551170103001
551170103003
550959610002
550959611001
551170105012
551170105013
550710004005
550710005001
550710005003
551332015031
551332015062
550959611003
550959603004
550959608001
550959610003
550279608004
550279608002
550279608003
550279609001
551170107003
550459602001
551332015035
551332015051
551332023024
551332017012
550019505021
551170109001
551170110001
551170110002
550090216001
551170112002
551170112003
551170113003
551170113004
550090002006
550090007002
550959603001
550959611002
550959601002
550959609002
550959609004
550959602003
550959605002
550959607003
550959601003
550959602001
550959609003
550959608003
550959610004
550959601001
550959602002
550959607001
550959608002
550959609001
550959610001
550959605001
550350008011
551110002005
551110003003
551110005003
551110002004
551110003001
551110004023
551110006003
550819505003
550819505004
550819506001
550819506003
550790158002
550790042004
550790061001
550790065002
550791202033
550790175002
550790122002
550790123001
550790124001
550790125001
550790125002
550790126001
550790126002
550790126003
550790127001
550790128002
550790143002
550791863001
550790146002
550790148001
550790148002
550790149001
550790149002
550791864002
550791864001
550790113002
550790114001
550791858001
550790012003
550791858002
550791861001
550790122001
550790129001
550790129002
550790129003
550790130001
550790124002
550790134002
550790135001
550790135002
550790136001
550791862002
550791862001
550790143001
551332031031
550619605005
550619605001
550619602003
551170104002
551170004001
551332004004
551332005003
551332005001
551332007001
551332007002
551332007003
550679607003
550419501002
550419503001
550419502003
550419504001
550419502002
550419503002
550419501001
550419502001
550439610002
550439602001
550439610004
550439608002
550439602004
550439601001
550439606003
550439609001
550439607002
550439602002
551039702001
551039701003
551039704002
551039705003
550439603003
550439605001
550439607001
550439607004
550439610003
551010024011
551010002003
550710104003
550439611003
550439612004
550439602003
550439604004
550439608001
550439601004
550439605002
550439611002
550439603004
550439611004
550439606002
550439605004
550439605003
550439607003
550439610001
550439612003
550710051002
550710052004
550710008003
550710007006
550710051001
550710006001
550710004002
550710103002
550710106004
550719900000
550710107004
550710003002
551010019002
550710005004
550710004003
550710001001
550710101002
550710053001
550439610005
551259505004
551259507002
551259502001
551259505001
551259502002
551259502003
551259505003
551259505005
551259506002
551259507001
550710107001
551332003004
551332004001
551332012021
551332012022
551332012023
551332012031
550539603001
551332011012
551332011013
551332011014
551332011021
551332009024
551332010001
551332010003
551332010004
551332010005
551332010006
550630011021
550630101023
550630102012
551390031002
551390027003
551390035002
551390008003
551332008033
551332008041
551332009011
551332009012
551332009013
551332009021
551332009023
551299501001
551299501003
550090205033
550090205021
550279616003
550279615003
550279614002
550279611003
550279605002
550279613002
550279618002
550279601002
550279608001
550279615002
550279604001
550279617002
550279612003
550090206001
550090206002
550090206003
550090209001
550279604003
550279602001
550279611004
550279604002
550279610003
550350012001
550350012002
550350012003
550350012004
550350012005
550090208002
550090210002
550090210003
550090212001
550090212003
550090212004
550090213011
550090213012
550090213013
550090213031
550090213033
550090213034
550350013001
550350013002
550350013003
550350014001
550339705003
550350014003
550350014004
550350014005
550350001004
550350003022
550090215002
550090006003
550090103004
551170002022
551170010001
551170103002
551332037024
551170107001
551170010002
551170111002
551170104001
551170105011
551170111001
551170113002
551170112001
551170001001
551332040023
551332041001
551332041002
551332042001
550339708001
550339707003
550870125062
550870125032
550870125042
550310302002
550310302003
550310303002
550310211001
551379608003
551332015033
551332038042
550250026031
550310302004
551050031002
551050031004
551332017011
551314101001
551314501032
551332016003
551332015043
551332025004
551332014022
551332023021
550339703001
550339702001
550339703004
550339701001
550339702003
550339708002
550339704004
550339704003
550339703002
550339704002
550339706003
550339702002
550339706001
550339701004
550339702004
550339701003
550339701002
551332014023
551332015034
551332015052
551332026003
550339704001
550339705001
550339705002
551332037023
550790169003
550790170002
550790171001
550790171002
550790172001
550790172002
550790173001
550790173002
550790173003
550790174002
550790175001
550790175004
550790176001
550551007003
550551010001
550551010002
550551010003
550551011001
551332043011
551332008032
550730003001
550730003002
550730003003
550730003005
550730004001
551332034021
551332029023
551332043022
551332043023
550050003003
550050009003
550730004002
550730004003
550730004004
550050009004
550050009002
550050006004
550050004001
550050009005
550050001003
550050010022
550050005002
550050010012
550050004003
550050001004
550050002001
550050010025
550730012024
550730013001
550730013002
550730014001
550790096002
550790099001
550791854001
550791855001
550939608004
550939602002
550939605001
550939604003
550939608001
550939606002
550939601001
550939608002
550939602001
550939607003
550939606003
550939606001
550939605002
550939602003
550939603002
550939603001
550939608003
550939604002
550939605004
550939601003
550551011002
550551011003
550551012021
550551013001
550730011033
550730011041
550730011042
550730011043
550730011044
550730012011
550730005001
550730014003
550730019003
550730019004
551332031014
551332008014
551332008013
551332034022
551332038023
551332040032
550551013002
550551013004
550551014003
550551015004
550551015003
550551016001
550730012012
550730012013
550730012021
550730012022
550730012023
550730019005
550551017011
551332040042
551332043012
551332033052
551332011022
551332014033
551332026002
551332028003
550939603003
551050005002
551050005003
551050005005
550590011001
550590009003
550590023005
550590016003
550590026021
550590007001
550590015003
551050007001
551050007002
551050008003
551050008004
551050009001
551050009002
551050010001
551050010002
550896602013
550896602023
550090017012
550090017021
550090006005
550790106001
550790106002
550790107001
550790107002
550790110002
550790111001
550790111002
550791856001
550790112001
550790112002
551050011001
551050011002
550039506002
550730023002
550730023003
550790157001
550790157002
550730023004
550896503004
550896601001
550896601002
551050012011
551050012021
550759608001
550759612003
550759602001
550759601003
550759610003
550759615004
550759609001
550759601001
550759607001
550759607002
550759602004
550759610002
550759615002
550759601002
550759611001
550730023006
550730023007
550730013004
550730023001
550759602005
550759606002
550759608002
550759610001
550551012011
551050021003
551050022001
551050019002
551050024001
551050024002
551050024003
551050025001
550551015001
550551017021
550551008003
550551005003
550551002001
551351006004
551351008001
551351007003
551351004002
551351011001
551351007002
551351006003
551351005001
551351001003
551351002002
551351001002
550790086002
550790087002
550730017003
550730018001
550730018002
550730018004
550939605003
550939607001
550939607002
550939601002
550790089001
550790090001
550790090003
550790091002
550790091003
550790092002
550790093001
550790093002
550790093003
550790157004
550790158001
550790159001
550790159002
550790159003
550790160001
550790160002
550790161001
550551008002
550551006022
550551004003
550551008001
550551007002
550551001001
550551016002
550551017022
550551009001
550551006011
550551012012
550551014001
550551004001
550551009002
550551014002
550551009003
550551001004
550730018005
550730019001
550730019002
550790094001
550790094002
550790094003
550790095001
550790095002
550790095003
550790096001
550551001002
550551001003
550551002003
550551002004
550551002002
550790162001
550790162002
550790162003
550790163001
550790163002
550790163003
550790163004
550790164001
550790164002
550551003001
550551003003
550551003004
550551003002
550790164003
550790161003
550790164004
550790165001
550790165002
550790165003
550790166001
550590028002
550790079002
550790080001
550790080002
550790081001
550551004002
550551005001
550551005002
550551005004
550551006021
550551007001
550790166002
550790167001
550790167002
550790167003
550790168001
550790168002
550790169001
550790169002
550896603013
550896603031
551091202021
550896603011
550350002004
550350003023
550350005014
550350003012
550350016002
550350016001
550350004001
550350007004
550350002001
550350002003
550590011002
550590011003
550590012002
550590012004
550590013001
550590013002
550590013003
550590013004
550170103006
550590014003
550590014004
550590014005
550590014006
550590016001
550590016002
550590017001
550590018001
550590019001
550590019002
550590020002
550590020003
550590021001
551351010002
551351008003
551351003002
551351012003
551351007001
551351010004
551351003003
551351001004
551351002001
551351004001
551351012001
550590009004
550590022001
550590022002
550590022003
550590023001
550590023002
550590023003
551170003001
551170003002
551170004002
551170005002
551170008001
550590027002
550590027003
550590028003
550590028005
550870126011
551332043014
550870111024
550870126014
551170009002
551170009003
551170010003
551170011001
551110009001
551170008003
551170009001
550791704002
550790079001
550790203001
550090205022
551091209031
551091209032
550170107002
550090205031
550090020022
550539601001
550539603002
550539602003
550539605003
550539605004
550859715002
550859711002
550539604001
550539603003
550539602002
550539601002
550539602001
550539603004
550539604003
550539604002
550539605001
550250030022
550250031001
551390026012
551390026021
551390026022
551390026023
551390027001
551390028002
551390028003
551390028004
551390029001
551390029002
551390029003
551390031001
551390031003
551390032001
551390032002
551390032003
551390033001
551390034001
551332013001
551390034002
551390034004
551390035001
551390035003
551390036001
551390036002
551390036003
551390037011
551390037013
551390037021
550539605002
551332014021
551390011001
551332021011
551390037026
551390018011
551390025002
551332037041
551332039021
551390030001
550279603004
550279603005
550279620002
550279602003
550279603001
550619604005
550619605004
550619604006
550619605003
550619601002
550619602002
550619604003
550619601001
551332020021
551332020023
551332020024
551332021031
551332025005
551332026001
551332027001
551332022011
551332029012
550619602001
550619604002
550619604004
550619900000
551332023027
551332024001
551332024002
550619604001
551332024004
551332025001
550019502023
550590029041
550499504003
550499504002
550896602012
550919502002
550919501002
550919502001
550919501003
550919501001
551332033053
550790013002
550790013003
550790013004
551332028001
551332028002
551332029022
551332034032
551332034033
551332034041
551390037024
551390005003
551390018033
551390007003
550859713002
551332015061
551332016002
551332022012
551332034042
551332034061
551332022024
551332025003
551332031026
551332031032
551332034063
551332034065
551332016004
551332017013
551332022021
551332023013
551050002003
551050003002
551332019002
551332020011
551332020012
551332035006
550819508001
550819508004
550819501002
550819502001
550819502004
550819507001
550819509002
550819501001
550819504003
550819508002
550819507002
550819506002
550819509003
550819502002
550819504002
550819507003
550819508003
550819509004
551332033042
551332033064
551151005003
551151009002
551151005001
551151010002
551151004003
551151009001
551151005002
551151011002
551151008001
551151003001
551151007003
551151002002
551151008002
551151003002
551151001002
551151002001
551151004001
551151009003
550199501004
550199502004
550199503002
550630011022
550630012002
550630101014
550630101021
550630101022
551332031035
551332032002
550630104021
550630104022
551332032003
551332033033
550699607002
550199503003
550199503004
550199505002
550199505004
550199506004
550199507002
550199507003
550199502002
550199504003
550199506003
550630104025
550630104026
550630104023
550630104024
550199501003
550199504001
550199506001
550199502003
550199504004
550199506002
550199507001
550199505001
550199505003
550199501001
550199504002
550199503001
550199502001
550199501002
550630001003
550630103001
550630105001
550630107003
550350008013
550350014002
550979604005
550979607022
550239605001
551332008011
551332012012
551332033063
551332029011
551332038041
551332038024
551332038022
551332021021
551332022013
551332037043
551332034023
551332035004
551332037032
551332040043
551332040045
551332042005
551332021023
551332037042
551332042004
551332008042
551332006002
550239605002
550239606001
550239606002
551239601002
550759602006
550759606001
550759606003
551170002011
551170005003
551170105022
551170105015
551170106021
551170106022
551170108002
551170101001
550790908003
550790906004
550791014001
550791801003
550790001022
550790002011
550790012001
551379608002
551379607001
551379608001
551379608004
551379602004
551379606001
550419504002
550419504003
550511802001
550310210002
550310301006
550710004004
550710054001
550710101001
550250114023
550999702002
550999705003
550999702003
550999701003
550999707001
550999702001
550999707003
550999706001
550999707002
550999704001
550999705001
550999704002
550999701001
550999705002
550999706003
550999706002
550250115031
550250115032
551010018014
551010018013
550250115052
550250115061
550250115063
550630102022
550630106001
550630108003
550630004002
550630010003
550630107001
550630102021
550630108001
550630002001
550630102032
550250116001
550730016001
550730016002
550730015002
550730023005
550730001004
550250116002
550250116003
550250119001
550250120022
550250121002
550250122011
550730007004
550730002002
550730011022
550730021004
550730001003
551410112003
551410112004
551410113002
551410113004
550250122012
550250122022
550250122023
550250123001
550250123002
551410113001
551410114001
551410114002
551410114003
551410114005
550919502003
550250123003
550250123004
551410115001
551410115002
550250125013
550250125012
551410115003
551410115004
551410116001
550250128001
550250128002
551410116002
551410116003
550250128003
551410117002
551410117003
550250131003
550250132003
550250132004
551410117004
551410117005
550250132001
550390410001
551351011002
551332001012
551332001021
550239602002
550239601003
550239606003
550239601001
550239604002
550239604003
550239603002
551332001031
551332001032
551332001033
550759613002
551332002022
551332002021
550979605001
551332003001
551332003003
551131003001
551131007002
551131005005
551131005001
551131003003
551131008001
550630007001
550630102011
550630004003
550630003001
550119604002
551351012002
551351003001
551351004003
550571003001
551314202005
551314203001
551314203002
551314203003
551314204011
550879400002
550879400003
550870131004
551314204021
551314301001
550150203031
550150201003
550870133002
551314301002
551314401043
551314401042
551314402001
551314402002
551314402003
550150202002
550150202001
550150206002
550459605002
550250108004
550250110001
551332023025
551332030002
550079603001
550150205002
551314501043
551314601012
550790602001
550250111013
550250111021
550250113011
550979607021
550250113012
550250113021
550250111012
551314601013
551314702021
551314702022
551314702023
551314702024
550150203061
550019505012
550250031003
550250031004
550250032001
550250101001
550250101002
550250102001
550250103001
550250103002
550250104002
550250104003
550250106002
550250118001
550250118002
550250119003
550250127001
550250129001
550790097001
550790037002
550790025002
550790062002
550790913001
550790087001
550790130002
550790804001
550791704001
550790205002
551314601021
551314601022
551314601023
551314601024
551314701001
550250105022
550250105023
550250105024
550250106003
550250106005
550979605003
550250107012
550250107013
550791856003
550790134003
550790006001
550790053001
550790028001
550790010004
550790065004
550790168003
550790077001
550791802005
550790175003
550790204002
550791014002
551314701002
551314701003
551139400002
551131005002
551131005004
551131003002
551131004001
551131007001
551139400003
551314701004
551314702032
550250107022
550250107023
550250108001
550390411002
551332012011
551332013004
551332021024
551332022014
551332034062
551332037031
551332032001
551332011011
551332006001
551332035003
551332010002
551332021012
551332025002
550250110002
550250111011
551332004002
551332040022
551332036021
551332003002
550831013002
550831007002
550831009001
550831006001
550831011003
550831012002
550831008001
550831006002
550831008003
550831007001
550831010003
550831009002
550831003001
550831005002
550831005001
550831011001
550831008002
550831003002
551332001011
551332004003
550831013003
550090002001
550090002002
550090002004
550090002005
550099400041
550099400042
550090013003
550090014005
550090008001
550090005001
550090103001
550090209003
551010015026
551010015024
550090103005
550090216002
550090216004
550339708003
550339708004
550339703003
550339705004
550099400016
550099400013
550099400015
550099400011
550090205041
550090206004
550090207021
550090207022
550090208001
550090011001
550090016003
550090014001
550090214002
550090003031
550090005004
550090006004
550090201001
550090212002
550090018012
550090018013
550099400012
550090213041
550090214001
550090215001
550090018021
550090018022
550090020012
550090018014
550090103006
550090201003
550090202041
550090202032
550090202031
550759613001
550759614001
550090216003
550759614002
550759614003
550090101001
550090101002
550090101003
550090101004
550090102011
550090102012
550350009002
550350009003
550350011011
550310207003
550511801002
550511801001
550511803001
550511803002
550511801003
550511801004
550250105021
550250107024
550250125014
550250125023
550250120011
550250120012
551091209042
550710003003
551091203002
550250133022
550250002043
550250005034
550250014033
550250018021
550250018041
550250114011
550679601002
550039400001
550310302001
550310303001
550310211003
550310301001
550310301002
550319900000
550310211002
550310301003
550310203001
550310303004
550310301005
550310303003
550310203003
550310208003
550310303005
550310206001
550790144001
550791201011
550791503042
550291001001
551091202011
550219702002
550219703001
550219703003
550219704002
550619605002
550619601003
550499505001
550499503002
550499503001
550499502001
550499504001
550499502003
550499505002
550499501001
550499506003
550499501002
550250016042
550250005035
550250016031
550250016051
550250114021
550250108002
550499502002
550499506004
550499504004
550499505003
550499506002
550499501003
550499503003
550499506001
550790601021
550790144002
550791870001
550791869001
550791870002
550791602041
550790001023
550791204002
550791201023
550219704004
550219705003
550219707002
550219707004
550219708002
550350008012
550350008014
550019504002
550019504004
550250125015
550250109044
550250137001
550250111027
550250133012
550250003001
550250004081
550250004052
550250004051
550250005044
550250004061
550350008031
550791601004
550791601002
550791602033
550791602043
550791602042
550791009001
550791602022
550219710001
550219712001
550219712004
550219702004
550219705004
550219711002
551379602001
550250002042
550250002053
550250002052
550250109031
550250005033
550250005042
550250108005
550310204003
550310205001
550310205002
550310205003
550310206002
550791602024
550791010002
550791201022
550791401002
550791503041
550791501002
550791501004
550279618001
550590021003
550590030023
550590005004
550590006024
550590006015
550590029062
550250108003
550250107011
550250011021
550250011011
550250011022
550250016043
550250016032
550250016052
550250016063
550791009003
550791601003
550791204005
550790074002
550790702003
550790133001
550791603002
551314101003
551314101004
551079605004
551079602001
551079605002
551079604001
551079603002
551079601003
550590029043
550590006022
550590025002
550590025001
550590026013
550310206003
550310206004
550310207001
550310207002
550310208001
550310208002
550310209001
550250017051
550250125021
550250105011
550250016044
550250017042
550250017041
550250016062
550250017053
550250018042
550250025002
550310210001
550310301004
550279609002
550279610001
550279610002
550279611002
550279612002
550279613001
550279613003
550279613004
551079601004
551079605001
551079603001
551079602002
551079605003
551079604003
550279613005
550279616001
550279617003
550279618003
550279619003
550279619001
550279619002
550279620001
550279620003
550279606003
550279614003
550679606004
550679607001
550790003011
550790022002
550679607002
550790069003
550790909004
550790911003
550790098001
550790089002
550790067002
551314001031
551314001033
551314001022
551314101002
550279609003
550291004002
550390413003
550390413004
550390414003
550390414005
550390415002
551314702031
551314201033
550590026011
550590021004
550590010002
550590003001
550590006014
551091202012
551314001021
551314201041
551314201032
551314301003
551314202001
551314203004
551314401051
551314402004
551314201043
551314601011
551314401062
550250026023
550250026032
550250026021
550250114022
550250125022
551010028001
551010017011
550790066003
550799800001
550790075003
550790088002
550790099002
550790088001
550791874001
550790097002
550590006021
550590018002
550590030011
550590030013
550590026012
550019504003
550019501001
550019507003
550250114013
550250114012
550250122024
550250111024
550250111022
550250120013
551010017063
551010021001
551010021003
551010017025
551010017024
551010018022
551010017062
550790301002
550791503032
550790141001
550790128001
550790501014
550791003001
550790198005
550791805003
550019504001
550019505022
550459608004
550459607002
550150201002
550870132002
550459605003
550459605004
550459606002
550459606003
550459608001
550459608002
550870131003
550870133001
550870112001
550150204001
550150204002
550150204003
550150203032
550679604001
550790047002
550790047003
550790047004
550790048001
550790048002
550790048003
550790048004
550790049001
550790049002
550790049003
550790050001
550790050002
550790075001
550790075002
550790076001
550790076003
550790077002
550790077003
550790078001
550790050003
550790050004
550790051001
550790051002
550790051003
550790052001
550790052002
550790054002
550790054003
550790054004
550790055001
550790055002
550791006001
550790035004
550790170004
550790909001
550790703001
550790026001
550790092001
550790062001
550790147001
550790065001
550790045003
550790078002
550791802004
550790199002
550790055003
550790055004
550790055005
550790056001
550790056002
550790057001
550790057002
550790058001
550790058002
550790058003
550790059001
550790070003
550790136002
550790033001
550790196003
550790060001
550790174001
550790025001
550790909003
550790081002
550790218001
550791015003
550790020003
550790147002
550790059002
550790059003
550790059004
550790060003
550790061002
550790062003
550790062004
550790063001
550790063002
550790063003
550790064001
550790064002
550790064003
550790065003
550790090002
550790134001
550790161002
550790170001
550790187001
550790202001
550790701002
550790908001
550791012002
550791202023
551211006001
550790002012
550790003021
550790003031
550790004001
550790005012
550790005023
550790006002
550679606002
550679605002
550679603003
550679604002
550679606003
550679603002
550679601001
550679601003
550679606005
550791856002
550791865001
550790170005
550790158003
550790137002
550790042002
550790193002
550790016002
550790909002
550790701005
551211004002
551211007001
551211001003
551211008001
551211003002
551211006002
551211002001
551211005001
551211007003
551211001002
551211003001
550790006004
550790006005
550790007001
550790007002
550790008001
550790008002
550790009002
550790010001
550790011002
550790012002
550790061003
550790054001
550791701002
550790204003
550791013003
550790183003
550790045002
550791857002
550790014001
550790031004
550790910006
550790137001
550790091001
550679606001
550679605001
550679604003
550679603001
551211001001
551211004001
550790013001
550790015001
550790015002
550790015003
550790016001
550790017001
550790017002
550790017003
550790017004
550790017005
550790018002
550790018003
550791703001
550790108001
550791013002
550790196004
550790207005
550790019001
550790019002
550790019003
550790019004
550790020001
550790020002
550790021001
550790021002
550790021003
550790022001
550790023001
550790023002
550790023003
550790023004
550790023005
550790024001
550790024002
550790024003
550790025003
550790026002
550790026003
550790027001
550790027002
550790029001
550790029002
550790030001
550790030002
550790030003
550790030004
550790031001
550790031002
550790031003
550790032001
550790032002
550790032003
550790033002
550790033003
550790033004
550790033005
550790033006
550790034001
550790034002
550790034003
550790035003
550896603012
550896603032
550896401004
550679601004
550790036001
550790036002
550790037001
550790038001
550790038002
550790038003
550790039001
550790039002
550790039003
550790040001
550790040002
550790040003
550790041001
550790041002
550790041003
550790042001
550790042003
550790043001
550790043002
550790043003
550790043004
550790043005
550790043006
550790043007
550790066001
550790066002
550790067001
550790068001
550790068002
550790068003
550790044001
550790044002
550790044003
550790045001
550790046001
550790046002
550790046003
550790046004
550790047001
550790069001
550790069002
550790070001
550790070002
550790070004
550790071001
550790072001
550790072002
550790073001
550790068004
550790073002
550790073003
550090207041
551211004003
551211005003
551211006003
551211007002
551211008002
551211002002
551211005002
551211008003
550630103003
551010006006
551010001001
551010013023
550630104011
550050008001
550050008003
550250130001
550250126002
550250127002
550250119002
550250012004
550259917030
550250022001
550250001002
550250002021
550250121001
550250131002
550250106001
550250115051
550259917020
550250120024
550250021003
550250008003
550250030013
550250120023
550250131001
550250129002
550250132005
550250014032
550250117002
550250003003
550250104001
550250112004
550250112003
550250121003
550250120021
550250119004
550250131004
550250112002
550250117001
550250106004
550250118003
550250015011
550250115053
550250124001
551351009003
550730019007
550819505002
550699603002
550699607001
550699604001
550699605001
550699603001
550699610002
550699602003
550170102002
550790181002
550790182001
550790183001
550790183002
550790184001
550790184002
550090213021
550090207032
550790185001
550790185002
550790186001
550790186002
550790186003
550790187002
550291008003
550291009001
550779602001
550779603001
550779602003
550779601001
550779604001
550779604003
550779605002
550779603002
550779603003
550779601002
550779605001
550779602002
550779605003
550779604002
550759610004
550759611002
550759611003
550999701002
551091209033
551091203004
551091204004
551091205012
551091205022
551091205013
550390417004
550390419005
550390420003
550390421004
550390401001
551410104001
551410104003
551410105001
551410105002
551410106001
551410106002
551410106003
551410106004
551410107001
551410111003
551410112001
551410108001
551410109003
551410108003
551410107002
550390401002
550390401003
551410107003
551410107004
551410109001
550790187003
550790191002
550790191003
550790192001
550790192002
550790192003
550790192004
550790193003
550790193004
550790194001
550730007002
550730008001
550730008002
551410110001
551410110006
551410111001
551410111002
551351006001
551351006002
550790188002
550790189001
550790190001
550790190002
550790190003
550790190004
550790190005
550790191001
550730005003
551410110002
551039701002
551039705001
551039702004
551039705004
551039702002
551039702003
551410110003
551410110004
551410110005
551039701001
550730009002
550730010001
550730010002
550730010003
551410101001
551410101002
551410101004
551410114004
551410113005
550730006011
550730006012
550730006021
550730006022
550730006023
550730007001
550019505011
550050002003
550019502011
550050008002
550019502021
550790078003
550790176002
550791866002
550790179001
550790179002
550790179003
550790179004
550790180001
551410102001
551410101005
551410102002
550090016004
550291005002
550291008001
550291004001
550291008004
550291010001
550291010002
550291001002
550730009001
550730011031
550291005001
550291003001
550291003002
550291005004
550291006001
550291009002
550299900000
550291007003
550291006003
550291007004
550291005003
550279607002
550291006002
550291007002
550291007001
550291008005
550291008002
550390401004
551151011001
551151008003
551151001003
551151001001
551151004002
551151007002
551151008004
551151010001
551151011003
551151006001
551131004002
550710105002
550710102001
550710004001
550710007001
550710103003
550710104004
550710102004
550710101003
550710005002
550710102003
550710052001
550710006005
550710106003
550710054002
550710104001
550710101004
550710103001
550710104005
550019501003
550050010011
550019502022
550730011021
550730007003
550730022002
550959606001
550959603003
550959607002
550959606002
550959603002
551351011005
551351011004
551351009001
551351008002
551351001001
550339706002
550199508001
550199508002
550630102013
551332012032
550119605002
550630103002
550630107002
550630101012
551332015063
550371902002
550371902001
550371901002
550730002001
550790004002
550790005011
550790005013
550790005021
550790005022
550790006003
550790007003
550790003042
551010027024
551010013025
551010011002
551010017023
550790002021
550790002022
550790002023
550790003032
550790002013
550790003041
550896201002
550896201003
550896201004
550896301001
550790009001
550790010002
550790011001
550790011003
550896301002
550896302011
550896302012
550896302014
550896302022
550790072003
550790108002
550790146001
550790208002
550790401001
550790804002
550896401001
550896603033
550896603034
550896101013
551351009002
551351009004
551351009005
551351010001
551351010005
551351010003
550250031002
551390015003
551390003002
550090202042
550090202043
550090207043
550090205042
550896401002
550896401003
550896402001
550896402003
550896501011
550896501012
550896501013
550896501014
550896501021
550896501022
550896502001
550896502003
550896503002
550896503003
550590029044
550590010001
550590001005
550590017002
550590019003
550590020001
550250115042
550250115041
550250125011
550896502002
550250014031
550250133011
551010020022
551010020023
551010016011
551010015041
551010004004
551010011001
551010012022
550790701003
550791008002
550791008001
550791703002
550791701001
550791801002
550791705002
550790215002
550790085002
550791014003
550790035002
550790053002
550790602002
550790170003
550790910001
550790018001
550790157003
550790060002
550710106001
550710106002
550710107002
550710107003
550250133021
550250122021
550250003004
550250004053
550250004054
550250005043
550250004082
550710052002
550710052003
550710053002
550710053003
550710054003
550710054004
550710102002
550710104002
550710105001
550899900000
550896402005
550710006002
550710006003
550710006004
550710007003
550710007004
550710007005
550710008001
550710008004
551259507003
551259400002
551259506001
551259400001
551259506003
551050013021
551050020001
551050026022
551050006002
550390413002
550350008032
550350008021
550350008022
550150201001
550150201004
550150207001
550150203081
550150208001
550150203063
550150203043
550150203033
550390405002
550390415001
550390420004
550390422001
550390402002
550390405001
550390409004
550390413005
550390419006
550390404001
550390416001
550390416002
550390408005
550390414001
550390422002
550390414002
550390419007
550390422004
550390418001
550390419004
550390404003
550390421002
550390407001
550859701021
550859710022
550859701013
550859701011
550859706023
550859706022
551270001015
551270009011
551270009021
551270009022
551270003013
551270017021
551270017011
551270015012
551270015013
551270001021
551270003026
551270005012
551270017023
551270016024
551270015022
551270016042
550390416003
550390411003
550390407003
550390403002
550390402003
550390408002
550390420002
550390419003
550390421001
550390405004
550390408003
550896302021
550896603041
550896603014
551110010012
551110009003
551110004022
551110008002
551110010022
550150208003
550150203082
550150203042
550350017002
550350017001
550859710012
550859708003
550859706021
550859710023
550859709002
550859710011
550859701023
550090207042
551050001001
551050014003
551050013041
551050015002
551050017001
550150203062
550150205001
550150208002
550150203041
551110001003
551110010013
551110004012
551110007001
550090017023
550090207033
550090016002
551314001043
551314401032
551314401061
551314001041
551314401052
551314501063
551050012022
551050013043
551050013032
551050012013
551050012023
551050020002
551050021001
551131005003
551050023001
551050012012
551050013042
550219704001
550219705001
550219701002
550219712003
550219701001
550219710002
550219706003
550789401011
550789401021
550789401022
550019501002
551270003012
551270007011
551270007023
551270009014
551270015024
551270015025
551270016032
550859709003
550859708002
550859701012
550859706012
551270003011
551270007013
551270007021
551270009012
551270005022
551314501051
551314401041
551314401031
551314501062
551314001032
551270007024
551270007012
551270015021
551270016021
551270016022
551314001042
551314201051
551314201053
551314501052
551314501061
550979603002
550590026023
550590004003
550590029052
550590006013
550590029031
550590006023
551314201052
551314501041
551314501042
551314702041
551314201062
551314204022
550979603003
550979603004
550979604001
550039504003
550039503001
550979604004
551314204012
551314501031
551314702033
550710008002
550710001004
551151007001
551151006002
550710051003
550710007002
551410106005
551410105003
551332045012
551410113003
551410111004
551410112002
551332029014
551332033041
551332039013
551332022025
550250107021
550250109041
550250011012
550250016061
550250105012
550250016041
550250109042
550250111025
550250133023
550250016064
550250111023
550250111026
550250137002
551332044002
551332017041
551332040031
551332039023
551332036013
551332044001
550339707002
550339707001
551332029013
551332015032
551332019001
551332017034
551332001023
551332043021
551332002012
551332001024
551332001022
551332017031
551332002023
551332002011
550630104012
550630001004
550630102014
550630105004
550630104013
550630105002
550630009001
550630010001
550630010002
550630010004
550630011011
550790803002
551010020021
551010021002
551019800001
551010024012
551010024013
550630008003
550630008004
550350005013
551010011004
551010007004
551010005005
551010015053
551010010013
551010014008
551010024014
551010024021
551010024022
551010024023
551010026002
550699601002
550699605002
551332033062
551332005002
551332017032
551332017033
550350005021
550350005023
550350008033
551332033051
551390023003
551390024001
551390024004
551390025001
551390025003
551390025004
551390005006
551390022012
550090007004
550090010001
550090011002
550090020031
550471005002
550471005001
550090207044
551091203003
551050002001
551050002002
551010016021
551010017012
551010009034
551010009041
551010009042
551010009043
551010010011
550471004004
550471003003
550471002002
550471004003
550471001002
550471003001
550471001003
551010010021
551010010022
551010010031
551010010032
551010010033
551010010034
551010011003
551010011005
551010012011
550471006001
550471005003
550471004002
550471003002
551110003004
551110004011
551110005002
551110001001
551110003002
550039508001
551010012012
551010012021
551010012023
551010012024
551010012025
551010013014
551010013021
551010014001
551010014002
551110006002
550791016005
551110008001
551110011002
551110004021
550759612001
550439606001
550439601002
550439608003
550439612001
550439609003
550439604001
550439603001
550439611001
550439612002
550439603002
550439609002
550439604002
550439604003
550439601003
550150205003
550090213022
550390401005
550390403001
550390403003
550390403004
550039503002
550039504002
551050028004
551050004002
551050007003
551050011003
551050022002
551050026013
551050033002
551050029004
551050011004
551050027001
551050017003
551050029003
550791872002
550791853001
550791861002
550791872003
551091201001
550390405003
550390407002
550390404002
550390408001
550039508002
550039508003
550870101001
550870116005
550790910003
550459604003
550170103005
550170104002
550170105001
550170103004
550390407004
550390411004
550390407005
550390402001
551332014043
550630009004
550630012001
550630012003
551332030001
551131004003
551139400001
551131008002
550896602021
551050013031
551050013023
550791857003
551050013024
551050014001
551050014004
551050014002
550730019006
550730020001
550730020002
550730020003
550730020004
550590028004
551379607002
551379601003
551379603002
551050015001
551050016002
551050016004
551050013025
551050017002
551050018001
551050018002
551050018003
551050018004
551050019001
550710105003
550551016004
550551013003
550551015002
550551016003
550730002003
550730021001
550730021003
550730021006
550730022001
550939604001
550790084001
550790084002
550790085001
550790086001
551259505002
550590023004
550590024001
550590024002
550590024003
550590026022
550590026024
550590029032
550590029042
550590029053
550590029061
551091202022
551091201002
550590003002
550590003003
550590004001
550590004002
550590004004
550590005001
550590005002
550590005003
551332023011
551332038044
551332009022
551332019003
551332041004
550250113022
550831009003
550831010002
550831011002
550831012001
550831013001
550839900000
550831005003
550831007003
550831010001
550831012003
551332040021
551332035002
551332023023
551332042003
551332037021
551039704003
551091203001
550699602002
550699607003
550699608001
550699608002
550699608003
550699609002
550699609003
550699610003
551332014031
551332040044
551332008031
551091209012
551091205021
551091209011
551170109002
551170108001
551091209043
551332035001
551332024003
551332008043
551332020013
551332042002
551332038031
551332014032
551332023012
550090020014
550090020015
550090020016
550090020017
550090102013
550090102021
550090103003
551332031033
551332008012
551332038032
551332023022
551332018001
550079603002
550079604003
550079604001
550079602001
550079900000
551332041003
551332036011
550079606002
551390037012
551390005001
551390001002
551390027002
551390022021
550090003022
550090003023
550090003032
550090004011
550090004013
550090004014
550090004021
550090004022
550090005002
550090005003
550090006001
550090007003
551390015002
551390026013
551390021002
551390022011
551390026011
551390011004
551390030002
551390010002
551390024002
551390002003
551390034003
551390010001
551390022013
551332001013
551332001014
551332021022
551332038045
550090007001
550090008002
550090009001
550090009002
550090009003
550090009005
550090012001
550090013001
550090013002
550090013004
550090014002
550090014004
550099400021
550099400032
551332043013
551390016002
551332038021
551332022022
551332011023
550759614004
550759614005
550079603003
550079604004
550079601001
550079606001
550079604002
550759615001
550759615003
550759602002
550759609002
550090017022
550090018011
550119603001
550119601001
550679607004
550099400022
550090017011
550090020011
550090103002
550090201002
550090209002
550090001001
550090001002
550090012002
550090006002
550090211001
550090213032
550090205032
550090210001
550099400014
550090004012
550090002003
550099400043
550090003021
550090014003
550090205023
550090016001
550090009004
550090020013
550090004023
550590014002
550590015001
550590015002
550590017003
550590012003
550571003003
550730013003
550730003004
550730016004
550730011034
550730021002
550730005002
550730016003
550730017001
551332029021
551332013002
550590030012
550590008003
550590027001
550590021002
551332038043
550590001003
