560130001001
560139403004
560139404005
560130004001
560139401002
560130002002
560130001002
560139403005
560130003001
560050003003
560139402023
560139404002
560379707003
560379706013
560379706022
560050007001
560050001001
560050001002
560050005002
560050003001
560050007002
560050002003
560050006001
560050002002
560050006003
560299651002
560050003002
560050003004
560050004001
560050004002
560379706014
560179678001
560210012001
560210012002
560210012004
560210013001
560210013003
560210014011
560210014013
560210014021
560210013002
560050001003
560050002001
560050002004
560050001004
560210005013
560299651001
560299653004
560299652001
560299653005
560299654003
560299655002
560299655001
560299652003
560299651003
560299653002
560299651004
560430003021
560299652002
560299654004
560299654001
560399677011
560399677021
560399678002
560399677022
560399676003
560399678004
560210005015
560419753003
560019635001
560019631001
560419754003
560330001002
560330002001
560330002002
560179678002
560379709021
560379710001
560139402011
560139402013
560139403002
560139405002
560130003003
560139404001
560250016021
560250018002
560250011001
560250010001
560250017002
560250006003
560250006004
560250012001
560250014012
560250016031
560250006002
560430003011
560430003013
560430003012
560430002003
560430002002
560430002001
560279572002
560330006002
560430003022
560019628002
560210015022
560379709011
560350001021
560350001022
560350001011
560350001012
560279572003
560279572001
560379709031
560210010004
560210011003
560210011001
560250003002
560250003003
560250004001
560250004002
560250004004
560250008003
560250009011
560250009012
560250009013
560250009021
560399677012
560399677023
560399676001
560250009022
560250009023
560250010002
560250011002
560250012002
560250017001
560330003002
560330003003
560330004001
560330004002
560210015021
560250004003
560250014011
560299652005
560299653003
560299653001
560299652004
560130002001
560139401003
560139402021
560139403001
560139403003
560139404003
560139404004
560139405001
560139405003
560379706021
560239784001
560039628001
560039628004
560250016022
560250018001
560250018003
560250016032
560159578002
560159579003
560159577001
560159580001
560159579002
560159577002
560079681001
560079678003
560330005002
560330005005
560379712001
560379711003
560250002001
560250002003
560250003001
560039628003
560039626002
560039627001
560039626001
560039628002
560250005011
560250005012
560250005013
560250005021
560250005022
560239781003
560239782002
560239784002
560239781004
560239780001
560239781001
560330004003
560330001004
560330001003
560330005001
560330005003
560330006001
560330006003
560399678001
560330001001
560330002003
560130003002
560139402012
560139402022
560139402024
560139401001
560379709014
560379709022
560379705001
560399677024
560399678005
560399676002
560419754004
560099566003
560099564001
560099564003
560050004003
560419753001
560419752001
560419754001
560419753005
560419752003
560419753006
560419752002
560419752004
560210015012
560379709013
560379711001
560379706023
560379709023
560399678003
560079676001
560079678001
560079677003
560079677004
560079677002
560079680002
560079680001
560079680003
560079677001
560079676002
560079681002
560079678004
560079678002
560050006002
560050007003
560050005001
560250002002
560459511001
560459511002
560459513003
560459513001
560459513002
560210010001
560210007001
560210009003
560210020002
560210020003
560210015023
560210003002
560210019021
560239780004
560210004021
560210007002
560210002001
560210004023
560210005012
560210006001
560210006002
560210006003
560210006004
560210007003
560210008003
560210008002
560210009001
560210009002
560210009004
560210010002
560210010003
560119503002
560119502003
560319591001
560319594001
560319594004
560319594006
560319594007
560319594003
560319594002
560319594005
560319591002
560330005004
560019636003
560159580003
560159580002
560159579001
560159578003
560330003001
560019636004
560019637002
560019637003
560419753002
560419753004
560419754005
560419754006
560419754002
560039627002
560159579004
560159578001
560379708003
560379708004
560050004004
560050005003
560119502002
560119502001
560119503001
560099566002
560099565002
560199552002
560199552003
560199551001
560199552001
560199552004
560299654002
560299655003
560099567001
560099564004
560099566001
560099564002
560099567002
560099565001
560239782001
560239780003
560239781002
560239784003
560210013004
560019628001
560379705002
560019627001
560019627002
560019637001
560210002002
560210002003
560210003001
560379707002
560379716001
560379708001
560379709032
560379707001
560379712002
560379709012
560379710002
560379716002
560379706011
560379708002
560039627003
560379711002
560210020004
560210020001
560219808011
560210019022
560210019011
560210019012
560210019023
560019639002
560019629001
560019637004
560019639001
560019631002
560019634001
560019634002
560019634003
560019634004
560019635002
560019636001
560019636002
560019629002
560019630001
560019630002
560019631003
560019631004
560210004015
560210019013
560210015011
560210015013
560210014012
560210014022
560210011002
560210005011
560210012003
560210005014
560210004014
560210004012
560210008001
560210004011
560210004013
560210004022
560239780002
560379706012
560250006001
560250007001
560250007002
560250007003
560250008001
560250008002
560179679002
560179679001
