600109501001
600109501002
600109502001
600109503003
600109505001
600509516004
600109502002
600109503001
600109503002
600109505002
600109505003
600109506001
600109506002
600109506003
600109507002
600109507001
600109507003
600109509001
600109509002
600109509003
600109509004
600209518001
600209518002
600309519001
600409520001
600509510001
600509511003
600509510002
600509512032
600509511001
600509511002
600509512011
600509512012
600509512021
600509512022
600509512031
600509512033
600509513001
600509513002
600509515001
600509516001
600509516002
600509516003
