660109900000
660109509002
660109509001
660109507025
660109558002
660109530003
660109558003
660109558005
660109558004
660109558006
660109563002
660109563003
660109563005
660109563004
660109558001
660109558007
660109558008
660109558009
660109563001
660109511003
660109516003
660109507016
660109529003
660109559001
660109508012
660109507014
660109507015
660109507017
660109557004
660109501003
660109501004
660109501005
660109502002
660109552003
660109545005
660109544005
660109561001
660109561003
660109518001
660109527005
660109562001
660109562003
660109562004
660109554001
660109562005
660109502005
660109502004
660109547002
660109551001
660109553002
660109556002
660109503007
660109510003
660109539002
660109551003
660109539001
660109527003
660109552002
660109539003
660109502001
660109510001
660109545002
660109510002
660109545001
660109501001
660109501002
660109503009
660109561002
660109503001
660109508011
660109508013
660109504016
660109504014
660109504015
660109504011
660109508014
660109510007
660109511004
660109509003
660109509006
660109519014
660109504023
660109505011
660109504012
660109504013
660109502003
660109505012
660109519012
660109519022
660109507021
660109507023
660109505021
660109505023
660109557007
660109507011
660109508022
660109508023
660109507012
660109510004
660109511001
660109557006
660109557003
660109511005
660109529005
660109529002
660109530004
660109503003
660109503004
660109503005
660109503006
660109503008
660109534002
660109536005
660109536002
660109536003
660109536004
660109540001
660109543002
660109544002
660109545004
660109551002
660109547001
660109533003
660109509007
660109509005
660109510006
660109510005
660109516001
660109517001
660109509004
660109511002
660109804001
660109523001
660109523002
660109523003
660109524002
660109522001
660109522003
660109503002
660109522004
660109527002
660109529004
660109530001
660109527001
660109528002
660109529001
660109533004
660109533002
660109535001
660109553001
660109522002
660109529006
660109519013
660109517002
660109524001
660109516002
660109533001
660109534001
660109559002
660109527004
660109556001
660109530002
660109531011
660109531021
660109544003
660109544001
660109539004
660109536001
660109531023
660109557005
660109803001
660109548001
660109545003
660109562006
660109548004
660109548003
660109504021
660109543001
660109544006
660109548002
660109552001
660109519025
660109505022
660109557002
660109528001
660109540002
660109544004
660109557001
660109508021
660109508024
660109519024
660109504022
660109507022
660109505025
660109519021
660109519023
660109507024
660109505024
660109507013
660109530005
660109519011
660109511006
660109531022
660109560002
660109510008
660109560001
660109559003
660109531012
660109531013
660109801001
660109532001
660109532003
660109532002
660109561004
660109544007
660109551004
660109802001
660109562002
660109547003
