690859501001
691009501001
691009501002
691009501003
691009900000
691100001001
691100011001
691100015003
691100017003
691100017004
691109900000
691209501013
691209900000
691209502001
691100001002
691100015002
691100002001
691100002002
691100003001
691100006002
691100007002
691100016002
691100017001
691100003002
691100004001
691100004002
691100009001
691100005001
691100015004
691100017002
691100005002
691100007001
691100006001
691100015001
691100015005
691100006003
691100007003
691100016001
691100008001
691100010002
691100014002
691100008002
691100009002
691100014003
691100009003
691100010001
691100012001
691100012002
691100013001
691100013002
691100013003
691100014001
691209501011
691209501021
691209502002
691209501012
