720714101003
720714102001
720714102002
720714104024
720714104021
720714104022
720439542004
720252018002
720252016001
721537506013
720714106001
720714105001
720714105003
720714106002
720714107012
720714107011
720714107021
720714107022
720714107023
721270012002
721270013011
720775001004
720775004021
720775001005
720775002005
720775004013
720775003013
720775004011
720775001002
720775001003
720775002003
720775002004
720119900000
720118106001
720118102002
720714106003
720714104012
720719900000
720714106004
720252021002
720714103003
720714104023
720714101001
720714105002
720714103001
720133016001
720210318001
720210319001
720210319002
720210320001
720210311131
720210311141
720210312013
721179596003
720691809011
720210315012
720210315022
720210315031
720210316112
720210316111
720210316124
720210316122
720210316211
720210316221
720210316312
720133019001
720133003012
720133013003
720133001011
720133023002
720133003021
720133017001
720133019002
720133019003
720133018001
720210317022
720210317023
720210317024
720210317031
720210317032
721179596001
721179904000
721179596004
721179594002
721031702004
720871103032
720871101021
720133003022
720133013002
720133016004
720133008001
720133011002
720133019004
720133018002
720210321002
720210322001
720210310331
720210319003
720210319004
720632105031
720133003023
720133003011
720133003013
720133004001
720133004002
720133005001
720133007001
720133007002
720210309032
720210309041
720210309042
720210310332
720210310041
720210310052
720210310051
720210312031
720210310232
720210310311
720210310312
720210310314
720210311011
720210311012
720210311231
720210311232
720210312011
720210312012
720210312023
720210312032
720210310131
720210313011
720210313013
720210310111
720210310112
720210310114
720210310133
720210310231
720210310134
720210310211
720210310213
720210311212
720210311252
720210311251
720210311241
720210311132
720210311133
720210311142
720210311211
720210311222
720210314031
720210313071
720210313061
720210313052
720210313051
720210314011
720210314021
720210314022
720210314032
720210314033
720210315011
721355106022
720118107001
721355105052
721355105042
721355105021
720210313041
721355105022
720210301041
720210310132
720210318004
721355106021
721355107021
721355106023
721355104001
721355104002
720210301043
721355103002
720210301042
720210314013
720210321001
720597403002
720515405003
720210317013
721339537003
721339538001
721339538002
721339537002
721455608023
721455608022
721339533002
720597403001
721339535002
721339535003
720133012003
720210316322
720210316321
720133014001
720210316411
720210316412
720210316511
720210317011
720210317012
720210317021
721355104003
721355101012
721355102001
720559615001
720559614001
720531504002
721339536003
721339537001
721339538003
720118107004
721355103001
720339800011
721355107011
721355107012
720531502003
720531503011
720531503013
720531503021
720531503022
721292204022
720757108004
721355102003
720412401013
720531504004
720739562002
720739562004
721270096011
721270096022
721390603022
721270096031
721270096032
721270096141
721270096241
721390601042
721270096242
721270098003
721270098004
721270098005
721270099011
721270099012
721270099021
720739561002
721355101021
721355101022
720118107002
721455601003
721455602012
720210313062
721355102002
721455603002
720210313012
721455604022
721455605001
721455605002
721455607011
720597403003
720597401021
720597402001
720597401023
720597401011
720412406011
720412401011
720412401022
720412402021
720412403002
720412402012
720092502001
720092503002
720252002003
720252003025
721371218011
721519508001
720597404003
721435502002
721435503003
720210309012
720210309022
721435501003
721435505004
720092504002
720092503001
720034304021
721371221001
720459517002
720459519002
720459521003
720310501032
720252003023
720539901030
720252014001
720252014002
720252015001
720252015002
720252015004
720252016002
720459518002
720459520002
720252017002
720252018001
720252019002
721153301004
720798501011
720798501023
720798503002
720799911000
720798504002
720798503003
720798501024
720798501022
720798501021
721153301002
721153304001
721537502023
721537505013
721270052141
721219603003
720412401021
720412405003
721270056012
721270009004
721270087003
721270100422
721270101002
721270013023
721270052152
721270052142
721279800001
720133023001
720798501012
720959514002
721355101013
721355101014
720252028002
721355105041
721355105034
721355105031
721355101011
720252027011
720252027022
721371213001
721371214001
721371217022
720310504023
720310509024
721519507001
721519509001
721519513001
721519506003
721519512002
721519506004
721519507002
721519509002
721519512001
721519506002
721519508003
721519507003
721519509003
721371202002
720310504024
720310510023
721497203002
721497203003
721497205021
720559613001
720559613002
721371204001
721371217021
721371208003
721371209003
721371218023
721371203001
721379900000
721371202003
721371205001
721371206001
721371222011
721371206002
721371204002
721371202001
721371210023
720291001042
721031702001
721270098001
721270098002
720310510022
720310501111
721390601032
720291004002
721435504002
720291006022
720291004004
720291001031
721031701002
721031703004
721031704003
721031701003
721031702002
720291005031
720291001032
721031701001
720757108002
720757107002
720757105002
720798502001
720252028005
720199522023
721039900130
720757110023
720757101021
720757103021
720757101022
720133021004
720133022021
720133022023
720133022022
720133022011
720133022012
720798502003
720199522021
720199522011
720199525004
720199523021
720199522012
720199523023
720199523011
720199525001
720891403003
720891403004
720531502002
720531502004
720798504003
720899900010
721371206003
721371207001
721371208001
720152801023
721191301021
721191304011
721191304012
720273206002
720279900000
721319592002
721390601041
721390602222
721270099034
721258405002
720054014022
720054014021
720054014023
720559612002
720559609003
720559612001
720559609002
720559609001
720559610002
720559611002
720572702011
720572703004
720572705001
720531505001
720531505003
720531505004
720531501043
720531502001
720531501021
720531503012
721537504003
720531501022
720531501042
721537504005
721537505012
721537505022
721537505031
721537505032
720399559001
720399556001
720399557001
720399557002
720399557003
720319800031
720054004003
720054005011
720054005012
720054005021
720054004002
720054005022
720054006001
720054012002
720054013011
720054013012
720054013013
720054013022
720054013023
720054014011
720054014012
720054014013
720499505001
720310511031
720599900010
720597402003
720459517003
721537506021
721537506022
721537505021
721459900000
720399558001
720054006002
720054006003
720054007001
720054007002
720054007003
720054008001
720054009001
720054010001
720152801011
720152801022
720152801021
720152802011
720152802013
720152802014
720152802021
721455606002
721270016002
720545802001
721219607002
720970821042
720970804001
720970818001
720970801001
720970806002
720970809002
721117307003
721117304001
720757103022
720851901023
720939602002
721371208002
721371209001
721371209002
721371210022
721355105051
721435502001
721435501001
721435503002
721435501004
721435502003
721435506013
721435501002
721455607014
721455607021
721455608011
721455608012
721435506022
721355105023
721355105032
721355105033
720653104001
720653104003
721355107022
721355106011
721435505001
721435505003
721435506011
721435506012
720054001005
720054008002
720054013024
720054001003
720054014024
720059900000
720054013021
720054001001
720054001002
720054001004
720054003001
720054004001
720714104011
720273203004
721390602231
720152802012
720152801012
721390602223
721390602133
720199523012
720352602011
720352609011
721270078003
721270083003
721270100123
721270100222
721270100323
720054009002
720273203001
721270101001
721270101003
721270102001
721191301014
721191301013
721191302003
721270099032
721270099031
721130715001
720291001034
720291001033
720291006011
720291006021
720291006013
720291006012
720291007003
720291005042
720291007004
720291005041
720291001041
720034304023
720632105041
720597402002
720572702022
721092902003
720175901004
721270099041
721270100011
721270100013
721270100014
720439541001
720439541002
720775003012
721537505011
720545801003
720653103003
721153302001
721153302002
721159900000
720371603002
721092901001
721092901002
721092902004
721092902001
720775004022
720775004023
721455609001
721319589002
721319590001
721319590002
720152802022
720152802024
721455609002
720994205003
720252017003
720252026014
720252025002
720210311213
720210317044
720210320002
720210314023
720210310212
720210312022
720210316113
720210310042
720252024025
720252028004
720252028003
720252026024
720252018003
720252027023
720252005006
720252027013
721179594004
721179595001
721191301023
720210316512
720210318002
720210301031
720210315021
720210311143
720210309011
720252024023
721019555001
720632105044
720632103003
720632104002
720252024041
720252026013
720252017001
720252026023
721390604041
720239800001
720238306033
720238301022
720238301011
720238306044
720238306043
720238301013
720238301023
720572703001
720572702021
720714101002
720714103002
721179595002
720994201001
720994202001
720352609012
720352602012
720352606002
721130715004
721130730092
721419576001
721519506001
720531501041
720531506011
720531506022
720531504001
720531506021
720399556003
720994205001
720994205002
720994201002
720994202002
720994204022
720994202003
720994203022
720994204011
720994201003
720994204012
720994204021
720994203011
720515402002
720798503004
721055202002
721055205001
721055204002
721055205002
721055204003
721055201001
721055202001
721055204001
720072304003
720994202004
720939601003
720851901021
720559610001
720559611001
720559615002
720559615003
720559614002
721092903002
720072303001
720072302002
720072304002
720072301001
720072305011
720072305023
720072304001
720072301002
720072305012
720072302001
720072305022
720412404013
720072303002
721092904001
721092903001
720072305021
720072302003
720610402001
720610406023
720610403032
720610404121
720610401031
720610406025
720610406021
720412402011
720412404021
720412401023
720412406012
720412404012
720412404022
720757102002
720757104002
721455607022
721455607023
721455607012
721455602041
720019567001
720759900010
720757101023
720757102001
720412404011
720412405002
720412406021
720757102003
720757103012
720210303003
720210309021
720210310321
720210311221
720210316311
720210315032
720210316123
720757103011
720757104001
720757106001
720739561001
721130705142
721179596002
721179594003
720252026025
721497201003
721497205042
721497205041
721497203004
720757106002
720610409003
720610403011
720757108001
720610404032
720610404421
721179594001
720891401011
720019566001
721270025003
721130721012
721130730023
721130730022
721130730093
721130701001
721270042001
721270019001
721270022002
721270039022
721270010001
721270012001
721270013021
721270018002
721270105002
720252024034
720412402022
720412405001
720412403001
721130727041
721130730021
721270034001
721270047002
721270046005
721270035021
721270105001
721270068001
721279801011
721270043061
720310501112
720310503112
720310508222
720310508032
720310511032
720310510012
720310501101
721497204001
721497201002
721497201001
720959516002
721130714022
721130716013
721130719002
721130724004
721130726001
721390604011
721270070042
721279801051
721279801071
721270054033
721270054032
721279801081
721292204023
721055201002
721055202003
721055203002
720034301002
720034305012
720034301003
720034305011
720054012001
720757103023
720757109022
720871105001
720871105002
721270005062
721279802001
720515406002
720632101001
720632105022
720632103002
720632101002
721130724005
721130727011
721130727012
721130727032
721130727034
721130727035
721130727042
721130729002
721130730101
721130730081
720610406011
720610406013
720610406026
720610406024
720610407002
720252003042
721390603024
721130727033
721130730031
721139930000
721390601021
721390601022
721390601023
721390602111
721390602112
721390602113
721258401002
721258402002
721258401003
721258406001
721258403002
721258403003
721258402004
721258407001
721258402001
721390602114
721390602122
721390603012
721292204021
720034301001
720034302004
720034303001
720034303003
720034304012
720034304013
720034304011
721390602123
721390602124
721390602131
721390602132
721390602221
721390602232
721390602233
721390603011
720273202001
720273202002
720034305022
721292205012
721292202002
721292204011
721292203002
721292206001
721292201002
721292207002
721292206002
721292207001
721292201001
721292205022
721270100121
721270100122
720034306011
720034305013
721371211003
721371211001
721371211002
721371212001
721371212002
721371212003
720678201004
721292202001
720175901001
720339800041
720339800061
720339800081
720330205002
720871103023
721270100021
721270100124
720054011001
720054010002
720339902010
720054003002
720054005023
721270100421
721270100423
721270100424
720871103022
720871103042
720851902011
720819577001
720819577003
720851901022
720851901024
721371217024
721371210012
721371224001
721435505002
720678203002
720678201001
720678201003
720199524001
720199523022
720199525003
720199522022
720199524002
720678204002
721079551002
721270013022
720678203001
720678201002
720678201005
720678204001
720678205001
720678205002
721258404001
720371601001
720371601002
720970816012
720970818003
720970816013
721270011002
721270096012
721279801031
721079551001
721079550013
721079548011
721079548021
721079549013
721079549012
721079550014
721079549011
721079548022
721079550012
721079549022
721079550011
721079550022
721079549021
721153302003
721079548012
721079548013
721079550021
721153301001
721153303002
720819579001
720238305031
720238305022
721319587001
721153303003
721153301003
721153303001
721153304002
721371222012
720798504004
720798502002
720210301032
720210302001
720210302003
720210303001
720210303004
720210303002
720210307002
720210308001
720371602021
720371602012
720371602023
720238305032
720252024033
720238306041
720839598001
720839599002
720839599001
720839597002
720839598002
720839599003
720839597001
720034306021
721319589001
721319593002
721319587002
721319592003
721319585003
721319585002
721319593001
721319588001
721319588002
721319595003
721319595002
721319595001
721319585001
721239526003
720545801002
720545802003
720545802002
721270100321
721270025001
721270087001
721270075002
721270006001
721270058001
720994203021
720238305024
720545802004
721239526001
721239527001
721239928000
721239526002
720439542002
721239532003
720915703003
721055205004
721239530002
720691805002
720691805003
720691806002
720691806003
720691806004
720691806005
720691807003
720691807004
721270005061
721031703002
721239527002
721239528001
721239528003
721239528004
721239529004
721239529003
721239530001
721239531001
721239531002
721239532002
721239527003
720851901011
720851901012
720851902012
720851902013
720851902021
720851902022
720851903011
720851903013
720851903022
720851903021
720851901013
720851903012
720238304003
720239900000
720915701002
720915707001
720919900250
720118103001
720118104001
720118104002
720118105001
720915701001
721055203001
721239532001
720915702012
720915703001
720915703002
720915703004
720915704002
721239529001
720915706002
720915707003
720915708001
721055205003
720118107003
720118105002
720210317043
720915704003
721055201003
720915705002
720915706001
720210318003
720210323021
720210310333
720118101002
720118101001
720118102004
720118105004
720118102001
720118106002
720118105003
720118101003
720871101011
720210323011
721310092001
720210317042
720210313072
720210310135
720879900000
720871101022
720118103002
720994203023
720118102003
720210323012
720597403004
721497204002
721310092002
721319587003
721319592001
721319593003
720515407001
720515403001
721199927000
720994203012
721339536002
721339900000
721339533001
721339538004
721319590003
721117303001
720757109013
720757105001
720757108003
720515402001
721191304021
721191306022
721191304022
721191306012
720572706002
720515405002
720519900210
720515401002
720515402003
720515401001
720515403002
720515404002
720515402004
721191307012
721191301012
721191307022
721191302002
721191306021
721191307023
721191307011
720515407003
720475302001
721455601001
721455603001
721455602042
721455606001
721455604012
721270084002
721270080013
721270080011
721117301002
721270079003
720330202003
720133015002
720133010002
720970821021
721419571002
720515404003
720515405001
720871102002
720515404001
720515406001
720515407002
720034306022
720352602022
720545801001
721455602043
721455609003
721455608021
720475306004
720475305004
720475302003
720915701004
720653102001
721270086032
721279801041
721270049001
721270049003
721270063005
721279801021
721270082011
721191305002
720757109011
720653101002
720653101004
721117301001
721117307001
720775002001
720775003021
720775003022
720775003023
720775004012
720775001001
720775003011
721270079002
721270047001
721270094001
721270091211
721270100022
721270096142
721270099042
720459518001
720459518003
720459517001
720459521001
721270096021
721270100322
721270099023
721270099033
721270105003
720915705003
720915708004
720915701003
720915702011
720915705001
721270049002
721270091222
721270096243
720915708002
720915702021
720459520001
721270071002
721270082022
721270102003
720252024042
721371222021
721371217011
720459519001
720572701001
720572707003
720572702012
720252028001
720252008003
720339800051
720330204221
720330204032
720330204033
720330204271
720339800071
720330205003
721371218012
721371221002
721371210021
721371214002
721371217023
721371214003
721371210011
720330204031
721019552011
721019554011
721019552012
720252001004
720252001005
720252002001
720252003045
720252003031
720252003036
720252003026
720252003034
720252001002
720252001003
720252003021
721270052143
721270100012
721292203001
720798504001
720034306014
720034305021
720273202003
721390605012
721390602121
721390605011
721390605021
721390605022
721390601031
721390601024
720970815222
720970817001
720970817002
720970817003
720970820012
720970820014
720970820121
721270067004
721270069001
721270067003
721270069002
721270070043
721270071001
721130701002
721130701003
721130702021
720970821022
720970821023
720970821031
720970821032
720970821041
720970816022
720970819004
720970820123
721419571001
721419572002
721419570001
721419570002
721419571003
721419569003
721419569001
721130730043
720757109012
720757109023
720757110022
720757110021
721130729003
721130729004
721130730041
721130705022
720352602021
721130702022
721130702023
721130703001
721130703003
721130704001
721130705021
721130705032
721419572003
721130705033
721419573003
721419574002
721419570003
721419572001
721419576003
721130730053
721419576002
721419569002
721130730044
721130730051
721130730052
721130730102
720034303002
720034306012
720034302002
721130730061
721130730062
721270073003
721270089002
721130712001
721419573001
721419573002
721419574001
721419575001
721419575002
721270089003
721270090001
721270090002
721270090003
721130705131
721130705132
721130705221
721130705222
721130705223
721031703003
721519900000
721130708001
721130709001
721130709002
721130709003
721130710002
721130722024
720632102011
721130725002
721130705031
721130704002
721130703002
721130710001
721130730042
721130725001
721130726003
721130717002
721130727031
721130713001
721130713003
721130719001
721130723002
721130730011
721130705141
721130721021
721130716022
721130722013
721130726004
720352603001
721270091112
721270091121
721270091122
721270091123
721270091124
721270091212
721270091213
721270091221
720352601004
720352607002
720352603003
720352605003
720352604001
720352605001
720352609021
720352604003
720352609022
720352601002
720352601003
720352603002
720352601001
720439539001
721258404002
721258404003
721258405001
721258405003
721258406003
720439545003
720439546002
720439540002
720939601001
720939602001
720939601002
720439542001
720439546001
720439540001
721130713004
721130712002
721130712003
721130713002
721130714011
721270076001
720352605002
721130714021
721130714023
721130715002
721130716011
721130716012
721130716021
721130722011
721130722022
721130725003
720175902004
721270052012
721270074001
721270074002
721270075001
721270076004
721270077001
721130716023
721130702011
721130722023
721130730013
721270078004
721130714012
720175902003
720175903001
720175903002
720175903003
720175904001
720175904002
720175904003
721270077002
721270077003
721270077004
721270078001
721270078002
721270078005
721270079001
720632102022
720175904004
720632102024
720632102012
720632105023
720632105021
721031704002
721130721011
721191301011
721130717001
721130718001
721130718002
721130718003
721130719003
721130719005
721130719006
721130720001
721270100221
721270073002
721270074003
721270069003
721270093001
721270099013
721270004002
721270006003
721270082023
721270007001
721270081002
721270082012
721270084004
721270082021
721270083004
721270084003
721270085002
721270085003
721270085004
721270021002
720352605004
720352606003
720352606001
720352607001
720352607003
720352608001
720352608002
720352608003
720352604002
721270009001
721270009002
721270022001
721270026002
721270023002
721270023001
721270024001
721130721022
721130721023
721130721024
721130722021
721270024002
721270025002
721270026003
721270026004
721270028002
721270028003
721270086012
721270086023
721270086013
721270086021
721270086022
721270029001
721270029002
721270030001
721270030002
721270034002
721270086025
721270086011
721270087002
721270089001
721390603023
721130722025
721270031001
721270032001
721270032002
721270033001
721270033002
721130730012
721130722026
721130723001
721130724001
721130724002
721130724003
721130726002
721130729001
721270091223
721270035011
721270035012
721270035013
721270093003
721270091224
721270091231
721270093002
721270035014
721270038001
721270091111
721270035022
721270036002
721270037002
721270037003
721270037004
721270037005
721270038002
720291001012
721270039021
721270039023
720291007001
720291007002
720291002002
720291002003
720291001011
721270081001
720179900000
720159915000
721270042002
721270043063
720291004001
720291004003
720291005021
721270044001
721270044003
721270045002
721270045003
721270046001
721270080012
721270080021
721270080023
720291008001
720291005022
720291005023
720291002001
720175901002
720175902002
721270048002
720175901003
720175902001
720175903004
721270046004
721270046002
721270047004
721270047005
721270049004
720273204021
720273203003
720273204012
720273204022
721270050004
721270050005
721270050002
721270050003
720970820122
721270050001
721019555002
720970819003
720970811002
720970812004
720970819001
720970820011
720970816021
720970816011
720970815121
720970820221
721270051021
721270051011
721270051012
721270051013
721270051031
721270051032
721270051033
721270052022
721270052011
721270052013
721270052021
721270052041
720475304002
721019553002
721270052042
721270052151
721019552021
721019554022
721019554013
721019552022
721019553001
721019552023
721019554012
721019553003
720970802002
720092505003
720092506003
721019554021
720970818002
720979900000
720970820013
720970815221
720970808001
720970803001
720970805002
720970820222
720970819002
720970808003
720970803002
720970802001
720970809001
720970801002
720970803003
721270054011
721270053001
721270053002
721270053003
720819583002
721270054012
721270054013
721270054014
721270054021
721270054031
721270055001
721270055002
720819583001
720819581002
720819578002
720819582001
720819578003
720819580002
720819578001
720819580001
720819584002
720819584001
720819577002
720970810001
720970805001
720970806001
720970808002
720970810002
720970811001
720970812005
720970812001
720970812002
720970812003
720970813001
721270056022
721270055003
721270055004
721270056011
721270059002
721270058002
721270058003
721270059001
721270060002
721270061011
720970813002
721270065003
720610408001
720819581001
720819579002
720819582002
720970815011
720970815012
720970815013
720970815122
721258403001
720970815123
720970815124
721270061013
721270061021
721270062002
721270062003
721270063002
721270063003
721270063004
721270063006
721270065001
721270065002
721270066001
720891402021
720610411002
721270066002
721270067001
720610404322
720610404422
720610404423
720610405003
720610405001
720610405002
720691804001
721479506003
721479900000
721479506001
720610403042
721479506002
721479505003
721479505001
721479505002
720610403043
720610403044
720610404033
720610404031
720610404111
720610404112
720891401022
720891401023
720891401012
720891401021
720891402011
720891402012
720891402022
720610406012
720610408002
720610403031
720610409002
720610401012
720610402002
720610401023
720610403022
720610401032
720610404323
721191305004
721191306011
721191307013
720610407003
720610401021
720610401011
720610404221
720610401022
721191303001
721191303002
720252016003
720610406022
720891403001
720891403002
720891402023
720610404113
720610404122
720610404212
720610404213
720610404214
721191307021
720610404215
720610404222
720610404223
720610404321
720610402003
720610402004
720610403021
720610403041
720273206003
720273205002
720273203002
720273205003
720273206001
720273204011
720273201001
720273205001
720273201002
720252001001
721191303003
721191304023
721191305001
721191305003
720252027021
720252025001
720252012003
720252023001
720252003024
720252019001
720252007002
720252027012
720252026021
720252005002
720252026022
720252013002
720252026011
720252003022
720252015003
720133004003
720133011001
720330202002
720252013001
720339800031
720330204251
720330205001
721258406002
721497205032
721239528005
721239529002
720691809021
720691809023
720610407001
720610409001
720252003041
720330204252
720330204034
720330202001
720330202004
720092501001
720092502002
720092501002
721258407003
720339800021
720330204233
720252003035
720252024031
720330204231
720330203021
720330204232
720330204261
720798503001
721270014001
721270102002
720970816023
721497205031
721497203001
721537502021
720252003044
721455604023
720559900000
721270007002
720310501072
720310511033
720310511042
720310510021
720310510011
720310511043
720310501071
720252005007
720310509025
721239528002
721455601002
721455604011
720915704001
720915702022
720915707002
720915708003
720691809022
720739562003
720739560001
720739560003
720739562001
720739560002
721270086024
721270031002
721339535001
721439900000
721435503001
721031703001
720757107001
721099900000
721092901003
721092902002
720572702013
720572705005
721191302001
721319588003
720691809012
720210316121
720610404211
721219604002
721219604003
720238305021
720238302002
720238301021
720238302001
720034305014
721270073004
721270051022
721270023003
721270010002
721270015002
721270046003
721270061022
721270043062
721270056023
721031701004
721031704001
721270062001
721270070041
721270086031
721270026001
721270061012
721270044002
721270069004
721270073001
721270010005
721270031003
721270056024
721270084001
721270048001
721270019005
721270014002
721270037001
721270082013
721270045001
721270094002
721270076003
720238306031
720238301012
720238303001
721537506012
721270047003
721270020021
721270028001
721270036001
721270042003
721270085005
721270060001
721270096033
721270100324
721270051034
721270018001
721270019002
721270019003
721270019004
721270020022
721117308001
721092904003
721117307002
721117302001
721270009003
721270010004
721270010003
721270010006
721270011001
721191301015
720238303003
720238303004
721219603002
721270021001
720238304004
720632102023
720610410001
721258407002
720610410002
720610411001
721292201003
721292204012
721292205021
721292207003
721390604012
721419575003
720475305003
721339536001
720210302004
720459521002
720019566002
720238302003
720238303002
720238304002
720238304001
720238305041
720238305023
720238306042
720238306032
720238305042
721219604001
721219603001
721219607001
721219608002
721219605001
721219603004
720019568002
720019567002
720019563002
720019564001
720019563001
720019565001
720019564002
720019568001
720019565002
720691807001
720632104001
720632104003
720632105043
720632105042
720310508031
721219605002
720252002002
721292205011
721219606001
721219606002
721219607003
721219608001
721219608003
720757109021
720252026012
720757110024
720632102021
721258407004
721258401001
721258402003
721117301003
721117303004
721117303002
721119900000
721117303003
721117301004
720310505042
720310506002
720310506003
720310506004
720310506005
720310507002
721537503002
720310508121
720310508122
720310508211
721537504004
721537501012
721537502022
721537504002
721537501021
721537502012
721537506011
721537501022
721537503001
721537501011
721537502011
721537504001
720691807002
720691803011
720691803012
720691804002
720691805001
720691802023
720691806001
720691803022
720691803021
720691802011
720691801002
720691801003
720691801004
720699918000
720691808001
720092505002
720092506001
720572701003
720310507001
720691801001
720199525002
720691802012
720691802022
720691802021
720252003032
720252012001
720252021003
720775002002
720597404001
720034302001
720034304022
720034302003
720034306013
721270099022
721270085001
721270016003
721519508002
721519510001
721519511001
720252026026
721519511002
721519512003
721519513002
721519510002
720092501003
720039900000
720072301003
720572701002
720572708003
720572706001
720572704001
720310504022
720310503311
720310501103
720310502122
720310511021
720310502214
720310505031
720310508112
720310502323
720310509011
720310510013
720310508113
720310509021
720310506001
720310502113
720310502123
720310503111
720310502111
720310506006
720310508111
720310502211
720310508223
720310509013
720399559003
720310501033
720399556002
720399558003
720399558002
720399559002
720475304003
720310501031
720475305001
720475301001
720475305002
720475302002
720475306003
720475304004
720475306002
720475304001
720310502112
720310502121
720310502124
720310502125
720310508213
720310508221
720310508313
720310501102
720310501051
720310501052
720310508311
720310508312
720310511041
720310508411
720310508412
720310509022
720310509023
720310508212
720310502222
721390603021
720310502212
720310502213
720310502215
720310502221
720310502223
720310502414
720310509012
720310502413
721390604031
721390604042
721390604043
720653102003
720310502311
720310502312
720310502313
720310502321
720310502322
720310502411
720310502412
720310503023
720310502415
720310502421
720310502422
720310503021
720310503022
720310503412
721390604032
721270080022
721270083002
721270091232
720210322002
720210310334
720210313054
720310503211
720310503212
720310503213
720310503214
720310503312
720310503411
720310503413
720133001013
720133001012
721092903003
721270056021
720310503414
720310504011
720310504012
720310504021
720310511022
721270004001
720252002004
721279803001
720310505011
720310505012
720310505013
720310505032
720310505033
720310505043
720310505041
720092504001
720092506002
720133005002
720252003033
720252025003
720319900000
720310501061
720310501073
720252005005
720310501062
720531505002
720531504005
721270067002
721270076002
721270063001
721270052023
721270083001
720252006001
720252003043
720252004001
720252004002
720252005003
720252005004
720252008001
720252006002
720252006003
720252006004
720252007001
720252007003
720252010001
720252008002
720252009001
720252009002
720252010002
720475306001
720691804003
720439547001
720252012002
720597401022
720439543001
720439544001
720439544002
720439545001
720439542003
720439547002
720959514004
720959514003
720959514006
720959515001
720959514001
720959514005
720653106002
720959900000
720959516001
720959515002
720139929000
720133001023
720133001024
720133002003
720632103001
720653105004
720653106004
720653104004
720252024043
720499505002
721371220013
721371220011
720475301002
720475303001
720572705002
720871103011
720871103041
721153304003
721031702003
720133001022
720133001021
720133002001
720133002002
721270015001
721270016001
720691808002
720691808003
720439545002
720439545005
720439539002
720439545004
720439543002
720252005001
720252024024
721191301022
720092505001
720133008002
720133008003
720133008004
720133010003
720133010004
720133010001
720133011003
720133011004
720133011005
720133012002
720133012001
720133013001
720133015001
720133015003
720133016002
720133016003
720133017002
720133017003
720133017004
720133020001
720133020002
720133020003
720133021001
720133021002
720133021003
721435506021
721435504001
721435504003
720412401012
720412406022
721455602011
721455605003
721455607013
721455606003
721455603003
720210323022
720252024032
720252020001
720252020002
720252020003
720252021001
720310501034
720252022001
720252023002
720252024021
720252024022
720379900000
721519513003
721497205023
721497201004
721497205022
720371603001
721371218014
721371218013
721371218021
721371218022
721371219001
721371219002
721371203002
721092904002
720371602011
720371602022
720371603003
720210301011
720210301012
720210301013
720210316222
720210316323
720210301014
720210301051
720210301052
721371222013
721371220012
721371220021
721371220022
720475303002
720475303003
720499905010
721130708002
721130715003
721130701004
721130716024
720871102001
720871103012
720871103021
720871103031
720871103043
720871104001
721355102004
721130702012
721130705023
721130719004
721130722012
721130730091
720597401012
721455604021
720597404002
720579926000
720572701004
720572703002
720572703003
720572704002
720572704003
720653103004
720653104002
720653106003
720653103001
720653105001
720653106001
720653105003
720659900160
720653105002
720572705003
720572705004
720572706003
720572706004
720572707001
720572707002
720572708001
720653101001
720653101003
720653102002
720653103002
720572708002
720572708004
721279900000
721270006002
720871104002
720871106001
720871101012
720871106002
720152802023
720210307001
720210310113
720210316223
720210317041
720210313053
720210310313
720210309031
720210302002
720210314012
720210312021
720531504003
720531501044
