780109711004
780109711001
780109711002
780109705001
780109707002
780109704001
780309601002
780309609001
780309602001
780309604001
780309608001
780309900000
780309601003
780309607001
780309602003
780309605001
780309606001
780309605005
780309610004
780309603003
780309601001
780109704003
780109715002
780109706002
780109707003
780109708001
780109709001
780109712002
780109712003
780109713003
780109715003
780109710002
780309604004
780109714001
780109707001
780109706005
780109715001
780109712001
780109706004
780109704004
780109703002
780109708002
780109706001
780109703001
780109705002
780109713002
780109701001
780109704002
780109711003
780109713001
780109702002
780109705003
780109702001
780109710001
780109900000
780109701002
780109712004
780109703003
780109706003
780209502004
780309607002
780309612001
780309604003
780309603002
780209502002
780309603001
780309604002
780309605002
780309605004
780309605003
780309606002
780309606003
780309608002
780309610001
780309612002
780309611002
780309611001
780309609002
780209502001
780209900000
780209501003
780209501002
780209502003
780209501001
780309610002
780309610003
780309610005
780309607003
780309602002
