691109900000005
691100017003012
691109900000014
691109900000009
691109900000006
691109900000003
691109900000004
691100012002012
691100015005000
691100004002002
691100008002000
691100007003002
691100009002022
691100009002026
691100009001004
691100009001000
691100008001000
691100014002003
691100006001000
691100009003010
691100013003018
691100008002003
691100009002013
691100002002002
691100002002008
691109900000026
691100003002005
691100017003021
691100017003020
691100007002013
691100005002021
691109900000024
691100001001035
691100002001001
691100017003010
691100001001010
691100010002010
691100001002005
691100005002014
691100001002011
691100004002006
691100004001063
691100017002013
691100017004001
691100017004012
691109900000025
691100017001002
691100017001001
691100001002013
691100016001050
691100003001025
691100013001010
691100013001001
691100013001007
691100013001002
691100013001006
691100013002008
691100013001008
691100013002009
691100013002005
691100014003016
691100010001003
691100009003002
691100008001002
691100007003013
691100008001001
691100008001004
691100012001017
691100012001018
691100012002008
691100003001024
691100003001023
691100003001026
691100005002004
691100015005002
691100002001007
691100008002004
691100003002012
691100002002017
691100016002038
691100004001034
691100016001051
691100012001016
691100015002006
691100015001015
691100015001012
691100015001016
691100015001014
691100001001018
691100002001003
691100016001002
691100017003029
691100003001031
691100012002011
691100007002017
691100003001001
691100016002040
691100009001003
691100005002006
691100008002021
691100002001008
691100005002024
691100007002011
691100004002000
691100002002009
691100005002001
691100011001000
691100002002000
691100001001038
691100010002008
691100014003013
691100013001003
691100016001013
691100003001002
691100002002003
691100016001009
691100016001008
691100016001003
691100016001017
691100016001010
691100014003012
691100014003008
691100014003006
691100014003009
691100002001013
691100002002018
691100016002045
691100016002005
691100016002017
691100016002024
691100016002046
691100015001010
691100007002007
691100011001006
691100011001009
691100013003006
691100015003000
691100006001006
691100013002001
691100014001015
691100013003004
691100014001000
691100016001058
691100016001047
691100003001028
691100014002007
691100017003026
691100012001004
691100008001005
691100002001000
691100002001002
691100015004000
691100017004018
691100016001007
691100017004010
691100016001001
691100015002002
691100016001042
691100014001001
691100012001019
691100016002016
691100016002014
691100016002036
691100014003015
691100016002015
691100016002000
691100014002009
691100014002000
691100009002034
691100009002025
691100004001052
691100004001040
691100004001016
691100004001022
691100017003006
691100003001006
691100005002017
691100003001045
691100004001042
691100016001024
691100002002004
691100008002015
691100003001010
691100017004020
691100004002001
691100004001001
691100017002002
691100017004015
691100001002012
691100001001021
691100016001015
691100016001016
691100016001060
691100015003002
691100014001010
691100007002005
691100008002007
691100009002037
691100016001053
691100016002043
691100016001062
691100015004002
691100015004001
691100015005003
691100007001004
691100010002006
691100004002009
691100007003011
691100009003011
691100009001030
691100009001024
691100009002038
691100011001005
691100012002001
691209501013032
691209501012015
691209501012014
691209501012009
691209501012013
691209501012011
691209501012010
691209501012007
691209501012016
691209501011004
691209502001021
691209502002063
691209502002073
691209502002074
691209502002075
691209501011001
691209501013036
691209501013038
691209501011007
691209501011009
691209502001024
691209502001011
691209502001025
691209502001029
691209502001028
691209502001027
691209502001008
691209502001012
691209502001026
691209502001031
691209502001030
691209501012006
691209501012004
691209501013035
691209501013003
691209502002066
691209502002044
691209502002056
691209502001006
691209502001003
691209501011002
691209502002059
691209502002069
691209501011006
691209502001004
691209502002071
691209502002009
691209502002022
691209502002025
691209502002068
691209502002070
691209502002058
691209502002067
691209501013019
691209502002023
691209502002012
691209502002014
691209501013016
691209501013023
691209502002037
691209502002046
691209501012005
691209502002054
691209502002053
691209501013014
691209502002006
691209501013015
691209501013005
691209501013049
691209501013040
691209501013009
691209501013012
691209501013010
691209502001005
691209502002043
691209502002026
691209502002016
691209501013052
691209501012000
691209501013051
691209501013000
691209501011000
691209502002048
691209502001016
691209502001032
691209900000006
691209900000004
691209900000002
691209900000001
691209502001013
691209502001007
691209502002072
691209502002034
691209502002000
691209502001000
691009501003009
691009501003033
691009501001040
691009501001070
691009501001042
691009501001038
691009501001036
691009501001033
691009501001047
691009501002048
691009501001028
691009501002004
691009501002054
691009501002081
691009501001004
691009501002008
691009501002060
691009501002055
691009501002089
691009501002079
691009501002061
691009501001039
691009501001075
691009501001076
691009501001067
691009501001072
691009501001045
691009501001044
691009501001095
691009501001050
691009501001080
691009501001052
691009501001017
691009501001010
691009501001102
691009501001016
691009501001026
691009501001027
691009501001029
691009501001077
691009501001090
691009501003004
691009900000002
691009501003002
691009501003000
691009900000001
691009501001046
691009501002042
691009501002044
691009501002039
691009501002046
691009501002012
691009501002035
691009501002030
691009501002085
691009501001066
691009501001020
691009501001104
691009501002000
691009501001022
691009501001021
691009501001082
691009900000003
691009501002013
691009501001000
691009501001101
691009501001091
691009501001087
691009900000007
691009501002080
691009501001055
691009501001057
691009501002082
691009501002033
691009501003035
691009501003013
691009501002017
691009501003027
691009501001071
691009501001049
691009900000006
691009501002029
691009501001037
691009501001041
691009501001007
691009501003008
691009501001001
691009501002070
691009501001031
691009900000008
691009501002068
691009501001034
691009501001003
691009501002020
691009501001058
691009501001062
691009501002074
691009501002027
691009501002034
691009501001048
691009501003016
691009501003039
691009501003022
691009501001024
691009501002032
691009501002007
691009501003015
691009501003036
691100005002016
691100005002015
691100009001027
691100013001005
691100004001043
691100005002023
691100002002010
691100014002004
691100017002000
691100015001005
691100007002004
691100007001000
691100017003024
691100009002004
691100009002000
691100013002006
691100013002000
691100005001002
691100005001005
691100013003001
691100014003007
691100017004007
691100011001004
691100007002014
691100017003000
691100004001039
691100004001048
691100003002000
691100007001007
691100012002010
691100007002006
691100012002000
691100007002001
691100007002003
691100007002000
691100014001008
691100005002000
691100009003000
691100017004000
691100011001001
691100010001000
691100004001000
691100005001000
691100016001000
691100009001029
691100012002003
691109900000010
691009501001069
691009501003040
691009501003001
691009501001096
691009501001092
691009501002062
691009501002073
691009501002069
691009501001098
691009501001088
691009501001086
691009501001084
691009501001097
691009501001099
691009501002090
691009501003041
691009501001054
691009501002006
691009501003034
691009501002056
691009501001053
691009501001015
691009501003003
691009501001083
691009900000004
691009900000005
691009501002063
691009501002064
691009501002065
691009501002066
691009501002057
691009501002058
691009501002059
691009501002078
691009501003017
691009501001035
691009501001032
691009501001030
691009501001023
691009501001014
691009501001011
691009501001008
691009501001018
691009501001019
691009501001056
691009501001002
691009501002009
691009501002005
691009501002010
691009501002018
691009501002019
691009501001043
691009501003011
691009501003044
691009501001065
691009501001063
691009501001059
691009501002067
691009501001064
691009501001079
691009501002071
691009501001061
691009501001060
691009501001081
691009501002072
691009501002025
691009501002076
691009501002052
691009501002075
691009501002049
691009501002051
691009501002053
691009501002084
691009501002050
691009501002083
691009501002002
691009501002088
691009501002001
691009501002037
691009501001106
691009501002036
691009501002040
691009501002087
691009501002041
691009501002043
691009501002024
691009501002086
691009501002047
691009501002026
691009501001093
691009501001103
691009501001068
691009501003046
691009501001108
691009501003020
691009501003012
691009501003010
691009501003026
691009501003019
691009501003014
691009501003031
691009501003018
691009501003030
691009501003023
691009501003024
691100005001008
691100004001030
691109900000023
691100015002003
691100015001008
691100012001012
691100012002005
691100009001035
691100009002024
691100009001031
691100009001026
691100016001039
691100016001025
691100007002009
691100004002019
691100004001056
691009501003025
691009501003021
691009501003032
691009501003028
691009501003029
691009501003007
691009501002016
691009501002014
691009501002023
691009501002011
691009501002015
690859501001002
690859501001057
690859501001004
690859501001051
690859501001056
690859501001021
690859501001026
690859501001024
690859501001025
690859501001022
690859501001020
690859501001019
690859501001060
690859501001059
690859501001061
690859501001063
690859501001001
690859501001038
690859501001008
690859501001012
690859501001007
690859501001009
690859501001005
690859501001006
690859501001011
690859501001018
690859501001013
690859501001017
690859501001016
690859501001032
690859501001030
690859501001036
690859501001039
690859501001040
690859501001031
690859501001034
690859501001029
690859501001037
690859501001042
690859501001048
690859501001049
690859501001054
690859501001055
690859501001066
690859501001064
690859501001050
690859501001047
690859501001052
690859501001028
690859501001033
690859501001003
690859501001015
690859501001041
690859501001043
690859501001044
690859501001027
690859501001035
690859501001045
690859501001046
690859501001023
690859501001058
690859501001062
690859501001010
690859501001065
690859501001014
690859501001053
690859501001000
691100003002011
691100003002009
691100003001041
691100003001033
691100003001036
691100014003014
691100017003017
691100014003010
691100014003011
691100017003001
691100017003018
691100014002008
691100016001061
691100003001039
691100003001042
691100003001018
691100002002012
691100002002022
691100002002021
691100003001013
691009501001078
691009501001089
691009501002022
691009501001100
691100009003006
691100008002024
691100008002029
691100008002026
691100008002028
691100005002009
691100005002010
691100005002027
691100005002026
691100005002007
691100005001007
691100016001029
691100016001048
691100016001030
691100016001052
691100016001032
691100016001019
691100015001018
691100015002007
691100015001013
691100016002032
691100016002027
691100015001006
691100015003005
691100015003003
691100015005005
691100014002001
691100014001016
691100014002005
691100014002002
691100010002004
691100010002002
691100010002003
691100010001004
691100010001005
691100007001006
691100007002008
691100007002016
691100008002016
691100001002016
691100001002007
691100001001004
691100005002020
691100001001037
691100001001005
691100001001008
691100001001022
691100001001009
691100017004017
691100002002001
691100001001003
691100001001023
691100001001024
691100014001014
691100013002012
691100001001031
691100013003023
691100001001025
691100001001030
691100014001013
691100001002001
691100015001017
691100015002001
691100001001019
691100017003019
691100006003001
691100007003004
691100006002001
691100006003007
691100006002003
691100006002002
691100006001002
691100005001004
691100004002004
691100004002011
691100004002017
691100004002018
691100014001003
691100014001004
691100014001006
691100015002005
691100010002014
691100010002009
691100010002005
691100001001036
691100001001032
691100009003005
691109900000011
691100014003005
691100013003008
691100013002007
691100007001008
691100014001002
691100007003012
691100008002010
691100015002004
691109900000008
691100011001003
691100009002014
691100009002003
691100009003009
691100001001015
691100003001029
691100001001016
691100001001017
691100001001014
691100001001012
691100001001013
691109900000007
691100001001034
691100009002030
691100012001023
691100012001021
691100012001013
691100012001022
691100012001006
691100012001008
691100012001002
691100012001011
691100012001020
691100012002009
691100009002021
691100009002019
691100009002020
691100008002025
691100007003007
691100002001009
691100004002005
691100005002025
691100015001020
691100008002009
691100003001020
691100014001011
691100013002004
691100013001009
691100012002004
691100012002013
691100016001014
691100017002008
691100017001008
691100017003023
691100009002033
691100009002032
691100009002029
691100009002010
691100013003010
691100013002011
691100013002014
691100013003009
691100013003007
691100013003014
691100014003001
691100016001033
691100016002001
691100017004008
691100014001005
691100004001011
691100003002007
691100003001043
691100003001005
691100007002015
691100002001012
691100006002000
691100016001044
691100016002031
691100007002020
691100015001001
691100003002013
691100008001008
691100007003008
691100004001024
691100017004013
691100004001018
691100004002008
691100003001022
691100005001006
691100006001001
691100016001020
691100008002022
691100012001015
691100017003008
691209501012008
691209501013055
691209501013057
691209501013046
691209501013053
691209501013056
691209501013058
691209501013047
691209501013021
691209501013050
691209501013001
691209501013022
691209501013026
691209501013041
691209501013033
691209501013042
691209501013054
691209501013044
691209501013045
691209501013025
691209501012001
691209501013027
691209501013011
691209502002035
691209502002028
691209502002039
691209501013029
691209501013020
691209501013048
691209502001009
691209501013034
691209502002064
691209501013018
691209502001002
691209501012002
691209501012003
691209501013024
691209502001015
691209501011003
691209502001020
691209502002036
691209502002052
691209502002051
691209502002049
691209502002050
691209502002041
691209502002040
691209502001018
691209501013013
691209502002055
691209502001017
691209501011005
691209502001023
691209502001010
691209501011008
691209502002065
691209502001019
691209501021001
691209501021000
691209502002031
691209502002002
691209502002030
691209502002017
691209502002001
691209502002027
691209502002003
691209502002024
691209502002007
691209502002005
691209502002019
691209502002018
691209502002021
691209502002020
691209502002008
691209502002004
691209502002029
691209502002013
691209502002015
691209502002032
691209502002038
691209502002011
691209502002045
691209502002033
691209502002060
691209501013004
691209502002010
691209502002061
691209501012012
691209900000005
691209501013017
691209900000003
691209501013037
691209501013030
691209501013039
691209501013007
691209501013028
691209501013008
691209502002047
691209501013043
691209502001022
691209502002062
691209502001014
691209501013031
691209502001001
691209502002057
691209501013006
691209502003000
691209501013059
691209501013002
691209502002042
691100016002008
691100005002019
691100016002022
691100010002001
691100010001001
691100015005007
691100007002012
691100015004005
691100015005004
691100015005008
691100015001019
691100015001007
691100007002002
691100013001004
691100004002010
691100015001003
691100004002020
691100004001049
691100004002007
691100004001061
691100004001059
691100004001045
691100004001051
691100004001046
691100004001055
691100004001053
691100004001047
691100005001001
691100005001003
691100005001009
691100005001010
691100004001041
691100004001033
691100004001038
691100004001013
691100004001029
691100004001008
691100004001004
691100004001014
691100004001010
691100004001027
691100004001017
691100004001021
691100004001023
691100003002010
691100005002022
691100017003016
691100017002010
691100015001009
691100015001000
691100016001064
691100016001046
691100013003000
691100012002014
691100014003000
691100017003027
691100003001044
691100017001003
691100003001000
691100016001031
691100015003001
691100004001050
691100004001032
691100016001028
691100017003005
691100003001007
691100006003004
691100008002002
691100009001008
691100016002009
691100004001035
691100016002004
691100003001030
691100001002002
691100013003011
691100016002020
691100002002013
691100001002015
691100012002007
691100013002002
691100014003002
691100014003003
691100012001009
691100016001026
691100016001037
691100016001005
691100016001004
691100016001036
691100016001034
691100016001043
691100016001045
691100016001040
691100016001041
691100016001054
691100016001055
691100016002007
691100016002025
691100013003015
691100007003000
691100017003009
691100017003015
691100017003013
691100017003014
691100007001009
691100005002018
691100017003011
691100005002012
691100005002013
691100004002014
691100013002010
691100006003000
691109900000012
691109900000016
691109900000017
691109900000018
691109900000019
691109900000020
691109900000001
691100002002014
691100002002016
691100002002006
691100002002007
691100013002013
691100017003025
691100013003002
691100003001037
691100013002003
691100016001038
691100012001001
691100012001000
691100009001009
691100015001011
691100014001012
691100016001035
691100010002000
691100016002037
691100016002013
691100016002021
691100017003004
691100013003022
691100001001029
691100017002001
691100001002009
691100012001024
691100006001003
691100016002047
691100015004003
691100015005006
691100008002001
691100008002006
691100009001005
691100012002002
691100013003019
691100002002011
691100017002011
691100002001004
691100003001011
691100017001006
691100017004003
691100003001027
691100017004002
691100017001005
691100017001004
691100017001009
691100017001010
691100017001007
691100017002003
691100016001012
691100004001005
691100004002013
691100004002012
691100006001005
691100003001015
691100005002011
691100008001003
691100015004004
691100005002003
691100014002006
691100016002041
691100011001008
691100013003003
691100013003021
691100011001007
691100006003002
691100004001058
691100014001007
691100009002031
691100012002006
691100016001021
691109900000002
691100016002026
691100003001032
691100017004004
691100012001007
691100009002018
691100009002009
691100009001010
691100009002017
691100009001011
691100009003008
691100008002017
691100003001017
691100009002035
691100016001063
691100015001004
691100016001056
691100003001038
691100003001035
691100017003002
691100017002012
691100017004005
691100003002006
691100017004009
691100017004016
691100017003022
691100017002004
691100002002005
691100002001011
691100011001010
691100001002008
691100001002010
691100001001002
691109900000013
691109900000021
691100017004006
691100017004022
691109900000022
691100001001007
691100017004014
691100017002007
691100017002005
691100001001033
691100016002048
691100016001006
691100003001003
691100003001008
691100003001004
691100003001009
691100003002015
691100002002020
691100017003003
691100017004019
691100007002010
691100006003006
691100004001009
691100004001037
691100004001036
691100001001028
691100004002016
691100014003004
691100016001022
691100006003005
691100016001049
691100016001027
691100004001002
691100004001028
691100004001054
691100004001026
691100004001012
691100004001006
691100004001015
691100004001003
691100004001044
691100004001057
691100004002015
691100003002004
691100003002001
691100003002014
691100003001021
691100003002008
691100003001019
691100003002002
691100005002002
691100003001016
691100017003028
691100005002005
691100005002008
691100006003003
691100006001004
691100007001003
691100007001002
691100007001001
691100006002005
691100006002004
691100015003004
691100015001021
691100016002034
691100016002002
691100016002035
691100016001018
691100007001005
691100008002027
691100008002018
691100009001014
691100008002008
691100008002014
691100008002030
691100003001012
691100007003014
691100008002031
691100009001012
691100008002019
691100007003015
691100007003010
691100007003009
691100007003006
691100007003003
691100010002011
691100010002012
691100010002013
691100010002007
691109900000027
691109900000028
691109900000015
691100009001001
691100002002019
691100002001005
691100002001006
691100001001006
691100017002006
691100009002028
691100009002016
691100009002015
691100009002012
691100009002011
691100009001019
691100009001025
691100009001020
691100009002005
691100009001018
691100009002008
691100009002007
691100009002006
691100009002001
691100009001032
691100009002002
691100009001033
691100009001034
691100009001028
691100009001036
691100009001021
691100009003003
691100009003004
691100009003014
691100009003013
691100009003007
691100009003012
691100016001057
691100008002011
691100008001007
691100003001040
691100009001022
691100009001023
691100009001007
691100009001002
691100008001006
691100015002000
691100015001002
691100009003001
691100010001002
691100008002013
691100016001023
691100016002019
691100002001010
691100004002003
691100014001009
691100013003012
691100007002018
691100008002012
691100008002023
691100008002005
691100008002020
691100009001006
691100009001015
691100009001017
691100009001013
691100009001016
691100009002023
691100009002027
691100009002036
691100012001003
691100012001005
691100012001010
691100012001014
691100013001000
691100016002028
691100016002012
691100016002003
691100016001059
691100017004011
691100017001000
691100016002023
691100016002029
691100001001020
691100001001011
691100007002019
691100007003001
691100004001020
691100004001019
691100004001025
691100004001031
691100003002003
691100013003005
691100003001034
691100003001014
691100004001060
691100004001062
691100011001002
691100013003016
691100013003013
691100013003017
691100001001001
691100001002014
691100001002006
691100001002004
691100001002003
691100002002015
691100001001026
691100001001000
691100001002000
691009501001107
691009501001051
691009501001105
691009501002021
691009501002003
691009501002031
691009501002028
691009501002045
691009501003042
691009501003043
691009501001012
691009501001005
691009501001013
691009501001009
691009501001006
691009501002077
691009501002038
691009501001025
691009501003006
691009501003005
691009501003045
691009501003038
691009501003037
691009501001074
691009501001073
691009501001094
691009501001085
691100016002010
691100016002011
691100016002018
691100016002044
691100016002030
691100016002033
691100001001027
691100017004021
691100017003007
691100016001011
691100016002039
691100004001007
691100013003020
691100007003005
691100015005001
691100017002009
691100016002049
691100016002006
691100016002042
