660109502004000
660109505021000
660109507011000
660109507021000
660109508011000
660109509001000
660109510001000
660109511001000
660109516001000
660109517001000
660109518001000
660109519023000
660109522001000
660109527001000
660109529001000
660109531013000
660109531023000
660109532002000
660109533001000
660109534001000
660109536004000
660109539001000
660109540001000
660109543002000
660109545001000
660109547001001
660109548001001
660109551001000
660109552002000
660109553001002
660109554001009
660109557003000
660109559001000
660109561004003
660109562003000
660109563003000
660109801001000
660109503009007
660109530005001
660109530005003
