01055010700
01055001300
01055000900
01055001700
01055010501
01055010300
01055000600
01055010502
01055010100
01055000300
01055000700
01055001600
01055000400
01055000800
01055001100
01055010900
01107050400
01113030402
01107050000
01107050300
01107050100
01107050200
01127020100
01127021500
01127020800
01127021200
01127021700
01127021600
01127021900
01127020300
01001020802
01045020802
01045020000
01077011102
01127021400
01127020600
01127021800
01127021000
01127020700
01127020900
01127020200
01127021100
01127021300
01127020400
01067030400
01067030600
01067030500
01067030300
01067030100
01067030200
01013952900
01125011902
01125011402
01077010300
01077010700
01077010900
01077011000
01025958001
01043965402
01013953200
01013953500
01013953000
01013953300
01013952700
01013953100
01013953400
01097003902
01027958900
01027959200
01027959100
01097000500
01097003301
01097006402
01097007102
01073002100
01115040201
01115040502
01111000300
01111000400
01111000500
01097000800
01097003204
01097002301
01117030314
01117030317
01117030319
01081040300
01097002302
01097006902
01081040700
01081041300
01089010401
01089000902
01089001000
01089001200
01069040700
01069041000
01069041100
01069041200
01069041500
01069042100
01089000201
01089000202
01089000301
01089000302
01089002200
01089002722
01055011100
01055000500
01055001000
01077011501
01077011604
01077011801
01073005103
01073004902
01073011111
01073014409
01073012905
01073005909
01073012304
01073012305
01073004901
01073005104
01073011108
01073005910
01079979100
01079979900
01079979800
01079979700
01079979600
01079979400
01079979300
01079979200
01079979500
01131034800
01131035100
01131034700
01131035200
01073012915
01073012914
01073014412
01073012910
01003011406
01095030701
01095030401
01095030903
01121010101
01047956701
01047956702
01095030702
01095030904
01001020801
01081042005
01101005606
01025957601
01025957700
01021060600
01021060101
01021060500
01021060200
01021060401
01021060102
01021060300
01021060700
01021060402
01081042002
01081040902
01081040604
01081040603
01081042101
01089010901
01089011100
01097002502
01097005300
01097005600
01097006000
01097006103
01097006802
01097007000
01097000200
01097000401
01097000402
01097000600
01097005400
01081041400
01081041600
01081041200
01097002400
01097003708
01003011102
01097003710
01097002501
01097003205
01097003302
01097003402
01117030320
01117030604
01117030701
01097003405
01097003406
01097003901
01117030315
01097000701
01097000702
01097002600
01097003408
01097004000
01097004100
01099075900
01099076000
01099075800
01097002700
01099076100
01099075700
01099076200
01099075600
01117030331
01117030800
01117030609
01117030608
01117030607
01117030304
01117030316
01117030305
01117030605
01117030330
01117030303
01117030306
01097001100
01097000901
01097000902
01097000903
01097001001
01097001002
01097001302
01053970100
01097001400
01097002800
01073014001
01073014410
01101002201
01101002202
01101002300
01101002400
01101002500
01101002600
01103000200
01101002700
01101002900
01101003000
01101003100
01101003200
01103005101
01103005105
01103005600
01103005500
01103005405
01019955701
01101005609
01003011407
01015001600
01039961600
01039962100
01039962400
01039962600
01039961800
01039961900
01039962300
01039963000
01039961700
01039962700
01053969900
01053970400
01053970500
01053970300
01053969800
01053970600
01053970700
01053970200
01001020700
01101001700
01101001800
01101001900
01101002000
01101002100
01001020200
01001020900
01001020600
01001020100
01121010301
01001020400
01045020500
01045020700
01045021400
01019955702
01011952500
01111000600
01027959000
01081042003
01081042102
01121010600
01121010302
01081040901
01019955800
01019955900
01019956100
01019956000
01123962502
01123962300
01123962400
01123962200
01123962000
01101005610
01103000300
01103000400
01103000600
01103000700
01103000800
01103000900
01103001000
01103005303
01033020200
01033020300
01033020400
01033020500
01037961200
01037961100
01037961000
01109188900
01109188700
01109188800
01109189000
01109188600
01109189300
01109189200
01109189100
01073005905
01073005907
01073005908
01047957200
01047956201
01117030337
01117030704
01073010001
01073010002
01073010200
01073010301
01073010302
01073010401
01081042004
01073010402
01073010602
01097004800
01073010603
01073010701
01073010702
01073010703
01097003501
01097004900
01097005000
01097001501
01097001800
01015001300
01015001201
01015000500
01015000800
01097003502
01097005100
01097005200
01097002900
01097003602
01097003605
01097003606
01097003608
01097003703
01097006403
01097001901
01097001902
01073010704
01073010705
01073010706
01073010801
01089001401
01087232300
01087231900
01087231700
01087232200
01087232000
01087231500
01087231400
01087231800
01047956202
01051030800
01101005408
01101005611
01101005608
01101005503
01101005501
01101005504
01101005502
01101005612
01133965502
01081040500
01133965501
01133965503
01073014408
01073011301
01073012703
01081040800
01081041000
01097007300
01123962700
01123962600
01123962100
01101005409
01101005607
01125012600
01125012800
01125011703
01125012503
01051030901
01097005900
01097006104
01097005500
01097007101
01097003404
01097006600
01097006801
01097006301
01097002000
01097001502
01097001200
01015000400
01097003607
01097006200
01097005800
01097003709
01097006105
01097006901
01097006102
01097003407
01097002200
01097003800
01097003000
01097005700
01097007103
01097006302
01015000200
01015002101
01015001700
01015001100
01015002200
01031010200
01015000300
01089010623
01025958002
01031010900
01031010500
01031011000
01031010800
01031011300
01031010600
01031010700
01031011201
01031010300
01031010400
01031010100
01113030901
01097007600
01113031000
01113031200
01113030902
01113030800
01113031100
01073011001
01113030200
01113030300
01113030500
01113030600
01031011100
01031011202
01113030700
01083020801
01083020500
01083020300
01083020802
01083020401
01083021100
01073011109
01073014002
01073014413
01073011002
01073012704
01073012803
01073011110
01073011302
01035960400
01035960600
01035960300
01035960500
01125010101
01009050601
01047956900
01125010102
01125010500
01125012405
01125010406
01125010703
01125010204
01125010405
01125010602
01125010201
01125012305
01125010301
01125012501
01125010802
01125012403
01125010404
01125012700
01097007500
01089001301
01125010303
01125010407
01125010701
01125010803
01125010203
01125012303
01125012502
01125010103
01125010202
01125010302
01125010403
01125011200
01125010601
01125010702
01125010804
01065040000
01065040200
01065040300
01065040100
01065040500
01065040400
01071950900
01071951000
01071950100
01071950600
01071950200
01071950400
01071950700
01071950300
01071950500
01071951100
01049960400
01051030902
01051030702
01051030701
01049960900
01049960500
01049960800
01117980000
01049960200
01049961000
01049960600
01049961100
01049961400
01049960100
01049961200
01049961300
01049960700
01049960300
01061050300
01071950800
01061050100
01061050600
01061050400
01061050500
01061050200
01073012103
01073014204
01073014301
01073010802
01073014203
01073014104
01073010500
01073014404
01073003200
01073011705
01073011706
01073012701
01073005600
01073012602
01073012104
01073011107
01073010803
01073005000
01073012403
01073011400
01073010805
01073012302
01073011901
01073011205
01073011703
01073011210
01073011600
01073010100
01015000700
01089001302
01089003000
01089003100
01073014102
01089010624
01117030333
01015981902
01015000900
01015002103
01015002400
01015001400
01015000600
01015002600
01047956800
01015001000
01015002000
01015001800
01015002102
01015981903
01015002501
01015002502
01015001500
01015002300
01015001202
01089011014
01063060100
01063060000
01063060200
01113030401
01073013601
01073013801
01073013901
01073013902
01073014105
01073000500
01073000700
01073014405
01073000800
01073001100
01073001200
01073001400
01073001500
01073001600
01089001902
01089010800
01089010701
01089010301
01089010302
01089010200
01089001901
01089011021
01089011200
01089001801
01089011011
01089011022
01089010622
01089011400
01089000403
01089010502
01089010501
01089000901
01089002921
01059972900
01089000602
01089010612
01089010702
01059973600
01059973300
01059973500
01059973100
01059973700
01059973400
01059973000
01003010905
01059973200
01087231602
01087231601
01087231603
01003010904
01003011501
01003011403
01003011405
01011952100
01011952200
01069040302
01069040301
01003010400
01003010701
01003011201
01003010800
01003010703
01003011000
01003010300
01003010500
01003011300
01003010704
01033020801
01003010100
01003011602
01003010705
01033020802
01033021000
01033020701
01003010600
01033020100
01003011401
01003010200
01085781000
01073001902
01073002000
01073002200
01073002303
01073002305
01073002306
01073002400
01073002700
01073002900
01073003001
01073003002
01073003100
01073003300
01073003400
01085781100
01085780800
01085781200
01073004500
01073003500
01073003600
01073003802
01073003803
01073003900
01073004000
01073004200
01041963600
01041963900
01041963800
01041963400
01041963700
01041963500
01045021300
01045021101
01045021102
01045020300
01045020400
01045020200
01045020100
01045021200
01101005102
01073004701
01073004702
01073004800
01073005101
01073005200
01073005302
01073005500
01073005701
01073005702
01073005800
01073005903
01089002801
01101006000
01101000300
01101002800
01101005406
01101006100
01101005603
01101005402
01101005700
01101005101
01101005800
01101001400
01101001300
01101005604
01101000100
01101000200
01101000400
01101000500
01101000600
01101000700
01101000900
01101001000
01121010202
01121010102
01121010201
01121010400
01101001100
01101001200
01077010600
01101001500
01101001600
01073012911
01073012802
01073012913
01073012912
01073011904
01029959600
01029959700
01029959500
01029959800
01093964400
01017953900
01009050602
01093964600
01093964100
01093964200
01093964300
01093964000
01093964500
01093964700
01051031200
01051030300
01051030600
01051030500
01051031000
01051030100
01051030200
01051031300
01051031100
01095031100
01051030400
01075030100
01075030000
01075030200
01111000100
01111000200
01095030801
01043964400
01095030201
01095030902
01095030600
01043964200
01043965000
01043964500
01043964100
01043964700
01055010602
01043965600
01043964900
01043965700
01043965300
01095030300
01095031200
01055011002
01055001200
01055010800
01039962900
01055000200
01055010401
01123962501
01123961900
01039962500
01039962800
01039962000
01043965500
01095030802
01095030100
01095030500
01095030202
01095031000
01043965100
01043964600
01043965200
01043964300
01017954000
01017954600
01045020801
01017954200
01017953800
01017954500
01017954300
01017954700
01017954400
01121010700
01125011600
01125011701
01125011800
01023956800
01023956900
01023957000
01125012000
01125012100
01125012304
01125012404
01055010402
01055010601
01055011200
01055011001
01055010200
01097003100
01015981901
01097006404
01103005109
01103005108
01097003202
01097003704
01097003705
01097003706
01097003707
01097006405
01133965600
01133965700
01097002100
01097003203
01133965800
01133965900
01073003700
01073010804
01073011104
01073011206
01073011500
01073011704
01073012001
01073012002
01073010900
01073011207
01007010003
01007010004
01007010001
01073011208
01103005106
01073011209
01073011802
01073011803
01073011804
01073012200
01073014406
01105687000
01105686800
01073012500
01073013100
01073014302
01073000100
01073000300
01117030334
01073012401
01073012402
01073012906
01117030336
01005950900
01005950100
01005950600
01005950200
01005950300
01005950500
01005950400
01005950700
01005950800
01073000400
01073012907
01073012908
01073013002
01073013200
01073013300
01073013400
01007010002
01105687100
01095030402
01035960200
01103005107
01103005702
01103005701
01121011300
01121011100
01121011700
01121011500
01121010900
01121011600
01121011400
01121012000
01121011900
01121011200
01121010500
01121011000
01091972900
01091973300
01091973400
01091973000
01091973100
01089002922
01091973200
01081042006
01121011800
01089002912
01101005410
01101005605
01115040501
01081040200
01115040300
01115040203
01081041700
01081041900
01081041800
01081040602
01081041100
01081040400
01089011012
01089010902
01089011013
01089001402
01089010100
01089010402
01089010621
01089011300
01115040204
01117030405
01115040103
01115040104
01115040105
01115040106
01115040205
01115040401
01115040402
01083020101
01083020102
01083020202
01083020201
01117030332
01101005407
01057020100
01057020000
01057020400
01057020200
01117030215
01117030501
01117030407
01117030213
01117030502
01057020300
01117030340
01117030341
01117030342
01117030344
01117030703
01117030214
01117030406
01009050200
01129044200
01129044100
01129044000
01129043900
01129044300
01089001500
01089001700
01089001903
01089002000
01089002802
01089002911
01013952800
01089000501
01089000502
01089000503
01089000601
01089000701
01033020704
01033020703
01097006502
01097006501
01097006702
01097006407
01097006406
01097007202
01097007201
01097006701
01097007700
01097007400
01033020902
01033020901
01023956700
01043964800
01089000702
01087232100
01003990000
01101005901
01101003301
01101003302
01101005301
01101005302
01101005403
01119011500
01119011300
01119011600
01103005302
01103005304
01103000100
01103005103
01103005301
01103005404
01103005200
01101005902
01043965401
01047956400
01047956600
01083020600
01083020700
01083020900
01047956100
01047957100
01047957000
01047957300
01047956300
01047956500
01069040202
01069040900
01069040100
01069041400
01069042000
01069041900
01069041800
01069040201
01069041700
01069041600
01069040800
01125011401
01125011901
01089002100
01089002300
01089002400
01089002501
01089002502
01083021000
01083020402
01083021200
01117030211
01117030103
01117030900
01117030102
01117030217
01009050700
01089002600
01089002701
01089002721
01117030408
01117030345
01117030212
01117030216
01009050101
01009050102
01009050400
01009050300
01009050500
01077011300
01077010200
01077011602
01077010400
01077011400
01077010100
01077011502
01003011601
01077010800
01077011200
01077011700
01003010903
01003011101
01003010906
01003011202
01003011502
01033020600
01025957602
01025957500
01025957902
01025957901
01025957800
01001020300
01001021100
01001020500
01001021000
01003011408
01069040400
01069040500
01069040600
01077011101
01077011802
01077011603
01119011400
01097990000
