02016000200
02016000100
02170000502
02170000501
02170001202
02170001003
02170000603
02290000400
02290000100
02290000200
02290000300
02068000100
02170001100
02170000200
02170000800
02220000200
02220000100
02185000100
02185000200
02185000300
02282000100
02070000200
02070000100
02110000300
02110000400
02110000600
02110000100
02110000200
02110000500
02170001300
02230000100
02105000300
02170000300
02170000900
02100000100
02261000300
02261000100
02261000200
02020001300
02020000703
02020000801
02020000802
02020000902
02020001400
02020000203
02020001732
02020002712
02020002711
02020000702
02020002702
02020000901
02020000102
02020000701
02020000202
02020000400
02020000600
02020000204
02020001200
02020001000
02122000800
02122000100
02122000900
02122001100
02122000300
02122000700
02122000400
02122000500
02122000600
02122000200
02122001200
02122001300
02180000100
02180000200
02170000101
02170000703
02170000402
02170001001
02013000100
02164000100
02150000100
02150000400
02150000300
02150000500
02150000200
02060000100
02188000100
02188000200
02170000401
02170001201
02170000706
02170000601
02020002302
02020001601
02020002303
02020002502
02020001802
02020001900
02020002601
02020001602
02020001701
02020002000
02020002100
02020002400
02020001702
02020001731
02020002201
02020001500
02020002202
02020002501
02020001801
02105000200
02020002821
02020000500
02130000100
02130000400
02170001004
02170000701
02170000102
02170000604
02170000705
02020002602
02020002811
02020002813
02240000100
02020002812
02020002823
02020000300
02020000101
02020002603
02020001100
02020002822
02020002900
02020002301
02020000201
02130000200
02130000300
02240000400
02158000100
02122001000
02275000300
02195000200
02050000200
02050000300
02050000100
02090000100
02090000300
02090000400
02090000700
02090001700
02090001300
02090000500
02090000600
02090001200
02090000200
02090001400
02090001800
02090001600
02090000900
02090001500
02090001000
02090001100
02090001900
02090000800
02198000300
02198940100
02198000100
02198000200
