06037139301
06037139302
06037139502
06037139600
06037139701
06037139801
06013324002
06013320004
06013336201
06013338203
06013338204
06013355116
06013345204
06013345203
06013345112
06013345113
06037143400
06037143500
06037181000
06037181500
06037181600
06037183101
06001441402
06001441501
06001441521
06001441522
06001441601
06001441602
06037183220
06037183300
06037183510
06037183520
06037183610
06037192300
06001441800
06001441921
06037195400
06001441923
06001442100
06001442400
06001442500
06037183820
06037185100
06037185202
06037185310
06073003800
06073003901
06073003902
06073004000
06073004100
06073008800
06073008901
06073009000
06073009101
06081605300
06081605400
06081605500
06081605800
06081605900
06095253101
06095253105
06095253106
06095253107
06095253201
06071008706
06071980200
06071009300
06037501900
06037533503
06037543702
06037553902
06037570304
06037620303
06099000910
06099001001
06099000911
06037403801
06037408134
06037408135
06089011300
06089012000
06065043248
06065043256
06065043264
06065030101
06065030103
06093000100
06093000600
06093001000
06037408212
06037408301
06037408302
06065050400
06065051100
06065980004
06065043276
06065043512
06065043810
06065043811
06085503111
06085503112
06085506302
06085511200
06071001903
06071002021
06071002804
06071000825
06071002706
06071002105
06071001503
06071002037
06089012301
06045010801
06045010802
06045010600
06037603703
06045011500
06045011600
06045010500
06045010900
06045010200
06045011800
06085509801
06085512401
06085511911
06085506801
06085507600
06085505202
06085512035
06085511913
06085502500
06085506502
06085507206
06085504308
06085504202
06085504201
06037460800
06045010700
06045011700
06045011200
06045010400
06045010300
06045011300
06085503113
06111004304
06111004506
06111980000
06111003609
06111004710
06111007514
06111004505
06085510500
06035040304
06035040305
06085512031
06085502902
06085502601
06053014104
06053011801
06053011203
06053014500
06037106112
06037106113
06037106114
06037106403
06065030104
06065031601
06065040102
06037101300
06037103101
06037103102
06037103400
06037104103
06037104105
06065041101
06065041102
06065043818
06065043820
06065043821
06065044405
06065044518
06065044521
06065044919
06037106510
06037106520
06037106604
06037106641
06037910605
06037910714
06045011400
06065044921
06065044922
06037910813
06037911001
06037570403
06037900201
06037920114
06037404503
06037402801
06037403901
06037403902
06037404000
06037404100
06037404301
06037404302
06037404401
06037431200
06037431300
06037431400
06037431600
06085503803
06111007612
06111000702
06085511500
06037113232
06037113233
06037113234
06037431700
06085512052
06057000900
06057000103
06057000401
06057000701
06065041301
06065041302
06065042014
06065043266
06065044928
06065044929
06065044931
06065044932
06065045114
06065045116
06037402902
06037403000
06037403200
06037403304
06085506802
06085500800
06085502302
06085501102
06037403305
06037403312
06037404402
06037404702
06037404703
06037404801
06037404802
06037404803
06037404903
06045990100
06045011001
06065043602
06037462600
06037117405
06037117301
06037103300
06037910807
06037920331
06037920332
06037910205
06065044917
06065044918
06065044923
06065044924
06065044925
06065045118
06065045122
06065045123
06037191902
06037194102
06037195803
06037102105
06037104124
06037104821
06037106408
06019004406
06019004503
06019004504
06019004505
06099000912
06099001002
06037115104
06037119201
06037125501
06037920339
06037930101
06037800204
06037571703
06037901209
06037901213
06037910001
06037920011
06037920012
06067002500
06099002501
06099002602
06099002301
06099002604
06099002605
06099002701
06099003803
06099003904
06059089001
06037134422
06037134520
06059099241
06059099242
06059099405
06059099407
06059099408
06059099410
06059099411
06059099412
06059110201
06059110117
06059074601
06059075100
06059075201
06059075202
06067003900
06067004001
06067004004
06067004005
06037134901
06059075301
06059075302
06067005402
06067005403
06067005404
06059087200
06059087300
06059087401
06059087405
06067004012
06067004100
06067004202
06067004203
06067004300
06067004401
06111002102
06111002200
06111002400
06111002500
06067004006
06067005502
06099001200
06099001500
06099001601
06099001603
06099001700
06099001300
06067005601
06067004402
06067004601
06067004602
06067004801
06099001400
06099001800
06099001900
06099002002
06099002702
06099002802
06059099413
06059099417
06059099504
06067004802
06067004903
06067004904
06067005201
06037135102
06037135111
06099003909
06099003905
06059110006
06059110008
06059110010
06059110011
06067005202
06099003906
06099003907
06099000506
06075025200
06075025300
06075025402
06067005605
06037910404
06037910602
06037910603
06075025500
06075025600
06067005702
06067005606
06067005701
06067005801
06067002900
06067003000
06067003101
06059074701
06059074702
06067002800
06067003102
06037135203
06067004905
06071012300
06071004900
06071006100
06071007104
06071007302
06071008500
06071008703
06037910705
06059074602
06059074802
06059075303
06059075401
06059075403
06059075404
06065042214
06037135202
06065042901
06065041409
06065042004
06065046403
06065042206
06065040302
06065042003
06065041806
06065041600
06065042213
06037910707
06059087503
06065041909
06065030601
06065043005
06065042207
06065042008
06067005002
06067004906
06067005101
06111007403
06111007201
06111007505
06111007507
06059087504
06059087601
06059087602
06059087701
06059087703
06059089003
06059089004
06099002004
06059089102
06059089104
06059089105
06065041703
06065041500
06065044807
06065046401
06065042401
06065043802
06065042208
06065030603
06065041904
06065040301
06065044402
06065043701
06065046405
06065043509
06065042521
06067002200
06099002100
06075025800
06059099508
06059099509
06059099506
06065042412
06065042005
06065045900
06065040902
06065044507
06065043809
06065043508
06067004008
06067004009
06067004010
06067004011
06099002803
06075025900
06075026002
06075026004
06075020500
06075061000
06037533402
06037533501
06037576503
06059110012
06059110014
06059110202
06067003400
06067003300
06067003502
06065042715
06065046402
06065030200
06065040201
06065044300
06065042209
06065040701
06065040606
06065031701
06065044904
06059110304
06059110401
06059110402
06065043222
06065043001
06065030602
06065042509
06065041003
06065041004
06065042009
06065040502
06059075405
06059075505
06059075506
06059075507
06059075513
06059075514
06059075515
06067003700
06067003800
06029002812
06037920015
06111007508
06059076201
06059087704
06037920016
06037920017
06037920018
06037920023
06059087801
06067002100
06059099202
06059099203
06037134710
06037134800
06099002901
06099002902
06075026100
06075026200
06059074003
06059099243
06059099244
06059099510
06059110203
06059110301
06059110302
06059110500
06059110603
06059110604
06059110605
06015000202
06059001201
06059063500
06059063601
06059063603
06015000101
06015000203
06015000201
06015000102
06111002600
06059075603
06059075606
06059076202
06059076204
06059076205
06037700901
06037700902
06037701000
06037701201
06037701202
06059087803
06059087805
06059087806
06059087802
06059099204
06037702400
06037900602
06059099212
06059099214
06059099245
06099003002
06113010508
06059099511
06037134302
06037134303
06037134304
06037134421
06099003100
06059110102
06055200900
06055201300
06059062639
06059110607
06059062637
06059074801
06059075809
06059110606
06055202000
06055201800
06075060400
06059063605
06059063701
06059063702
06059063802
06111005600
06111004400
06111007607
06111005906
06111001204
06111008402
06111008304
06111007800
06111006301
06027000200
06027000500
06027000100
06027000400
06067007206
06067007207
06067005803
06067005804
06077004204
06077004302
06077004303
06077004305
06077004402
06077005003
06077005202
06059076206
06067007204
06067007209
06067007402
06067007403
06067007208
06059088001
06059088002
06067007413
06067007414
06067007416
06059099215
06059099216
06059099217
06059099220
06059099222
06037920029
06037920031
06001432600
06059099512
06067007417
06037701302
06037701501
06037701502
06037701601
06037701602
06037701701
06107001501
06059099513
06059099514
06059099601
06059099602
06037702501
06037702502
06037702600
06037702700
06037702802
06059110303
06037702803
06023010501
06075026301
06075026302
06059063803
06059063805
06055200201
06037900605
06037900606
06087110300
06059063807
06059074300
06059074403
06055200202
06055200203
06055200501
06059076208
06059086301
06059086304
06059086305
06059086306
06077004901
06077005001
06059088101
06059088104
06059088105
06059088106
06055200503
06075020401
06059099225
06061021123
06067007421
06067007422
06087101200
06059099223
06059099224
06061022014
06061022011
06061022013
06061020402
06061020502
06061021204
06061021604
06061020714
06061021322
06061021309
06061021603
06061021122
06061020710
06061021043
06067005901
06067006002
06067006003
06067006101
06067006102
06067006201
06059099604
06059099605
06059110104
06067007601
06067007701
06067007702
06067007801
06067007802
06067007904
06067007905
06037701702
06067006202
06067006300
06067006400
06037701801
06037701802
06037702201
06111001401
06089011802
06089011701
06089011001
06089012603
06089010806
06067006500
06067006600
06067006701
06067006702
06067006800
06037702901
06037703001
06037703002
06037703100
06077005108
06077005109
06067008005
06067008006
06067008007
06067008009
06077005113
06077005114
06059086402
06059086404
06059086406
06059086407
06067008010
06067008111
06067008113
06067008117
06067008119
06067008120
06059086501
06059086502
06111001001
06059088107
06059088201
06059088202
06059088203
06059088301
06067006900
06067007001
06067007004
06039000800
06037402304
06037208301
06067007007
06037219901
06059099226
06067007501
06067007503
06067007504
06039000900
06037551401
06037651401
06037670324
06037670602
06059099246
06059099701
06067007010
06067007011
06067007012
06067007013
06019005515
06059110106
06067007014
06067007202
06077005123
06077005125
06077005126
06077005303
06077005305
06077005403
06111006100
06111006200
06111006302
06059074803
06059075607
06059075701
06059075805
06059086601
06111006500
06111007700
06111007903
06111007904
06059086701
06059086702
06059086801
06059086602
06059088302
06059088401
06059088402
06059088403
06059088501
06059088802
06059088901
06031000900
06031001001
06031001002
06031001003
06031001100
06031001500
06037236400
06037237500
06065042212
06065042719
06065042723
06065043218
06065040807
06065040808
06037213201
06037213202
06037128302
06037134306
06037900900
06037119320
06037920326
06037910403
06037294520
06037573202
06037599100
06037500100
06037554511
06037542200
06001450603
06067008910
06067009004
06037213310
06037213320
06067008911
06067008913
06037213401
06037214700
06037214800
06037216100
06037216200
06037216300
06037216700
06067009503
06067009322
06067009502
06067009504
06031000404
06031981800
06001450604
06001450605
06065030300
06065030400
06065030501
06035040200
06035040500
06035040100
06035040400
06035040302
06035040600
06037532102
06037480201
06037430501
06065040901
06065040903
06065040904
06037213402
06037214000
06037214100
06037214400
06067009005
06067009006
06037216800
06037216900
06037217100
06037217200
06037218110
06037218210
06037218220
06037218300
06037218400
06037218500
06037218600
06037218900
06037219020
06037271702
06037531202
06037224410
06037267404
06037267300
06037218800
06037209401
06037571503
06037920106
06001450606
06009000210
06009000220
06009000400
06009000120
06009000300
06095980000
06065030502
06065030503
06065030700
06001451701
06065030800
06065031702
06065031703
06067009108
06067009109
06037219500
06037219800
06037220000
06037220100
06037221120
06037221210
06037221220
06037192420
06037221302
06037231500
06037430723
06037432901
06037700400
06099000602
06099000805
06099000806
06099000807
06099000801
06099000803
06099000905
06099000906
06099000909
06073003214
06073003301
06073003303
06073003403
06073008506
06073008507
06073008509
06019002501
06019004703
06019006900
06019007700
06019008302
06019001700
06019007004
06019005904
06073008510
06073008512
06073017108
06073017200
06073017303
06099003201
06099003500
06099003202
06073017304
06081604000
06081604101
06081604102
06037900804
06037900805
06037900806
06037301100
06037301204
06095252605
06037301300
06037302102
06037302104
06037302201
06037302301
06019004301
06019006402
06019007300
06019001600
06019000400
06019004207
06019005403
06095252606
06095252607
06095252608
06095252703
06095252704
06095252705
06095252706
06095252707
06037700600
06037910502
06037920033
06037302302
06019004100
06019008301
06019008200
06019000700
06019005503
06019000600
06019008401
06037920042
06037700700
06019001500
06019007201
06019007600
06019008402
06019006403
06019005505
06019003900
06019008100
06019007400
06019006802
06019006300
06099003604
06099003700
06099003802
06073003404
06073003501
06073003502
06073003602
06073003603
06073008513
06073008600
06073008701
06073008702
06073017305
06073017401
06073017404
06081604400
06081604800
06081605100
06037310300
06081605200
06095252610
06095252908
06037310400
06095252909
06095253000
06095252801
06099002200
06089010300
06089010400
06089010900
06089011100
06037900704
06085501101
06085503122
06085503121
06085502301
06085503118
06065044926
06065044930
06065045117
06065045119
06065045707
06037405001
06037405002
06037405102
06037405201
06037405202
06037405203
06085502604
06037408401
06037408501
06037431800
06037431900
06037432000
06037432101
06037432102
06085512047
06085503117
06037432201
06037432202
06037460900
06065046500
06065046800
06065940700
06037461000
06037461100
06037400402
06065940800
06065940900
06001444602
06001450502
06001450751
06001450752
06001435602
06001437101
06001438203
06001443105
06001443321
06001451504
06001403502
06111003013
06085502901
06111004716
06085503337
06085512043
06085503713
06085503902
06065941000
06065941100
06065941300
06065941400
06065040607
06037403316
06037403318
06037403319
06037403320
06037405400
06037405500
06001403702
06001425101
06001430101
06001430102
06037408624
06037408625
06085504323
06037408626
06037432300
06037432401
06037432402
06013381000
06085511915
06085504322
06085512038
06085505006
06037432500
06037432601
06037461200
06037461300
06037461400
06037461600
06037901003
06037576401
06037572002
06037570502
06037504102
06037542501
06037461700
06065040821
06065043252
06085506202
06065043270
06065043271
06085505008
06085505009
06085508508
06085508507
06085508003
06081600402
06037403321
06037405600
06013314104
06081601901
06081603802
06081609201
06081609202
06037408303
06065045115
06065045303
06065048901
06065048902
06065049500
06037408627
06037408628
06085511302
06085512045
06085512037
06085512036
06013307102
06013331000
06085512311
06081614000
06081600401
06081603801
06081984300
06065051400
06065040404
06065043316
06065044515
06059032041
06059075814
06059099416
06059001707
06059001505
06059011714
06059042311
06059042329
06059063007
06059052422
06059052404
06059032033
06059062621
06059042201
06059052522
06059052410
06059021917
06059075703
06059075512
06059052419
06059052421
06059032049
06059032053
06001405700
06001405800
06085511608
06059063907
06059075702
06059074805
06059042317
06059062647
06059052411
06059021913
06059075604
06059042111
06059021924
06059099603
06059099406
06059087403
06001444301
06059062900
06059062619
06059062620
06059074110
06059062610
06059042203
06019004404
06059110113
06059087902
06059021912
06059099415
06059021915
06059001601
06059021820
06059001602
06059062643
06059042320
06037141303
06037186202
06037188202
06037189905
06001404700
06001404800
06001405200
06001405500
06001450750
06001451403
06019004405
06037602504
06037241002
06037262604
06037262802
06037267403
06019005301
06019005302
06019005304
06019005305
06001405100
06001404900
06037980003
06037980007
06037980009
06037296901
06037123902
06037134522
06037192001
06037211122
06037104822
06059063808
06059062645
06059088702
06097151602
06097150607
06097150610
06097153809
06097153104
06001405401
06013302010
06065043822
06065043823
06065044517
06065044520
06065044606
06065045121
06037650604
06037901210
06037910101
06037269602
06037271901
06037302003
06037115103
06037125401
06037127605
06037400404
06113010402
06007001703
06037117102
06037119341
06037120106
06037122121
06037124204
06007001704
06007002601
06007002602
06007003002
06007003501
06007003700
06073017813
06073990100
06073017054
06073017053
06001451703
06001990000
06013355117
06085503329
06085512032
06085512033
06085511916
06001442302
06001406602
06001407101
06001407102
06001432501
06059099227
06059099229
06059099230
06059099231
06059099232
06059099702
06059110108
06059110109
06059074405
06059074806
06037407602
06111006600
06059074901
06059074902
06059075806
06037189904
06037190201
06059075807
06059075808
06059075810
06059086802
06059086901
06059086902
06059086803
06059086903
06059088601
06059088602
06059088502
06059088903
06059088904
06059088905
06059088902
06059099235
06059099237
06059099238
06037188100
06037188300
06059099234
06059099247
06059099248
06059099249
06037189300
06037189500
06037189902
06059099250
06059110110
06065042623
06065042729
06065042732
06059074406
06059074408
06065043009
06065042620
06065043601
06065044404
06065049600
06065042726
06065940500
06065043317
06111006700
06111006800
06087101000
06059074502
06059075002
06059075003
06059075811
06059075812
06059075815
06059075816
06059075901
06059088701
06059088801
06037190100
06037199120
06037199201
06037199202
06037199300
06111006400
06111007506
06111008001
06111000100
06111000400
06037199400
06037199700
06037199800
06037199900
06037201110
06111000600
06111005401
06111000901
06111007300
06111007901
06111000800
06111000302
06111005911
06111007202
06111002300
06111001700
06111005100
06111001800
06111005907
06111001102
06111007402
06111000200
06111000902
06111001900
06111001002
06055201900
06055201500
06055200703
06055200400
06055201700
06055200802
06037127104
06037127804
06037128102
06037132001
06037134001
06111008005
06111000500
06059099703
06059110111
06067009900
06067000100
06067009606
06037208802
06037211921
06029006100
06037215102
06037217002
06037221303
06037920102
06037920115
06111006900
06111007000
06111007100
06077004002
06059075902
06059076000
06037201120
06037201501
06037201503
06037201504
06037201700
06037203100
06037203300
06037203500
06037203600
06037203710
06037203720
06075026303
06075026401
06075026402
06075026403
06075030101
06075030102
06075030201
06059099801
06059099802
06059099803
06059110114
06037575801
06037651221
06037554600
06037620201
06075030301
06075030302
06075030400
06075060700
06059076101
06037189201
06037211803
06037211922
06037212501
06037241201
06037702002
06037267901
06037269906
06081611700
06029006201
06037601501
06059110116
06059075004
06075030500
06075030600
06075030700
06075030800
06059076102
06059076103
06037203900
06037204110
06037204120
06037204300
06037204600
06037204700
06037204810
06037204820
06037204910
06037137201
06037137301
06037137302
06107002202
06059099902
06037137401
06037141302
06037141400
06037143100
06037535001
06037603005
06037604001
06037104203
06037102107
06037620904
06037650003
06095250106
06095250104
06037203800
06037207710
06037207900
06037208000
06037208610
06037208620
06037208903
06037209102
06037209200
06037209300
06037209510
06037210010
06037190301
06037190510
06037190520
06037190700
06037190902
06037191000
06037191110
06037191120
06037191201
06037191420
06037191500
06037191610
06037191620
06037191710
06037191820
06037137402
06085503506
06085512001
06085510300
06085504602
06085507002
06085505001
06085512307
06085511910
06085505700
06085506900
06085507301
06085501700
06077005004
06071000201
06071000808
06077004902
06077004701
06077003110
06077003215
06077005122
06077003500
06077004102
06077003700
06077003803
06077003801
06077004001
06077003308
06077003114
06077003900
06037901004
06037901007
06037901101
06037901102
06037276601
06037277000
06073008331
06073008336
06073008337
06073011601
06073011602
06073011700
06073011801
06073013307
06107002304
06071002901
06073013308
06073013309
06073013311
06073013312
06107002601
06107002602
06107002901
06107002700
06107001400
06107002007
06107004101
06107001302
06107001502
06107003200
06107002500
06107004300
06107000301
06107000900
06107000800
06107002800
06107004200
06081610700
06081610800
06081610900
06081611000
06081611200
06037920040
06071000301
06095250701
06095251000
06095251300
06077005106
06077005119
06077004202
06077002800
06077003602
06077003109
06077001800
06077005124
06077003406
06077003305
06001435104
06001405301
06001982000
06001444302
06001450102
06017030902
06017031302
06017031404
06017031100
06017030704
06017030502
06017030601
06017030602
06017031503
06017030200
06017030801
06017030603
06017030401
06071000303
06071002601
06071003401
06107002903
06107002904
06071003403
06071003700
06037670500
06037670701
06037700200
06107003001
06107003002
06107000502
06107000302
06107001301
06107004500
06107000100
06107000600
06107001602
06107002400
06107003300
06107000401
06107003902
06107000701
06107002006
06107003400
06107000201
06107004000
06107000202
06107002100
06073008340
06073008341
06073008343
06073008344
06073008345
06037700300
06107001003
06107003100
06071002402
06071002401
06073013401
06073013409
06073015601
06073015701
06081611300
06081611500
06081611600
06081612000
06095251400
06095251500
06095251600
06037920030
06071000304
06095251701
06095251702
06095251803
06095251804
06037271600
06037910201
06071003900
06065044505
06037910202
06081601902
06081990100
06083000301
06083001304
06083001306
06083001706
06033000100
06029003206
06001441925
06001441927
06037132300
06037132700
06037132900
06037133000
06037133100
06037134103
06037134104
06037134201
06059110015
06039000106
06039000108
06039000109
06039000201
06039000604
06013303102
06013313203
06059021812
06059021905
06059089106
06059021916
06059021825
06059001708
06059062644
06059062634
06059042325
06059042113
06059021918
06059032056
06059021816
06059001704
06059110118
06059062604
06059062633
06059062630
06059052513
06039000603
06013355107
06013303201
06013345115
06013355108
06071011404
06001404101
06001405302
06059042315
06059075813
06059099311
06059086303
06059021921
06059001902
06059052426
06059063004
06059062626
06059042310
06059042339
06059042336
06059042319
06059074407
06059032044
06059042206
06059042112
06059021923
06059021920
06059021822
06001405600
06001406400
06073008307
06073008327
06073008329
06073008330
06073010900
06073011000
06073011100
06073013306
06073013206
06073013301
06073013302
06073013303
06081610203
06081610303
06081610400
06081610500
06081610601
06081610602
06095250400
06095250501
06095250502
06095250601
06037430200
06065042516
06065042716
06065042717
06065042800
06065042902
06065042903
06065043006
06065043206
06065043216
06065043217
06065042300
06065042511
06039000202
06001401700
06089010200
06073014602
06073011300
06073008511
06073005600
06073019101
06073013601
06073020014
06073017048
06073009507
06073007800
06073008503
06073009902
06073020304
06073015502
06073021202
06073020018
06073016201
06037980008
06037278102
06037294301
06037294302
06037294421
06037294701
06037296401
06037101400
06073018510
06073019803
06073015302
06073010104
06073009304
06073017601
06073009202
06073016606
06073019002
06073008501
06073003601
06073013411
06037573601
06073002703
06037900103
06037900104
06037900505
06037900506
06037900507
06037900608
06075990100
06061021045
06073003109
06073003111
06073003112
06073003113
06061022400
06061023900
06061023200
06037183402
06037183701
06037183702
06037186201
06037186203
06037186302
06037296402
06037296902
06037297202
06037297601
06037297602
06037104204
06037106645
06037121102
06037124104
06073007701
06073007907
06073021600
06073021800
06037406702
06037302505
06037302506
06037400403
06037408003
06037576001
06089010703
06097990100
06079010204
06079011002
06037186403
06073022000
06073008003
06073008006
06073008361
06073008362
06037186404
06037187101
06037188201
06037189101
06037189102
06037189202
06037190802
06037191301
06037191302
06037191901
06037124902
06037481605
06037481606
06037533703
06019006404
06019003302
06019004901
06019001303
06073009305
06037500404
06037501001
06037501002
06037300301
06037301205
06037134905
06073009306
06073018613
06073009510
06073012501
06007002900
06037543306
06037576301
06037576903
06037577504
06037502802
06037900609
06007000103
06007000104
06007000401
06007000402
06019000902
06019001408
06019001304
06019000901
06019001410
06001433600
06037901009
06037901010
06037901011
06037910504
06081613900
06037800328
06037990100
06019001414
06019004215
06073012502
06073013420
06073019808
06073014901
06037990300
06037192002
06037194401
06037194402
06037195201
06037195202
06037195804
06037195901
06037195902
06037195903
06037201601
06037201602
06037543321
06073016503
06007000904
06007003001
06007003502
06007000901
06007000903
06089010704
06089010603
06089010807
06089011803
06037141101
06037143604
06037190202
06037207103
06037211704
06037237102
06037240401
06037262704
06037264102
06037265202
06037620305
06089011402
06019004216
06019005804
06019001411
06019001412
06019002904
06019001409
06019002905
06037621004
06037621104
06037621204
06037621324
06037621326
06037650004
06037650401
06037650901
06037500403
06037570402
06037570501
06037570602
06037570603
06037570701
06073016504
06073007905
06073007910
06073014902
06073000201
06073002711
06037503104
06037552302
06037553503
06037571704
06037573003
06037920044
06037920336
06037990200
06037570800
06037570901
06037570902
06037571000
06037571101
06037651302
06037670411
06089012102
06089010803
06089011401
06089011801
06019004002
06019003808
06037262706
06037980006
06037604002
06037701304
06037101122
06037104404
06037104703
06037104704
06037106405
06037106407
06037670413
06019004801
06019004902
06019003301
06019002906
06073003304
06073007908
06073014806
06073008363
06037106648
06037109603
06037109604
06037111206
06037113101
06037278001
06037104403
06037108201
06037501803
06037501804
06073008364
06089011702
06089012101
06089011209
06037502003
06037502004
06037502005
06037404201
06037404202
06037404504
06037405301
06037405302
06037405701
06019005204
06019004802
06019003702
06019003807
06019003809
06019003810
06073008366
06073009511
06037405702
06037117101
06037117201
06037117407
06037117408
06037119342
06037120103
06037920337
06037700102
06037920118
06037402406
06047000301
06077005129
06077005307
06077002201
06077002202
06077003410
06037408004
06037408006
06037430003
06037430301
06037800203
06037274202
06047000505
06047001002
06047000901
06047000503
06047000303
06047001502
06077003407
06071000826
06071000824
06071000818
06071000904
06071001104
06071000823
06037113102
06037115404
06037117202
06037119001
06037119002
06037119202
06037121801
06037121802
06037123901
06037125402
06037480304
06037533002
06037536103
06037543322
06037543400
06037543501
06037543502
06047002202
06071004507
06071004509
06071000503
06071007110
06067007426
06067007427
06067007429
06037502801
06037503103
06037503105
06037503106
06037301801
06037301802
06037302004
06037302401
06037302503
06037302504
06037120104
06037120107
06037120108
06047002301
06047001901
06047002000
06047001902
06047000601
06047001503
06047000304
06067007430
06067007431
06067007432
06067007433
06033000300
06033000801
06115040301
06037121101
06037121221
06037121222
06037124103
06037124105
06037124203
06037124903
06037127604
06037127606
06037127712
06037131701
06037134521
06037135113
06037135114
06037137103
06037408136
06037571300
06037571400
06037571502
06037571600
06037571701
06037571800
06071001002
06071000208
06071000205
06071001001
06071000207
06071001504
06037408138
06037408139
06037408630
06037408723
06037408724
06037430902
06037980020
06075020402
06075061500
06037571900
06037572001
06037670001
06037670002
06037670003
06037670100
06037670201
06047002302
06029004401
06071007109
06071006204
06071006203
06071006601
06067008505
06067008507
06075061400
06075980900
06013336202
06013324001
06037542104
06037433102
06037552301
06037554103
06067008704
06067008801
06067009010
06067009324
06067009329
06067009331
06037573004
06037576904
06037910812
06037206032
06037208302
06037208401
06037208402
06037208502
06037208801
06037209103
06037209104
06037310201
06037310202
06037310501
06037310601
06037533803
06037533804
06037533901
06115040302
06011000200
06011000500
06011000100
06011000300
06011000400
06037310602
06037320201
06037320202
06037120105
06037139401
06037543905
06037544001
06037544002
06037550201
06037533902
06037534001
06115040303
06067007018
06067009201
06067009638
06067007106
06067008703
06067005509
06067008508
06067009328
06067003204
06067009332
06067009634
06101050702
06101050403
06037550202
06037550601
06037550602
06037550901
06037980022
06037980024
06037980025
06019000300
06071001312
06071002206
06071000604
06071000501
06071007306
06037980026
06013355115
06013351102
06013351103
06013351101
06037211201
06037212502
06037212702
06037543503
06037543601
06071007604
06071007410
06071007409
06065042618
06065043240
06037214501
06037215101
06037216401
06037216402
06037217001
06037218701
06037218702
06037219902
06037221304
06037221401
06037122122
06037127805
06037183103
06037183104
06037543602
06037543603
06037543604
06037543703
06037543801
06065043262
06065040101
06025012002
06037186301
06037206031
06037531503
06037531504
06037550902
06037551101
06037551102
06037551402
06037551501
06071000403
06071000815
06071000817
06037551502
06037552001
06037552002
06013365003
06013339001
06013345111
06013345114
06013345116
06037572201
06037572202
06037572301
06037572302
06037572600
06037572700
06037572800
06037572900
06037573100
06037573201
06037573300
06037670202
06071000606
06071000813
06071000603
06071007903
06071008710
06013359105
06037980010
06037980013
06037980014
06037222002
06037226001
06037226002
06037221402
06037400207
06037670403
06037670405
06037670406
06037670407
06071008709
06071009905
06037402001
06037402002
06037402303
06037207101
06037207102
06037207301
06037207502
06037211703
06037212701
06009000503
06037533806
06037535002
06099002401
06099003606
06099003804
06037651304
06037651402
06037670326
06037670328
06037670416
06037534002
06037534101
06037534202
06071002014
06071000819
06071000820
06071000203
06049000300
06049000200
06049000100
06049000400
06071001707
06071001706
06071002011
06071000814
06071000816
06037543802
06109985202
06071009904
06071009906
06071009911
06071009910
06099003605
06065040405
06065042012
06071004004
06071000901
06071002016
06071002027
06071002103
06071002036
06071009908
06071010025
06071009912
06071010423
06071001311
06071011204
06037573401
06037573402
06037573403
06037573700
06037621301
06037621400
06037650001
06037650101
06037650102
06037650200
06071002110
06071002109
06071002028
06071001308
06071001309
06071008601
06071007603
06071002801
06071000903
06071001901
06001438204
06001440336
06037534301
06037534302
06037534203
06037534404
06037534405
06001441926
06001442301
06001442601
06071001305
06071001310
06071001103
06071001307
06071001813
06001443104
06001444601
06037541605
06037541801
06071000605
06071001704
06071001810
06071002013
06071002101
06071001101
06071001804
06001450746
06001451505
06001983200
06037541802
06037542000
06001451506
06001451704
06071001809
06071001905
06071002033
06071002023
06071002018
06071001806
06001405902
06001410500
06001425104
06001433104
06071001808
06071001812
06071002015
06071002029
06071002025
06067009408
06067009630
06001440333
06037573800
06037573902
06037574000
06037574100
06067009632
06067009633
06067009635
06067009636
06071002019
06001441524
06001442602
06001443322
06037574201
06037574202
06037574300
06037650300
06037650501
06037650502
06037650602
06037650603
06037650701
06071002107
06071002038
06071002305
06071002304
06071002035
06071002604
06071002705
06071003509
06071003404
06067009639
06067004501
06067004502
06067004701
06067004702
06067005204
06067005510
06067005904
06029004702
06029004603
06029003205
06071004101
06071004104
06001450745
06001981900
06071002704
06071002207
06071003605
06071003609
06071003611
06071004301
06071004505
06001428700
06001403701
06001404102
06071007305
06029001000
06029006304
06029004604
06029005004
06029004701
06029005801
06029006404
06029006403
06029005003
06037542401
06037542402
06037542502
06071002607
06071002606
06071002307
06071002306
06061990000
06071003503
06071009112
06071009114
06071005701
06097150203
06097150204
06097150306
06001425102
06001425103
06001435103
06001437702
06097152906
06097153806
06097154303
06029005507
06071003507
06071003510
06071003603
06071003405
06071003102
06071002803
06001440334
06001440335
06001441523
06037574400
06037574500
06037574601
06037574602
06037574800
06037574901
06037574902
06037575001
06037575002
06071003301
06071003101
06097150612
06097150611
06097150609
06097153807
06097153808
06097154304
06097154201
06037602600
06037602700
06037602900
06037603001
06037603004
06071003302
06071003606
06071003612
06071004003
06071004001
06097152905
06037503301
06037503302
06097153103
06097153804
06067005205
06067007016
06071004103
06071003607
06037503401
06071003804
06071004302
06067007020
06067007102
06067007428
06067008506
06067008509
06067009011
06071003803
06071006604
06071006603
06071004403
06071004404
06067009407
06067009622
06067005301
06067005903
06067007019
06067007103
06067007104
06037503902
06059063009
06037542601
06037542602
06037542700
06037542800
06065044605
06065048800
06065031602
06065040611
06065040613
06065040615
06037542900
06037543000
06059087901
06059110115
06059087404
06037575201
06037575401
06037575402
06037575500
06085503326
06037575802
06037575901
06037575902
06037576200
06037603101
06037603200
06037603301
06037603302
06037603400
06037603500
06037603600
06085512603
06085512042
06085511301
06085512312
06037603702
06065040812
06065040815
06037503402
06037503501
06037503502
06037503601
06037503602
06037503701
06037503702
06065040816
06065042013
06065045212
06101050401
06101050402
06085503327
06085512039
06037543100
06037550100
06037550300
06037550400
06037550500
06065045213
06065045214
06065045215
06065045216
06065045224
06065045226
06037576403
06037576502
06037576602
06037576700
06037576801
06037576802
06037576901
06037577000
06037577100
06037577200
06037577300
06037577400
06055201200
06037577501
06037603900
06037604100
06037609900
06037620002
06037620101
06037620102
06001406900
06001422100
06001422200
06001422300
06001422400
06037503703
06037503801
06037503802
06061022500
06061020805
06061020715
06037503901
06037504001
06061021131
06061021130
06037534406
06037534502
06037534802
06037534803
06037534804
06015000104
06065042738
06065042739
06065042740
06065042741
06065042742
06065045233
06065045304
06065045606
06065045608
06065042720
06065044510
06065030900
06037550700
06037550800
06037551000
06111004901
06111004902
06111005204
06037555103
06037555104
06037555202
06037555211
06037555212
06037570002
06037650702
06037650800
06037650902
06013373000
06037651001
06037651002
06107000402
06013310000
06037532604
06037532605
06037532700
06037533104
06037533107
06037533201
06037533202
06037533203
06037533300
06013374000
06013375000
06013376000
06037800332
06013377000
06013383000
06013385200
06037543202
06037543304
06037543305
06013387000
06107000501
06107000702
06107001004
06107001005
06111004600
06013391000
06013315000
06013327000
06013337200
06013340002
06113010310
06013345108
06013347000
06013350000
06013359102
06013362000
06037570003
06037570100
06037570202
06037570203
06037570204
06037570301
06037570303
06037651101
06037651102
06037651201
06037651222
06013379000
06013382000
06013313101
06037533401
06037533601
06037533602
06037533702
06013388000
06013389100
06013389200
06013390100
06059021809
06059021810
06059021814
06059042326
06013390200
06113010312
06059042327
06059042328
06059063806
06059074108
06059074109
06059074111
06107001006
06107001100
06107001200
06107001601
06059074200
06013333200
06013334001
06111002901
06111003100
06111003201
06085504420
06111003300
06085503123
06013335000
06013336101
06013336102
06017990000
06059021817
06059021823
06059021826
06013338201
06013338301
06059042330
06059042331
06059042332
06059042333
06013311000
06013312000
06107001701
06059063902
06059063903
06059063904
06059063905
06059063906
06013345101
06107001703
06107001704
06107001800
06059001202
06059001301
06057000102
06057000802
06057000402
06057000300
06057000501
06057000105
06057000702
06057000502
06057000600
06057000104
06057000200
06057000801
06013345102
06013352201
06013353002
06013356001
06013358000
06013990000
06013359204
06013360200
06013364002
06013366001
06059021827
06059021828
06059021830
06017031700
06059042334
06059042335
06059042337
06059042338
06059063908
06059074004
06059074005
06059074006
06059074102
06059074103
06037480902
06037910805
06037189600
06037189400
06037430724
06037181400
06065049000
06065050900
06065045605
06065040609
06065040616
06065040813
06065040814
06065041910
06065041911
06065042217
06013313102
06013314102
06013316000
06013366002
06059001303
06059001304
06059001401
06013367200
06047002402
06037185204
06037211121
06037211202
06059032059
06037577604
06067007015
06067007017
06037462500
06037462700
06037462800
06037462900
06037463000
06067007107
06067008513
06055200705
06055200804
06055200803
06055200704
06037910505
06037291120
06037480600
06037480702
06037480703
06013329000
06055200602
06037910207
06037910208
06037910209
06037267902
06037269601
06037269903
06037269904
06037269905
06037271902
06037272201
06037272202
06037273402
06037535902
06037601303
06037532606
06037226700
06037271801
06037221810
06037203200
06037262400
06037209402
06037212305
06037433602
06037406411
06037480704
06037480802
06087120800
06087100500
06087110200
06087120600
06087121700
06087110502
06087100400
06087122003
06087122002
06087100200
06087122201
06087122202
06087123100
06087122203
06087121000
06087123300
06087122001
06087110700
06087121300
06087100300
06087122400
06037211804
06037212101
06087100900
06087120301
06087110100
06087120302
06087121402
06087122300
06087110501
06087120500
06087121100
06037212102
06037214503
06037214901
06037234901
06037239801
06037553504
06037554104
06037554105
06037554203
06037554204
06037554301
06037554302
06023940000
06061020901
06061021106
06061023000
06061021203
06061020501
06061020717
06037480901
06037261102
06037401704
06037189800
06037191204
06037143901
06037139802
06037125320
06037460700
06037123010
06037134720
06037131800
06037920034
06037920107
06037910808
06037224310
06037113231
06037408703
06037300800
06061021108
06061020806
06061020711
06061020712
06055200601
06055201006
06055200706
06037143602
06037430901
06055200504
06037186100
06037301206
06037542103
06037910811
06037293307
06083001208
06083001402
06083001604
06083002928
06083002930
06083980000
06079010205
06079010404
06079011503
06079010101
06079012102
06037533502
06037402402
06037209810
06037117404
06037123203
06037550000
06037237600
06037204410
06037296220
06037228500
06037800102
06037183810
06037480101
06037460501
06037920314
06037575803
06037621201
06037930200
06037131400
06037131600
06037131900
06087100700
06037554405
06075017102
06075012302
06075016801
06075011902
06075012201
06075012202
06075012402
06075012601
06005000200
06005000500
06005000401
06005000301
06005000402
06061021109
06061021801
06061021901
06075012602
06075012902
06075013101
06075013102
06075015801
06041102202
06041102203
06041109001
06037262303
06097152203
06061022002
06061020104
06061021501
06061020713
06061021129
06061021040
06037191410
06037800101
06037541606
06037234800
06037500600
06037701100
06037141600
06037302103
06037570601
06037980021
06037211802
06037262100
06037191720
06037194300
06037122420
06037128220
06097152802
06097152903
06097152904
06061021038
06045011102
06037189903
06037194101
06037111205
06037265602
06037115403
06037297201
06037603802
06037125502
06037127103
06037127603
06037127711
06037127803
06037127806
06037128101
06037128601
06037128602
06037128802
06019003400
06037131702
06037132002
06037132101
06037273502
06037273902
06037275102
06037275603
06037461502
06037461901
06037461902
06037462002
06037462201
06037462202
06037462301
06037231720
06037403317
06037212410
06037127102
06037482201
06037482202
06037482301
06037482303
06037462302
06037463602
06037554513
06037262200
06037297110
06037400603
06037402200
06037403325
06037403802
06037406412
06037408623
06037430801
06097153102
06097153501
06097153600
06097153704
06097153706
06097153901
06097153903
06097154302
06097150500
06097150901
06097150902
06097151401
06097152400
06097153001
06097153005
06097153401
06097154000
06037482304
06037482401
06037482402
06019000800
06019001000
06019001100
06037554406
06037701902
06037702102
06037431501
06037431502
06037433304
06037433305
06037433306
06075016802
06019001201
06037482503
06037482521
06037482522
06075017101
06075017801
06075017802
06075022704
06075025701
06075025702
06075031201
06075031202
06075032602
06075032801
06075032802
06075032901
06041119202
06037433402
06037480011
06037481711
06037501700
06037531101
06037533105
06037533701
06037541500
06037552601
06037554517
06037117302
06037117303
06037117520
06037482600
06037482701
06041119201
06061020908
06061021046
06061021034
06061021035
06061021044
06037570702
06037572500
06037132102
06037132501
06037132502
06037134002
06037134423
06037134904
06037137104
06037139001
06037139402
06037480303
06037910210
06037910712
06037910713
06037920045
06037980001
06037980002
06037980004
06037574700
06037575103
06037575202
06037980023
06037980028
06037601002
06037603102
06037620521
06037670702
06037900701
06037901205
06037910709
06037910810
06037920032
06037920043
06037920104
06037920303
06019003805
06037433307
06037433504
06037434003
06037434004
06037269907
06037120300
06037120400
06037121010
06037121020
06037276603
06037276604
06037293306
06037570404
06037571504
06075033203
06075033204
06075042601
06075042602
06075047801
06075061100
06075061200
06037121210
06037121600
06037124000
06037124102
06037124201
06037124300
06037124400
06037124600
06087100800
06087101100
06087110400
06087110600
06087120200
06087120400
06087120700
06087120900
06087121200
06087121401
06087121403
06075980300
06075980401
06075012502
06075980200
06061021039
06061021403
06061021037
06037482702
06037482800
06037500202
06037500300
06061020401
06037141102
06037141201
06037141202
06037141304
06037143603
06037183221
06037183222
06037183401
06037910606
06037910711
06095251100
06095253108
06095253300
06037121900
06059021903
06059021914
06059021919
06059021922
06059052408
06059052415
06037122000
06097150602
06097151203
06037122120
06037122200
06037123020
06037123103
06037980005
06059052416
06059052417
06059052418
06059074106
06059074107
06013322000
06013314103
06013346201
06013356002
06013354002
06013321103
06013353001
06013309000
06013345202
06013323000
06013355200
06013359203
06013319000
06097151301
06097151305
06097151306
06037101110
06037101210
06037101220
06097151310
06013369001
06001408200
06037113301
06037113303
06037113321
06037113322
06037113401
06037113421
06001408400
06001408500
06001408600
06001408700
06037106020
06037106111
06089010100
06097151504
06097151311
06059099239
06059099305
06059099306
06059099251
06059099307
06059099903
06059099905
06059099906
06001408800
06001408900
06001409100
06001409200
06001409300
06059110007
06059032002
06037113422
06037115101
06037115201
06037115202
06037115301
06059110003
06059099904
06059032003
06059032012
06059032013
06059052424
06059052425
06059052427
06095252702
06013306002
06013326000
06013340001
06013301000
06013361000
06013352102
06013338302
06013334004
06013346101
06013378000
06013349000
06013369002
06013345105
06013337300
06013343003
06013345103
06013352202
06013346102
06013321200
06013325000
06013343001
06013321102
06013307204
06013313103
06013367100
06001409400
06001409500
06001409600
06001409700
06001410100
06059052428
06095250900
06095252104
06095252102
06095252202
06095252201
06095252604
06095251902
06095252910
06037115401
06077004104
06077004201
06077004203
06039000300
06001410200
06001410400
06001420100
06001420200
06059087001
06059087002
06111001402
06111001502
06111001503
06111001506
06001420300
06001420400
06111001507
06111001601
06111001602
06111002000
06001420500
06059099240
06059099308
06001421100
06001421400
06001421700
06001421800
06001421900
06059099309
06059099310
06059099402
06059099404
06059110004
06059110005
06001420600
06059032046
06059001901
06111000903
06111001101
06111001201
06111001202
06059052528
06059032043
06059042205
06059089107
06059021815
06059042324
06059052420
06059052423
06059052506
06059001706
06059021802
06059086405
06059074501
06059032011
06059021821
06059075605
06059032014
06059032015
06111001301
06111001302
06059032020
06059032022
06059052502
06059052505
06059052511
06059052514
06059052515
06059087101
06059087102
06059087103
06059087105
06059087106
06105000200
06105000300
06105000400
06023990100
06023010901
06023010902
06023011500
06023011600
06023001300
06077004600
06077004800
06077005110
06077005127
06059001402
06059001403
06059001404
06059001501
06059001503
06059032027
06059032028
06059032029
06059032030
06059052517
06075023102
06075023200
06059052518
06059052519
06059052520
06059052521
06075023300
06075022901
06001407000
06001407200
06085504316
06001407300
06001407400
06001407600
06001407700
06001407800
06071007105
06071002204
06071009717
06071940100
06071009107
06071008705
06071008302
06071004601
06085503324
06071004503
06071002301
06071010017
06071007800
06071007901
06071001600
06071011300
06071000111
06071010023
06071007407
06071010409
06071009711
06001423700
06001423800
06059001504
06085503509
06071004800
06071009500
06071002010
06001423901
06001427700
06059001506
06059001507
06059001705
06059032031
06059032032
06059032034
06059032035
06059032036
06059052523
06059052524
06059052526
06059052527
06059062605
06071004700
06071007403
06085503510
06001427800
06085504317
06085504319
06085504320
06071009712
06071009713
06071010700
06071010024
06071008301
06071011800
06071005100
06071000109
06071008901
06071010411
06071010416
06071004504
06071009400
06071010300
06071010022
06071000812
06071000104
06071010413
06071010415
06071006302
06071008704
06071009716
06071009708
06071010410
06071011600
06001424001
06001428100
06001428200
06085503511
06085503601
06085504321
06085504410
06001428301
06001428302
06059001801
06059001802
06059001903
06059011000
06059011101
06059011102
06059032037
06059032038
06059032039
06071007404
06071007601
06059032040
06059042323
06059062632
06059062611
06059062612
06059062614
06001428400
06001430900
06059062622
06055201102
06017030810
06017031600
06017030301
06017030302
06017030808
06017030809
06075022803
06075017902
06075047702
06075035202
06075020600
06075013300
06075025403
06075022702
06001431000
06001432100
06085503325
06083002922
06053010701
06053013200
06053013600
06053011700
06053010606
06053010305
06053001200
06053011000
06053010501
06053011102
06085503602
06059011200
06085503703
06085503712
06001428000
06001428500
06001428600
06059011401
06059011402
06059011403
06059011502
06059032042
06059032045
06059032047
06059032050
06053001600
06053011400
06001430300
06001430400
06001430700
06059062625
06059062627
06059062629
06053000600
06053010702
06053013100
06053011900
06053010102
06085503708
06077005302
06077000100
06059062635
06059062636
06059032048
06037137000
06001422500
06001422600
06001422700
06001422900
06001423000
06001423100
06001424002
06075030202
06075012000
06075026001
06075026003
06075026404
06001426200
06001427100
06001427200
06085503401
06075025401
06075016100
06075011000
06075035100
06075060502
06075045100
06075016500
06075015300
06075013500
06075023103
06075022801
06075018000
06075013000
06085503402
06085503507
06085508004
06001427300
06059011503
06059011504
06059011601
06059011602
06077000300
06077000401
06077000402
06077000500
06077000600
06059032051
06059032054
06059032055
06059042103
06059062638
06085504411
06071005200
06077000700
06077000900
06059062640
06059062641
06059062642
06059062646
06071980100
06071008001
06065045222
06065045228
06065045609
06065046900
06065047202
06065045125
06065048100
06065049700
06065050300
06065050600
06065050700
06065981000
06065051200
06065043274
06065043291
06065043513
06065043517
06001406201
06001406202
06001406300
06111002905
06085503333
06037128801
06037134903
06037139503
06037139504
06001450501
06083000804
06029000400
06029000504
06029000506
06029000507
06085503903
06013386000
06013354001
06013318000
06013314200
06013355301
06013357000
06071008403
06013337100
06013363000
06013321101
06013320001
06013307205
06013355302
06053012200
06013307101
06029000600
06029000700
06073002902
06073002903
06013355304
06013341000
06013385100
06013392000
06013351200
06071010421
06071011401
06071000115
06071002031
06029000800
06029000903
06029000904
06071008100
06053014102
06071011203
06053014301
06013365002
06013307201
06073019903
06073021000
06035040303
06053014302
06013308001
06065042617
06065042624
06013307202
06065042730
06065042731
06065042733
06065042737
06065042745
06065043007
06065043244
06065043246
06065043247
06065043254
06065043265
06065043267
06065043272
06065041913
06065043008
06065043239
06065043813
06065044516
06029000905
06029000906
06085508102
06085508202
06053012302
06053012401
06053012402
06029000907
06029000908
06029000909
06029003114
06029003115
06029003121
06029003122
06029003123
06085506606
06053014105
06053012502
06029001102
06029001103
06085504506
06085504507
06085506701
06053010400
06029001201
06029001202
06029001300
06029001400
06029001500
06095250801
06095252915
06095252314
06085508203
06029001600
06013308002
06085506702
06053012600
06053012700
06053012800
06015000105
06085506703
06013343002
06013348000
06013352101
06013359202
06085504805
06025010102
06025010101
06025012001
06085504806
06085504901
06085505007
06085505203
06029000902
06029002200
06029000910
06029006002
06029003204
06037310100
06085508204
06085508504
06085508505
06043000200
06043000400
06057001206
06057001204
06057001205
06057001203
06029002820
06029001700
06037300200
06037300400
06085504802
06085504803
06085505301
06085505302
06085505304
06085505305
06085505401
06037300701
06037300902
06085505402
06013384000
06013305000
06029001801
06029001802
06029001901
06029001902
06029002100
06085508601
06029002301
06029002302
06037320100
06037320300
06085505403
06085505500
06085505600
06085505800
06085506803
06085507806
06085507807
06029003700
06029006202
06029003103
06029005201
06029002000
06029001101
06029003807
06085508301
06085508303
06053010504
06029002400
06029002500
06029002600
06029002700
06085505900
06085506000
06085506101
06085506102
06085507808
06053001500
06053001700
06029003124
06029003805
06029003806
06111004704
06029005600
06029004500
06029006004
06029005700
06029005506
06029005104
06029000505
06001410000
06029003810
06029003303
06029003000
06029003900
06029003808
06085506103
06085506203
06085506204
06085506301
06001430200
06001407900
06001436601
06029003809
06029003811
06029003812
06029003813
06029004000
06029004101
06037301400
06037301501
06037301502
06037301601
06037301701
06037301602
06037301702
06001401400
06029004102
06029004200
06029004301
06037301900
06037302002
06113010401
06113010302
06029002804
06073017022
06073009901
06073017045
06073013419
06073015703
06073013503
06073020017
06073015403
06073010103
06073018504
06073020801
06073019302
06073018608
06073005900
06073007600
06073020500
06073019001
06073009505
06037400204
06001400500
06001451102
06029002806
06029002807
06029002808
06029003202
06029003203
06085507903
06085508401
06085508404
06001451101
06001432800
06001441503
06001435400
06001438000
06001451201
06001451202
06001409000
06029003400
06029003500
06029003600
06029006003
06115040500
06115040600
06109003200
06109003100
06109001200
06109004200
06109002100
06109004100
06109005201
06109001100
06085508503
06001401500
06029004601
06029003304
06029000503
06029005300
06029005103
06029005501
06029002811
06029002813
06073003208
06085507904
06101050101
06029002814
06029002815
06029002816
06029002817
06029002818
06085504412
06085504413
06085504414
06085504415
06085504416
06073013414
06073013415
06073013416
06073013417
06073013418
06029003803
06111005002
06073018517
06073018518
06073018519
06073018601
06029003804
06029000101
06029000102
06073008303
06073006200
06073012200
06073020706
06111005202
06001401600
06001402400
06085504418
06085504421
06051000200
06073000700
06037310703
06037310900
06001402200
06073000800
06073000900
06037311000
06037311100
06037311200
06037311300
06037311400
06037311600
06085507905
06001402500
06001402600
06001402700
06001402800
06001403000
06037237900
06037534700
06037533106
06037228600
06037222600
06037407101
06037482502
06037208904
06085504422
06001403100
06073013505
06073013506
06073013604
06085506304
06085506305
06085506401
06073013802
06073018603
06073018609
06073018610
06001403300
06001404501
06001403800
06001403900
06037800202
06037400604
06037302202
06037139703
06037430502
06037300702
06037123602
06037122410
06037131300
06037115302
06037109700
06037920026
06037910501
06109002200
06109005100
06041106001
06001404000
06001438300
06037576402
06037543903
06037571102
06085506402
06085506501
06085506503
06111005203
06111005303
06111005304
06111005306
06111005403
06111005404
06009000122
06009000504
06009000121
06009000501
06085507906
06085508001
06099002402
06037543701
06037241300
06037228410
06037531800
06037910809
06037267402
06037204200
06037206200
06037209820
06037403500
06037214600
06037211420
06037191810
06037480302
06037192620
06037404501
06073001000
06073001100
06085506601
06085506603
06085506605
06019006405
06079010202
06019005912
06079010201
06079010300
06079011501
06079011600
06079012401
06079012503
06079010901
06079012702
06079010703
06079012600
06079012302
06073001200
06073001300
06073001400
06073001500
06085508101
06073013905
06073013907
06073013908
06073013909
06073014001
06001450701
06001403400
06073019206
06073019404
06073019405
06073019406
06001403600
06001435300
06001450602
06001409800
06001440306
06001450601
06037124500
06037301203
06037127910
06037123205
06037108103
06037910402
06037575101
06037900102
06037293201
06037570001
06001435700
06001400600
06037310800
06037311700
06037311802
06037320000
06001442000
06001426100
06001400100
06001433700
06001437500
06001441100
06001451503
06001408100
06001450742
06001404502
06001440301
06001406800
06001430500
06001422000
06001442200
06001436402
06001431100
06075980501
06085510400
06085510700
06001421200
06001422800
06001405000
06017030804
06017030901
06017031000
06017031200
06017031301
06017031402
06027000800
06017031502
06111005502
06111005503
06111005504
06111005700
06079010902
06079011101
06079011102
06079011103
06079010701
06001400900
06001400700
06001400800
06001451602
06001400200
06017031504
06017030701
06017030803
06111005901
06085509105
06085509106
06085509108
06073014002
06073014101
06073014102
06073014200
06073014601
06073015704
06073019501
06001435200
06001410300
06001409900
06073001600
06073001700
06085510801
06085510802
06085510803
06085510900
06085511000
06073019502
06073019804
06073019805
06001421300
06001450741
06017030504
06017030505
06017030709
06017030807
06017031800
06001423200
06085511100
06085511400
06085512024
06085512025
06085512026
06001406000
06001423902
06001443200
06001404200
06085509109
06085509201
06001400300
06085512027
06001427900
06001421500
06001407500
06001451401
06001443103
06001430600
06001451300
06001421600
06001408300
06001450607
06085513500
06001401800
06085509202
06085509302
06041101200
06041117000
06041110100
06041133000
06041114100
06041120000
06041124200
06041114200
06041108100
06041128100
06041121200
06041126200
06041110200
06041104101
06041113000
06001400400
06073021302
06073009504
06073020307
06073019207
06073019205
06073008335
06073017041
06073017810
06073020903
06073014300
06073014500
06073014700
06073014804
06073010800
06073020306
06073008902
06073007100
06073006802
06073020023
06037533403
06023011000
06023010700
06001401000
06085509303
06073018803
06073016802
06073013701
06073017032
06073020904
06073016806
06073019602
06073019203
06073021204
06073003207
06073019107
06073018513
06073008347
06073005000
06073014803
06073003003
06073015802
06073013702
06073017106
06073016902
06073020016
06073017010
06073016811
06073008313
06073018700
06073019701
06073020708
06073020405
06085512029
06001423601
06001435102
06001431200
06001440332
06001404400
06001404600
06001406700
06001436500
06001430800
06073006801
06073009802
06073020013
06073018801
06073013906
06073002301
06073002302
06073002401
06073002402
06073002501
06085512030
06073002705
06073002707
06073002708
06073002709
06001401100
06037300502
06037300600
06073003114
06073003115
06085512034
06085509304
06001401200
06001401300
06037134305
06037103200
06037920020
06037910706
06037910206
06037910601
06037910804
06037575102
06037572400
06037543201
06037553602
06073001800
06085511702
06085511905
06085512505
06041112100
06041103100
06041104300
06041107000
06041118100
06041127000
06041116000
06041124100
06041132200
06041104102
06041104200
06041108200
06001402900
06037620001
06037535604
06037532900
06037433503
06037400501
06037401303
06037401304
06037576302
06037460401
06037910002
06073001900
06073002001
06073009509
06073010012
06073011902
06073012401
06073013606
06073013903
06073014400
06073015200
06073015301
06073015405
06073016605
06073016809
06073016901
06073017019
06073017029
06073017042
06073017044
06073017046
06073017049
06073008310
06041122000
06041123000
06041125000
06041115000
06001441924
06085512506
06041103200
06041101100
06041119100
06041105000
06073015000
06001440100
06001451601
06041121100
06041126100
06041128200
06073015100
06073016608
06085509401
06085509403
06085509404
06085509500
06085512005
06073020021
06073020024
06073020025
06073020106
06073020103
06073009103
06073008328
06073006500
06073008305
06073004501
06073003204
06073016609
06073020108
06073020109
06073020202
06073020206
06073020207
06073013504
06073016701
06073021100
06073013605
06073020015
06073009706
06073015406
06073016702
06073019702
06073019601
06073017047
06073017015
06073009704
06073015501
06073019303
06073019208
06073020807
06073003401
06073018507
06073021303
06073017033
06073020305
06073018611
06073020902
06073020710
06073009502
06073002601
06085512508
06073002602
06073002702
06073002710
06073002801
06085509600
06085509700
06085509802
06037143902
06037141700
06037311500
06037123420
06037134101
06073002905
06073003201
06073003202
06065042622
06065042724
06073008333
06065042728
06085509901
06045010100
06073020019
06073010005
06073015602
06073019103
06073013801
06073008346
06073019106
06073020105
06073016807
06073018904
06073009400
06073008324
06073008312
06073017403
06073016616
06073008311
06073017604
06073002002
06073002100
06115041100
06115040100
06115041000
06115040800
06115040200
06115040700
06115040902
06115040901
06115040400
06065041804
06065041805
06065041807
06065041808
06073002201
06073002202
06037301000
06073018511
06073018516
06073018802
06073018903
06073018905
06073018906
06073019105
06073019301
06073019403
06073019902
06073019904
06073019905
06073020107
06073020401
06073020404
06073020705
06073020709
06073020805
06073020806
06073020809
06041129000
06041132100
06041102100
06041106002
06041111000
06071000821
06037620301
06037540502
06037242600
06073000100
06073016610
06073016612
06073016613
06073016614
06073016615
06073017020
06073017030
06085508602
06073003107
06073003108
06073017809
06073018514
06073018612
06073019503
06073019806
06073020208
06073020209
06073020210
06073020211
06085509902
06073017306
06073008350
06065044804
06073002803
06073002804
06073003001
06073003004
06073003101
06037270100
06037401201
06037401202
06037401203
06037401311
06037401312
06037403401
06059021824
06059021829
06079011200
06079011300
06079011400
06073016617
06073016804
06073016810
06073017006
06073020601
06073020602
06037408800
06073020707
06073008339
06073013410
06073013412
06073016402
06073020020
06073020022
06073020403
06073021304
06069000100
06069000200
06069000300
06037433601
06037433700
06037433801
06037433802
06037463101
06065045000
06079011901
06079011902
06079012000
06079012200
06019007500
06019008000
06073017009
06073017014
06073017018
06073017021
06069000400
06037401500
06037401601
06069000600
06037401602
06037401603
06037401701
06037401703
06037403402
06037403404
06037430002
06037430101
06037430102
06037433902
06037434001
06037460000
06037460100
06037463102
06037463200
06037463300
06037463400
06037463500
06037463700
06079012402
06079012704
06063000502
06063000501
06101050701
06079012800
06079011800
06079012502
06101051000
06101051100
06101050601
06101050102
06101050900
06101050201
06101050603
06101050800
06073017031
06073017034
06073017035
06073017036
06073017037
06071001702
06037277100
06037277200
06059052525
06071003000
06037401800
06037401901
06037401902
06037403405
06037403406
06071004604
06071010804
06071009108
06071012001
06071010026
06071010417
06037430302
06101050202
06101050301
06037430400
06101050302
06101050501
06073017039
06073017040
06099000510
06099002504
06099002503
06099002006
06099002005
06099003805
06099004000
06037400206
06037400302
06113011206
06113010102
06113011102
06113010501
06113010505
06113011300
06113011500
06073017043
06025011202
06037291110
06037291130
06037291210
06037291220
06037291300
06037292000
06037293202
06019005406
06019005407
06019005605
06037402101
06019005606
06019005701
06019005702
06019005703
06037403407
06101050503
06101050504
06101050604
06025010400
06025010500
06025010700
06025011400
06037430600
06073017501
06073017502
06073017603
06073017701
06073017702
06071001803
06037293302
06037293304
06037294110
06037294120
06037294200
06037294410
06037293301
06019005509
06019005508
06019005704
06019005801
06019005802
06047000202
06047000201
06047000401
06047000402
06047002401
06047002100
06019006000
06019006700
06043000102
06043000101
06043000301
06043000302
06037400800
06071001703
06037402102
06037402301
06073017808
06073017811
06073017900
06037406602
06037294620
06037294510
06037294820
06037294900
06037296210
06037296300
06037294610
06037460200
06037460301
06037460302
06033000501
06037400602
06037275302
06037275311
06037275400
06071001400
06073018000
06073018100
06073018200
06073018300
06037296500
06037297000
06037297120
06037297300
06037297400
06037297500
06073008365
06073014805
06037406800
06037407001
06037407002
06037407102
06037407200
06037407301
06059075504
06037430701
06085508403
06073010011
06073018400
06073018509
06113011400
06113010101
06073018512
06073018515
06037403408
06037407400
06037407701
06037407702
06037407900
06037431100
06037430721
06037430802
06037430803
06037431001
06037431002
06037460502
06029003306
06029006007
06029003305
06029006008
06029005204
06029005203
06029005508
06029005802
06029006006
06029006303
06029006500
06071003200
06071000103
06071000105
06025012400
06025010200
06025010300
06025011100
06025010800
06025012301
06025010900
06025011000
06025011300
06025940000
06025011900
06037402403
06037408133
06025011600
06025011700
06025011801
06025011802
06037460600
06037400304
06075980600
06071000107
06071000108
06037276000
06037276100
06037276400
06037276500
06037402404
06037402501
06037402502
06037402600
06037402702
06081606800
06037277400
06037240020
06037533103
06037402703
06037403600
06037403702
06037403703
06037403721
06037403722
06085506804
06073004300
06073004400
06073004600
06073004700
06073004800
06073004900
06073009102
06073009104
06073009106
06073009107
06081606000
06081609100
06081610304
06081606100
06081606200
06081606300
06081606400
06081603900
06081613200
06095253203
06095253402
06095252903
06089012400
06081610202
06081603400
06081611800
06081608100
06081613300
06081600500
06081607300
06081613600
06081600100
06081603100
06081605600
06081604600
06073005100
06073005200
06073005300
06073005400
06073005500
06073005700
06073009201
06073009301
06073009506
06073009602
06081606500
06081606600
06081606700
06081606900
06053990000
06081600600
06081601100
06081601200
06037405101
06037800408
06037185320
06037481603
06037481001
06037404600
06037800326
06037800329
06037800330
06037800406
06037800410
06037800504
06037800506
06001450400
06037186401
06037197200
06037197300
06031000402
06031001602
06031001601
06031001300
06031000200
06031000100
06031001701
06031001200
06031000300
06031000601
06031000403
06037197410
06037197420
06037197500
06037197600
06037197700
06037199000
06031000405
06031000500
06031000602
06031000701
06031000702
06037199110
06031000800
06037187102
06037187200
06037187300
06013355114
06085503116
06085503204
06085507701
06083001206
06081601601
06085502908
06085502909
06085508704
06085509107
06085511701
06085511907
06085511912
06085512017
06095252904
06095253500
06095252305
06095251802
06085503207
06085502910
06085503001
06023000500
06023000600
06023000700
06023001000
06039000506
06039000102
06039000502
06039000508
06039000602
06039000103
06039001000
06039000503
06007000102
06085503208
06095251200
06085500100
06085500200
06085500300
06095252502
06095250200
06085500400
06085500600
06085500901
06085500902
06085501000
06085503210
06085503211
06007001000
06007000201
06085503002
06085503003
06085511800
06085512305
06085511914
06085507302
06085504307
06085503504
06085502702
06085501900
06085504318
06085507500
06085512200
06085507203
06085503802
06085512602
06007000300
06085507703
06085503115
06085512402
06085507001
06085508304
06085506604
06085512308
06085501200
06085501300
06085501401
06085501800
06085503105
06059099233
06059099502
06059001101
06085507401
06085507100
06085507805
06085507702
06085505303
06085503707
06059001102
06059032023
06059062628
06085502001
06085502002
06081613502
06053011304
06053011303
06053011802
06053014800
06081612900
06081605700
06053014700
06055201402
06055201403
06055201101
06055201005
06055201401
06079010016
06019001407
06019003104
06079011504
06019005805
06097151800
06073005800
06073006000
06073006100
06073006300
06073009603
06073009604
06073009703
06073009705
06073009801
06073011802
06081607100
06081607200
06053010306
06053010804
06053014107
06053000701
06053014601
06053011101
06053011502
06053011602
06053011604
06081607400
06081607500
06013304005
06013304002
06013303103
06087990100
06071009119
06071000118
06071009109
06073006600
06073006900
06073007002
06073009804
06073009805
06073010001
06073010003
06073010004
06073012002
06073012003
06073012101
06081607701
06081607702
06081607800
06081607900
06081608002
06091010000
06037402904
06073007200
06073007301
06073007302
06073007400
06073007501
06073007502
06073010009
06073010010
06073010013
06073010106
06073010107
06073012102
06073012302
06073012304
06037275200
06037702801
06037226420
06073012402
06081608023
06081608200
06081608300
06081608400
06081608501
06081608502
06037219010
06037530006
06037209520
06037208720
06037208710
06037404902
06037481401
06037190901
06037189702
06037143700
06037181300
06037139702
06037300901
06073007903
06073010200
06073008002
06073010110
06073010111
06073010112
06073010300
06073010401
06073012600
06073012700
06073012800
06073012900
06073013000
06081608600
06081608700
06081609000
06081609300
06073008101
06073008102
06073008200
06073008301
06073008306
06073010402
06073010501
06073010502
06073010601
06073013205
06073013102
06073013103
06073013104
06073013203
06073013204
06081609900
06081610000
06081610100
06081610201
06073010109
06019000502
06037405800
06037405900
06085512313
06085512314
06085512604
06085502603
06037117530
06037119310
06037406000
06037406101
06037406200
06013359104
06097153801
06097152702
06097152701
06097153300
06097151502
06097150701
06097153002
06097150800
06097152300
06097153404
06097151309
06097151307
06097151204
06097152501
06037408629
06037408704
06013368001
06013303205
06013304003
06037221602
06037234902
06037236203
06037236204
06037237101
06037237202
06037119340
06037408705
06037432602
06037432700
06037432801
06037432802
06037432902
06065043814
06037237401
06037237402
06037239202
06037239501
06037239502
06037239602
06037239701
06037214502
06037214902
06037234501
06037234502
06037265201
06037275101
06037275602
06037119700
06037119800
06037119900
06037120020
06037120030
06037462100
06037462400
06037295103
06037102103
06037533001
06037536104
06037600304
06037602302
06037602508
06037602509
06037602801
06037910715
06037104201
06037910716
06037104310
06037104320
06037104401
06037124700
06037602802
06037603006
06037603801
06037700101
06037700501
06037700502
06037700801
06037700802
06037701402
06037406901
06037433101
06037104500
06037104610
06037104620
06037104701
06037104810
06037125100
06037125200
06037406902
06037407502
06013303204
06013355110
06013306004
06013304004
06037106642
06037106643
06037107010
06037107020
06037108101
06037108102
06019006602
06061021103
06061021502
06013303202
06013320003
06013392300
06037980018
06037980030
06037980033
06037600303
06037602505
06037602506
06037106010
06037123104
06037123204
06037123206
06037123301
06037123303
06037125310
06037125600
06037127210
06037127220
06037127300
06037127400
06061021003
06061020105
06061020601
06061021304
06037602507
06037240402
06037241001
06037533805
06037402405
06037402705
06037402706
06037402803
06037402804
06037402903
06037104108
06037106406
06037109100
06037109200
06037109300
06037109400
06037109500
06037109601
06037127520
06013370000
06037106646
06037407601
06037407801
06037407802
06037408005
06037408140
06037408141
06037406701
06037108104
06037111100
06037111201
06037111202
06037111204
06037111301
06037111302
06037127920
06037128210
06037128303
06037128400
06037128500
06037128702
06037123304
06097152000
06037400900
06037408504
06013306003
06013313205
06013333101
06013333102
06037111400
06037109800
06089011600
06089012302
06089010500
06089012500
06089012303
06089011500
06089012701
06089011900
06089012200
06089012601
06089012702
06089010702
06097152100
06037123510
06097151900
06037123520
06037123601
06037123700
06037123800
06037401001
06037401002
06037401101
06037401102
06037403322
06023001101
06059021813
06059032057
06037113211
06037113212
06037128910
06037131010
06037131020
06037131100
06037131200
06037403323
06037403324
06037406300
06037406402
06055201004
06055201601
06055200301
06055200505
06055200707
06055201602
06055201007
06055200302
06055201003
06037241202
06037406500
06037406601
06037572100
06037262501
06037264103
06037239702
06037239802
06037265601
06037461501
06037650605
06037900508
06037901008
06037106649
06037108202
06037102104
06097152201
06097151308
06097153200
06097150702
06097151201
06097150303
06097153902
06097154100
06097153403
06037408706
06037408722
06061021401
06061020602
06061020604
06061021802
06061020606
06061020605
06061020300
06061020107
06061020200
06061021902
06061020106
06037113237
06037542105
06037542106
06037408505
06037408631
06037190401
06037190402
06037190801
06037207302
06037207501
06037208501
06037185203
06097151000
06097152502
06097153003
06097150603
06097150601
06097150202
06097150100
06097150304
06097152801
06097153006
06097151402
06097151100
06097153502
06097152202
06097151700
06097153705
06097152600
06097151503
06097153703
06037433200
06037433302
06037433401
06037433403
06037433501
06037407501
06085503322
06075010100
06075010200
06075010300
06075010400
06075010500
06075010600
06075010700
06075010800
06075010900
06075011100
06075011200
06075011300
06075011700
06075011800
06071005300
06085503508
06001423300
06085503709
06085503804
06085503212
06085503213
06085503214
06085503217
06071005400
06071005500
06071005600
06059011707
06059011708
06059011709
06085504001
06085504002
06085504101
06085503218
06085503304
06077001000
06077001101
06077001102
06077001200
06059011710
06059042106
06059042107
06059042108
06059042109
06085503305
06085503306
06077001300
06077001400
06059062701
06059062702
06059062800
06059063005
06059063006
06059063008
06059110001
06071006201
06071006301
06071006401
06071006402
06085504102
06085503313
06085503315
06075012700
06075012800
06075013200
06075013400
06071007408
06085503323
06075012100
06075015100
06075015200
06075015400
06071006500
06071006700
06071007000
06085503321
06071007106
06071007107
06071007108
06071007200
06077001500
06077001600
06077001700
06077001900
06085504311
06085504314
06085504315
06077002000
06077002100
06077002300
06059011711
06059011712
06059011715
06059011716
06059042114
06001423400
06059042305
06059042307
06059063010
06059063101
06059063102
06071004201
06071004202
06071004401
06001423500
06001423602
06001427600
06059063103
06059063201
06075015700
06075015900
06075016000
06075016200
06075016300
06075016400
06037408137
06075016600
06075015500
06075015600
06075016700
06001433000
06001433200
06001433300
06001433400
06001433500
06001433102
06077002701
06077002702
06077003106
06001440307
06001433800
06001440308
06001441200
06001441301
06001441302
06077003108
06077003111
06077003112
06077003113
06077003203
06001440331
06001433900
06077003205
06077003208
06001434000
06001435500
06001435800
06077003209
06077003210
06077003213
06077003214
06001435900
06001436000
06001436100
06001436200
06001436300
06001436401
06001436602
06001436700
06001436800
06075016900
06075017000
06113010511
06113010512
06001436900
06001437000
06001437200
06001437300
06001437400
06001437600
06077003306
06077003311
06077003403
06077003404
06077003405
06077003307
06077003310
06077003601
06077003802
06001437900
06001438100
06001438201
06001438400
06001437800
06113010513
06001440200
06001440304
06001432200
06001432300
06001440305
06001432700
06001432502
06001433103
06065041912
06081608013
06073017050
06037275500
06037462001
06037463601
06037920116
06037920119
06037920338
06037930301
06013346204
06013346203
06013360101
06013355109
06013355113
06013334006
06013334200
06013392200
06013355306
06013355112
06095252317
06095252316
06095253206
06095253205
06095253204
06073010014
06037221601
06037222001
06037237201
06037239201
06037239601
06037980019
06037980031
06099000402
06013304001
06013355111
06013360102
06013302008
06013302007
06013302009
06085504700
06059001103
06007000501
06007000502
06085501501
06085501502
06085501600
06007001100
06085502101
06085502102
06085502201
06085502202
06007001200
06007001300
06007002800
06007003100
06007000202
06065044927
06065043250
06065043812
06085502701
06085502800
06085502903
06085502906
06085503110
06007000601
06093000701
06093001200
06093000800
06093000703
06093000200
06093001100
06093000400
06093000500
06093000900
06093000300
06093000702
06085502400
06085510200
06085512309
06085512503
06085504601
06085511909
06085510001
06085500500
06085512100
06085507402
06007000604
06007000700
06007000800
06085502907
06085503336
06071025100
06037408503
06037403303
06037272100
06037403403
06037407302
06037530902
06037221110
06037212303
06037201200
06037191203
06051000102
06051000101
06061022200
06061023800
06061022600
06061023400
06061023700
06037135201
06037119400
06037113213
06037296600
06037575300
06037406102
06037261101
06037554001
06037920013
06037920312
06037500201
06037535501
06037501600
06037237300
06037408402
06037227010
06037219300
06037530301
06037204420
06037404701
06037211320
06037262301
06037206300
06037267501
06037218120
06037209403
06037208902
06037212203
06037433901
06071000504
06071000117
06071000116
06071001906
06071009202
06071002022
06071002017
06071001501
06071002034
06071003505
06071003801
06071004510
06071010902
06071011002
06037194200
06037404901
06037189701
06037183620
06037143800
06037139303
06037123410
06037120010
06037117510
06037576501
06037294810
06071011001
06071011102
06071007904
06071008602
06071011206
06071010424
06071012104
06071009117
06071009110
06071009118
06071012002
06071012101
06071012103
06071009913
06071010422
06071010420
06071010803
06071011205
06071000113
06071010419
06071002703
06071009201
06071004603
06071009116
06071010901
06071011403
06071011101
06071025000
06071012700
06071012400
06071012500
06023000400
06001406100
06111000701
06111003801
06111005205
06111003010
06111000304
06023011100
06023000800
06023010102
06023010502
06023001200
06023000200
06023000900
06023010400
06023011200
06037573002
06037571200
06037400205
06037552900
06037603704
06037242300
06037535503
06037534201
06023000100
06023010200
06023000300
06023010800
06023010300
06023010600
06037502302
06019005512
06019005513
06019005510
06019005514
06019007002
06019007003
06019007100
06019005602
06019007202
06047000504
06047000602
06047000603
06047000701
06047000702
06047000801
06019005408
06037541700
06037533603
06037980015
06029004402
06047000802
06085501402
06047000902
06047001003
06019004303
06005000102
06005000303
06005000101
06005000304
06047001401
06047001402
06047001501
06047001601
06047001602
06029004800
06029004901
06029004902
06019005405
06019005504
06037262601
06073010015
06073020027
06073020810
06073021900
06073020026
06073020028
06073013421
06073020811
06073021206
06073021500
06073017051
06073017109
06073017110
06019005507
06029005401
06029005402
06029005403
06029005404
06071008002
06071008401
06085504504
06047001004
06047001005
06047001101
06071008402
06071008404
06071008800
06047001200
06047001301
06047001302
06033000502
06047001700
06047001801
06047002201
06073019809
06073020029
06073020309
06073021205
06071003506
06073021400
06073022100
06071000404
06037300100
06071008200
06073000300
06073000400
06073000500
06073000600
06037300501
06111002700
06111002800
06111003605
06111003608
06111003700
06083002606
06083003102
06083002915
06083001704
06083980100
06083990000
06073003103
06073003105
06053010202
06053013000
06037310701
06053010603
06053013300
06053013500
06053013700
06053013800
06037310702
06053000101
06053000102
06053000103
06083000302
06053010604
06053010605
06053010900
06053013900
06053014000
06039000104
06039000700
06039000509
06039000507
06039000400
06111003900
06111004000
06111004101
06053011302
06053012000
06053012100
06111004200
06111004503
06111004504
06085504505
06037577602
06037577603
06037599000
06037600100
06037600201
06037600202
06111007513
06111007609
06037600302
06037600400
06037600501
06037620501
06037620522
06037620400
06037620601
06061021128
06061022100
06061023500
06061022800
06061023100
06061022900
06061023600
06037504002
06037504101
06107002204
06107002203
06037530003
06037530004
06065042743
06065043010
06037534900
06037535101
06037535102
06037535200
06037535300
06037535400
06037535502
06037535603
06065046601
06065047201
06065047900
06065048200
06059011300
06037535605
06059980000
06059062648
06059087505
06037551201
06037551202
06037551300
06037551600
06111003802
06111004305
06111004711
06111004715
06111004717
06111005003
06111005004
06111005802
06037600502
06037600601
06037600602
06037600702
06037600703
06037600704
06037600801
06037600802
06037600902
06037600911
06061023300
06037530005
06037530101
06067007424
06067005505
06067007406
06067009312
06067003202
06053010608
06053010506
06053000702
06053001801
06037530102
06037530202
06037530203
06037530204
06037535701
06037535702
06037535802
06037535803
06037535606
06037535804
06037535901
06037536000
06067008600
06067002700
06067009406
06065043227
06065043228
06065043229
06065043242
06065048300
06037535607
06037536102
06037536200
06037540000
06037540101
06037540102
06065048700
06065049100
06065049400
06065049800
06037540202
06037540203
06067000200
06067000300
06067000400
06075011901
06037551700
06037551800
06037551900
06037552100
06037552200
06067000500
06067001800
06067001900
06067002000
06067008137
06067005102
06067007423
06111007610
06111007611
06111008600
06037600912
06037601001
06037601100
06037601202
06037601211
06037601212
06037601301
06067008905
06067009307
06067004201
06111008700
06111008800
06111008900
06111009100
06037601302
06037601401
06067000600
06067000700
06067000800
06067001200
06067001300
06067001400
06067001500
06053001802
06053000502
06053000501
06053980000
06053010505
06053011204
06053014202
06053014201
06067007602
06067005508
06067003600
06067008912
06037530400
06037530500
06037530302
06037530601
06037530602
06053010607
06037540300
06037540400
06037540501
06037540600
06037540700
06067007415
06067008140
06067008008
06067009110
06067003501
06037540800
06037540901
06037540902
06085508703
06075012401
06075012501
06075012901
06075015802
06065045110
06085508900
06037273700
06037273800
06085512019
06085512020
06085512021
06067006004
06067005001
06067007906
06067009314
06067008207
06067009501
06067009403
06037274100
06037552400
06037552602
06083002211
06067009007
06067009008
06067009106
06067009103
06085512022
06067001700
06067001600
06067009323
06067009107
06067009601
06067009608
06067007903
06067005506
06065042514
06085509000
06085509102
06097154202
06097150305
06097151601
06075031301
06075031302
06075032601
06065042515
06065042517
06065042513
06065042518
06065042519
06085510002
06085510100
06075032902
06075047802
06075012301
06085503312
06085505100
06085507205
06085508800
06065040403
06065040501
06065040503
06065040603
06065040604
06065040605
06067008122
06085512023
06071009710
06067008129
06067008130
06071009800
06071010013
06071010018
06037221500
06037221710
06037221900
06037222100
06037222200
06037222500
06037222700
06071010019
06071000401
06071005800
06071008708
06037224010
06037224020
06037234300
06037234600
06037234700
06037235100
06037265100
06037265301
06037265303
06037265304
06037265305
06037265410
06071010014
06071010020
06071011900
06067009105
06067009404
06017030402
06017031405
06017031406
06113010902
06071010004
06003010000
06113011001
06037237720
06037237800
06037238000
06037238100
06037238200
06037238310
06037238320
06037238400
06037239320
06037211000
06037211120
06037211310
06037211410
06037211500
06037211701
06037211910
06037212202
06037212204
06037212304
06037212306
06037212420
06037212610
06037212620
06065040702
06037212800
06037212900
06037213100
06065045207
06067008124
06067008125
06067008127
06113011002
06113011101
06113011103
06065041001
06037224200
06037224320
06037224420
06113010201
06113011203
06113011204
06037224600
06037224700
06037265420
06037265520
06037265700
06037267800
06037267100
06037267200
06037267600
06037267700
06015990000
06037235201
06037235202
06037236000
06037236100
06037236202
06065042210
06065042402
06105000102
06105000101
06065042403
06065042404
06037269800
06065042706
06113010203
06113010204
06065042708
06113011205
06065044907
06065045704
06113010509
06065031001
06065031002
06065040703
06067008128
06065041002
06067008131
06081600700
06081600800
06081600900
06113010510
06095250300
06067008132
06067008133
06067008134
06037226410
06037227020
06037228100
06037228210
06037228220
06037228310
06037228320
06037228420
06037228710
06037228720
06037269000
06037269100
06037269300
06037269500
06037269700
06037228800
06037228900
06037229100
06067009609
06067009610
06067009619
06113010602
06067002600
06037237710
06037239330
06037240700
06037240800
06037240900
06037241110
06037241120
06065042520
06065042709
06037241400
06065042711
06065042714
06065042904
06065045209
06067008135
06081601000
06067008136
06067008138
06067008139
06067008141
06067008142
06067008143
06067008144
06037262302
06037229200
06037229300
06037229410
06037229420
06037231100
06037231210
06037231220
06037231300
06037231400
06037231600
06037231710
06065043003
06065043211
06065043220
06065043304
06065043306
06065043307
06065044805
06001406601
06001405402
06037240010
06037240200
06065045302
06065045501
06045011002
06037240300
06037240500
06037270200
06037270300
06037271100
06037271200
06037271300
06037271400
06029005900
06113010605
06113010606
06113010607
06081601700
06081601800
06065042406
06065042405
06113010701
06113010703
06113010704
06065043308
06065043309
06065043310
06065043311
06065043312
06065043313
06065044806
06001437102
06001435601
06067008145
06067008203
06067008204
06065044911
06067008510
06113010800
06113010901
06067008206
06067008208
06067008209
06037231800
06037231900
06037232110
06065044915
06065044916
06065045502
06067007301
06067009325
06067009637
06067988300
06067007101
06067007105
06067003203
06067008705
06067009326
06067009330
06067001101
06071009709
06071010012
06037232200
06067009611
06067009614
06067009615
06067009616
06071010010
06071010011
06071010016
06037242700
06037243000
06037242100
06037242200
06037243100
06037261200
06065041809
06065041810
06065041812
06065041813
06065042407
06065042408
06065042409
06065042410
06065042411
06001437701
06065043314
06065043315
06065043401
06065043403
06065043404
06053011202
06053013400
06053010101
06081601300
06001451501
06037232300
06037232400
06037232500
06037232600
06037232700
06037232800
06037234000
06037234200
06037540201
06037240600
06037534102
06037239310
06037532400
06037532800
06037501501
06037408202
06001408000
06001441401
06065040202
06065031704
06031001402
06031001401
06087121500
06087121600
06069000502
06069000802
06069000702
06069000501
06069000701
06065043505
06065044104
06065044403
06065045604
06065042007
06001441700
06069000801
06067009111
06087121800
06087122100
06087122500
06087100100
06087100600
06001432400
06029002819
06029002821
06029002900
06029003112
06029003113
06001404300
06065040203
06065040204
06065040303
06065040402
06033000600
06033000900
06033001300
06033001000
06033000400
06033001200
06033001100
06111003011
06111005801
06111007405
06111007511
06111007512
06111001206
06111003012
06111000303
06029000200
06029000300
06037552700
06037552800
06037553000
06107003502
06107003501
06059990100
06059062649
06059032058
06059032061
06041109002
06041130201
06041130202
06041112201
06041112202
06041131100
06041990100
06111007406
06111007509
06111007510
06111007613
06111007614
06111990100
06037601402
06037601502
06037601600
06037601700
06037601801
06037601802
06025011500
06037602002
06037602003
06037602004
06037602103
06037602104
06037530700
06107001901
06107001902
06107002002
06107002003
06107002004
06037530801
06037530802
06037530901
06037531000
06037531102
06037531201
06037531301
06037531302
06037541001
06107002008
06107002009
06107002302
06107002303
06065045124
06065045217
06065046602
06065046700
06065047000
06071002502
06037702202
06065940100
06065941200
06065941500
06065042744
06065043235
06065043278
06065044522
06065045120
06065050500
06065051300
06065940400
06065940600
06065043257
06065043279
06071002602
06037702300
06071002501
06037920028
06107003601
06071002902
06037920035
06037920036
06037920037
06037920038
06037920041
06107003602
06107003700
06107003801
06037920108
06037920109
06037703200
06037800324
06037800325
06037900300
06103000200
06103000500
06103000900
06103001000
06073008348
06073008349
06073008351
06073008352
06073008353
06073015801
06073015901
06073015902
06037900607
06037900703
06037900705
06073016000
06037900803
06081612100
06081612500
06095251901
06095251903
06107003802
06107004102
06107004400
06025011803
06025012100
06025012200
06025010600
06025011201
06025012302
06037920039
06107003901
06071001200
06037920110
06099003300
06099002801
06099003603
06099001604
06099003001
06099001100
06099000907
06099003400
06099002302
06099000908
06099000102
06099003908
06099000302
06099000501
06099002603
06099000101
06037900501
06037900504
06073008354
06073008355
06073008356
06073008357
06073008358
06073008359
06071012200
06073016401
06073016100
06073016202
06073016301
06073016302
06037910301
06037910302
06071000804
06081602000
06081602100
06081602200
06081602400
06081602500
06037910401
06095252000
06095252103
06095252105
06095252106
06071009707
06071009714
06071009715
06071010009
06071010015
06071010021
06071010402
06071010412
06071010802
06071011500
06071011700
06063000100
06063000400
06063000300
06063000201
06063000202
06037920111
06037920112
06037920200
06037920313
06037920322
06027000300
06099000201
06099000203
06099000301
06099000303
06099000304
06099000202
06099000403
06099000404
06099000503
06099000504
06099000505
06099000601
06073003209
06073003211
06073003212
06073003213
06073008360
06073008502
06073008504
06073008505
06073016502
06073017104
06073017107
06081602600
06081603700
06081612600
06081612700
06081612800
06095252107
06095252108
06095252306
06095252401
06095252402
06095252501
06021010200
06021010100
06021010501
06021010502
06021010300
06021010400
06037920328
06037920329
06037920330
06037265510
06037920334
06037141500
06037137502
06001444100
06001444200
06037195500
06037195600
06037195710
06037195720
06065045703
06065045705
06053000104
06037311801
06053001300
06067008210
06067008211
06067008402
06067008403
06067008404
06067009612
06067009800
06073013314
06073013310
06073013313
06019000200
06067009112
06067009308
06065041905
06053001400
06067009617
06067009618
06081611400
06081609603
06081611900
06037534403
06065041906
06065042010
06065042505
06065042506
06103000100
06103000300
06103000400
06103000800
06081602300
06081609602
06081613000
06081613700
06081603000
06081604500
06081607600
06081611100
06081607000
06081604900
06081608004
06081610302
06081613400
06081602900
06081602800
06081603200
06065042507
06065042508
06065042510
06065043405
06065043503
06065043504
06065043506
06037531602
06037219700
06037221820
06037242000
06037264000
06037264301
06037264302
06065043507
06053000200
06053000300
06053000400
06103000600
06103001100
06103000700
06077004308
06077004403
06083000900
06083001000
06083001101
06083001102
06077005130
06077005206
06077005208
06113010608
06065045706
06053000800
06083000501
06083002010
06083001906
06083002809
06083002808
06083002403
06077002401
06083000103
06083001903
06083000502
06077004106
06083002907
06077004307
06083002006
06077004703
06077004704
06083002005
06083000600
06083001901
06083001800
06083000700
06083001500
06077002503
06083001203
06065031100
06065044702
06065040806
06081613501
06081609700
06081609500
06081604700
06081600300
06081609601
06081603300
06081608001
06081605000
06065041201
06065041202
06053000900
06081608900
06081602700
06081604200
06065041203
06065041403
06065041404
06067008501
06067008504
06065043702
06065043703
06077004105
06077005131
06077005132
06077005133
06077005134
06065043807
06065043900
06077005308
06077004404
06019004409
06019004214
06019005517
06083002303
06083002708
06083001601
06081601400
06019004408
06017030706
06017030710
06017031900
06061022300
06067008512
06017032000
06013302006
06013302005
06013313204
06083002007
06083002906
06083002909
06083002913
06083002914
06077004502
06077005210
06083000101
06065046101
06065046102
06077005405
06077005406
06077002402
06077003217
06077002504
06019005608
06019005518
06019005520
06019005525
06019005522
06019005524
06001450743
06001451404
06083003001
06083003004
06065031200
06065031300
06079010102
06079010002
06065040809
06001403501
06065031401
06065031402
06065031501
06079010504
06079010602
06065042619
06019003004
06019004213
06013303203
06013313206
06065041405
06065041406
06065041407
06065041408
06065041410
06013338101
06013338102
06013339002
06083000102
06083000200
06083002502
06083002924
06083002926
06083002932
06083003007
06077005501
06077005502
06077000801
06077003313
06001406500
06083002008
06083002009
06083002011
06083002012
06067008907
06067008908
06067008909
06067008702
06065042512
06077003216
06019005911
06019005909
06019005907
06019006202
06095250105
06083003005
06083001905
06083002205
06065044000
06065044101
06065044102
06095250605
06095250604
06095250103
06095252311
06065044103
06083002101
06083002102
06019005516
06019006502
06083002103
06083002013
06013380000
06013368002
06065046103
06047000203
06047002600
06047002500
06077003312
06077003409
06077004501
06083002206
06083002209
06083002210
06083002304
06083002305
06077005135
06019006501
06019006604
06007001702
06007001800
06007002000
06007002300
06007003200
06007002400
06007001500
06007003400
06007002200
06007001600
06007003600
06007002700
06065031502
06065045103
06065046404
06033000802
06095252310
06095252313
06095252312
06095252611
06095252911
06081601501
06081601502
06081601603
06065041411
06083002306
06065041412
06065041702
06065041704
06065041803
06037267502
06067009316
06067009317
06067009318
06067009319
06067009309
06067009310
06067009311
06067009320
06073007702
06073020308
06083002402
06083002404
06067009321
06077005207
06077005209
06019006603
06019008501
06019008502
06019002903
06081609800
06065044200
06065044509
06065044602
06065044604
06065044701
06065042621
06095253403
06095252802
06095252912
06095252913
06095253404
06095252315
06083002702
06083002703
06019004208
06019004210
06019003003
06081601604
06081601605
06073015404
06019006100
06019000100
06037502700
06065046200
06073017801
06037502901
06037502902
06037503000
06019003103
06019004001
06019007901
06019001413
06019005607
06019005409
06019005203
06083002604
06065045108
06065045109
06095252914
06083002705
06083002706
06083002707
06037463800
06037463900
06037464000
06037464100
06037464200
06073012303
06073004200
06019001202
06037271500
06037271701
06037271802
06037272301
06037272302
06037273100
06037273200
06037273300
06037273600
06073002904
06083000400
06083000801
06083002802
06083002806
06081608800
06081609400
06081613800
06081600200
06019003701
06019001301
06037480803
06037503201
06037503202
06019002702
06019004701
06007002100
06037501300
06037501400
06037501503
06037501504
06037501802
06073002502
06073017052
06073017055
06073017056
06007002500
06007000603
06007003300
06007001900
06007001400
06075030900
06075031100
06075031400
06075031000
06075032700
06075033000
06073018614
06073020213
06073020214
06073000202
06073002712
06037480102
06037480202
06073003305
06037480804
06037480903
06037481002
06037481101
06037481102
06037481103
06037481201
06037481202
06037481300
06085503108
06075033100
06075033201
06075035201
06075035300
06075035400
06075040100
06075040200
06075042700
06075042800
06075045200
06075047600
06037601900
06037534501
06037408211
06037232120
06019001900
06019002000
06019002100
06037502100
06037502200
06037502301
06037502401
06037502402
06037481604
06037481712
06037481713
06037481714
06037481800
06037481901
06019004506
06019004601
06019004602
06019004704
06075017601
06075017700
06075020100
06075023400
06075025100
06075047701
06075060100
06075047901
06019003001
06019003102
06079010707
06079010503
06079010403
06085503710
06085503711
06075047902
06073016607
06111003612
06019007902
06079012505
06019005410
06079010603
06079012304
06079011701
06079011704
06019005906
06079011001
06079990000
06019005905
06019006201
06037481402
06037481500
06019005000
06019005100
06085503334
06037480002
06037480012
06085503332
06085503330
06085504423
06085511707
06085511704
06085511609
06085512510
06085512509
06085512310
06085503331
06085510600
06085511705
06085513000
06089010804
06089011002
06089011703
06089012604
06089010601
06089010602
06089010805
06089011403
06029006301
06029006401
06029004302
06037481902
06037482001
06037482002
06037576601
06037294830
06037106603
06037482101
06037482102
06019001800
06037502500
06037502601
06037502602
06111005908
06111005909
06111006000
06111008002
06111008004
06037134424
06111008101
06111008201
06111008202
06037500500
06037500700
06037500402
06037500800
06037500900
06037501200
06085512053
06019005202
06019002200
06111008302
06111008303
06111008401
06111005305
06111005910
06111007606
06111008305
06111008306
06111008500
06019002300
06019002400
06037480400
06037480500
06071007303
06019003201
06019003202
06019007802
06019000501
06019007801
06079013000
06079012900
06075020200
06019002502
06019002601
06019002602
06019002800
06019002701
06075020300
06019003600
06085504417
06019003500
06019003803
06019003804
06019004205
06019004211
06019004212
06019004302
06075020700
06075020800
06075020900
06075021000
06075021100
06075021200
06075021300
06075021400
06075021500
06075021600
06037113235
06037800327
06037553100
06037553200
06037553300
06037553400
06037553502
06037553601
06037553701
06037554403
06037554404
06037554512
06037554514
06037602105
06037602106
06037602200
06037602301
06037602402
06037602403
06037602404
06059062631
06037531502
06037531603
06037531604
06037531701
06037531702
06037531901
06037531902
06037532001
06059011717
06059011718
06059011720
06059011721
06037532101
06037532002
06037532200
06059011722
06059042312
06059042313
06059063202
06059063301
06059063302
06059063400
06059063604
06075021700
06075021800
06075022600
06075022802
06075022902
06075022903
06075023001
06075023003
06037553702
06037553801
06037553802
06037553901
06037554002
06037554101
06037554201
06037554515
06037554516
06037554518
06037554519
06037554521
06037554522
06037554700
06037554801
06037554802
06037620602
06037620701
06037620702
06037620800
06037620901
06037621001
06037621002
06037621102
06037532302
06037532303
06037532304
06037532500
06037532603
06013359103
06059021807
06037800331
06013317000
06013328000
06001450744
06001405901
06001450101
06037541002
06037541100
06037541200
06037541300
06037541400
06037541603
06037541604
06013330000
06013332000
06013371000
06033000701
06033000702
06013372000
06037554900
06037555001
06037555002
06037555102
06001444400
06037195802
06001444500
06001450200
06001450300
06037137504
06037138000
06037139200
06067002300
06067002400
06037143200
06037143300
06037201301
06037201302
06037201401
06037201402
06001442700
06001442800
06037204920
06037205110
06037205120
06037206010
06037206020
06037206050
06037207400
06001442900
06037192410
06037192510
06037192520
06037192610
06037192700
06037194500
06037195100
06037195300
06001443001
06001443002
06001443102
06001443301
06037137501
