08014030200
08035014504
08101000904
08101000905
08101001200
08101001800
08101001900
08101002000
08101002100
08101002200
08013013004
08013013005
08013013006
08013013205
08013013207
08031003701
08031003702
08031003703
08031003800
08031003901
08031004102
08031004103
08031004104
08005082300
08005080800
08005006502
08005082600
08005005628
08005006711
08031004601
08031003402
08031003602
08101002300
08101002500
08101002600
08101002700
08101002801
08013013302
08013013305
08013013307
08013013308
08013013401
08013013208
08013013210
08013013211
08017960600
08101001400
08101002808
08101003004
08101003104
08101002400
08101002807
08013013402
08029964600
08029964700
08029965200
08029964900
08029965000
08029965100
08029964800
08013013701
08013012103
08013013702
08013012710
08013012707
08013012605
08013012201
08013013201
08013013601
08013012800
08013060700
08013013602
08013013306
08043978100
08043978200
08043978500
08043978600
08043979000
08043978300
08043979200
08043978400
08014031200
08043980100
08043979100
08043978800
08043980300
08031004801
08031001902
08031005001
08041004502
08041004902
08041005800
08041007500
08041004503
08041001500
08041002800
08041005700
08041002502
08041003303
08041005501
08041007400
08041007000
08041007800
08005007107
08005007103
08005080500
08005083900
08041005000
08041007300
08041000101
08041000102
08041000202
08041000301
08041000400
08041000500
08041000600
08041000700
08041000800
08041000900
08041001000
08041001101
08041001104
08041001301
08013012508
08013012509
08013012511
08013012603
08013012701
08101001100
08101002903
08013012705
08013012708
08013012709
08013012903
08101002906
08101002802
08101000800
08101000902
08101000903
08013012904
08013012905
08013060900
08013012907
08013013003
08101000600
08031004404
08031004403
08001009603
08001009604
08041002900
08041004009
08031004304
08005005627
08005081300
08005084000
08041004100
08041004508
08041004701
08041004702
08041001302
08001009608
08001009607
08014030500
08014031000
08041005201
08041001600
08041001700
08005081200
08005007101
08005007500
08041003906
08041004703
08041004800
08005005551
08005005630
08005005552
08005005553
08005005611
08005005612
08005005614
08005005619
08005005620
08001009553
08005005621
08041001800
08005005622
08005005624
08005005625
08005005626
08005005629
08005084700
08005083400
08005005631
08005007703
08079973600
08041001900
08041002000
08013013202
08013012401
08013012510
08085966400
08069000201
08099000200
08099000300
08105976700
08071000200
08071000500
08071000300
08071000400
08071000100
08069000503
08069001308
08069001709
08069002010
08069002402
08069002502
08069001808
08069002801
08069002503
08069002802
08014030700
08014030400
08031003202
08031003203
08031003300
08031003401
08027970100
08014030100
08014030000
08014030300
08014980200
08115968300
08069000600
08069000700
08069000901
08069000902
08069001004
08069001007
08069001008
08069001903
08069002600
08069002700
08069001902
08069001003
08069000300
08069001301
08069001109
08069001009
08091967600
08069001010
08069001104
08069001106
08069001107
08069001110
08069001111
08035014133
08069002300
08069001112
08069001113
08069001114
08069001304
08069001305
08069001306
08069001601
08069001708
08069001602
08069001704
08069001706
08069001707
08069000100
08069001804
08069001806
08069001807
08077000800
08077001702
08077001301
08077000900
08077001200
08077001800
08077001403
08069001901
08077001001
08077001402
08077001600
08077001101
08077001501
08077001102
08077001404
08077001705
08123001412
08123001409
08105976800
08013013503
08005006501
08005006857
08031980100
08087000100
08087000700
08087000200
08087000600
08087000400
08087000500
08087000800
08087000300
08085966300
08085966100
08059010901
08059010902
08059011000
08059011100
08059011202
08059011300
08059011550
08003960000
08003960200
08003960100
08003960300
08059011601
08059011602
08059011701
08059011708
08059011709
08059011710
08059011711
08059011712
08005004951
08005086500
08005080600
08005007106
08005007104
08005007105
08005083800
08059011720
08059011721
08009964700
08009964600
08059011724
08059011725
08059011726
08059011727
08055960600
08039961100
08039961204
08039961205
08041005109
08065961900
08041002501
08041005400
08041000203
08041002400
08041003400
08041007900
08041003705
08041003909
08041003905
08041005104
08041004300
08041004507
08041003707
08041003902
08041006700
08041000302
08041007700
08041003706
08041004506
08041003702
08041003100
08041003709
08097000100
08001008538
08001015000
08055960900
08097000500
08097000402
08097000401
08059980400
08077001707
08077001706
08031004107
08031004106
08031015500
08041006502
08109977600
08109977700
08031004602
08031004603
08031004700
08039961206
08039961207
08039961208
08039961209
08047013800
08077000200
08077000300
08077000400
08077000500
08077000601
08077000602
08077001002
08077001302
08077001502
08123000600
08123000701
08123000800
08123000900
08077000700
08077001900
08001008535
08001008540
08001008541
08001008551
08123001201
08001060000
08001007801
08001008539
08001009326
08123001202
08083941100
08005007702
08005007704
08023972600
08001008533
08001008534
08001008603
08001008604
08001008605
08001008606
08031008388
08001008523
08123001005
08001009309
08001008537
08001008705
08001008901
08001009321
08001008402
08001007900
08001008401
08001008802
08001008353
08001009103
08001009408
08001009606
08049000202
08001988700
08001008706
08001008801
08001009001
08001009002
08001009101
08001009104
08001009202
08001009203
08001009204
08001009304
08001009306
08093000200
08001009307
08001009308
08093000100
08093000300
08093000400
08093000500
08101002911
08101002913
08101002918
08101003105
08101003106
08101002917
08101002914
08101002916
08101003600
08075966200
08075966000
08075966100
08075966400
08075966300
08075965900
08001009310
08001009316
08001009318
08001009319
08035014005
08021974900
08021974800
08067970703
08067970704
08099000100
08099000600
08057955600
08095967600
08095967700
08113968101
08059011728
08059011729
08059011730
08059011731
08123001600
08123000200
08123002502
08123001500
08123000502
08123002300
08123001700
08123002501
08123001800
08123001100
08031000201
08031003003
08031004201
08031000402
08031007006
08031012010
08031000303
08031002703
08059011803
08059011804
08059011951
08031003902
08031004002
08031004003
08031004004
08059012023
08059012024
08031004202
08031004301
08031004302
08031004005
08031004006
08031004101
08031004303
08059012038
08059012039
08059012041
08059012043
08031000702
08031000800
08031000902
08031000903
08059012046
08059012047
08059012048
08059012049
08059012051
08059012053
08059012054
08059012044
08059012055
08059012057
08059009900
08059012026
08059012036
08031000905
08123000401
08123000300
08123000402
08031001000
08031001101
08031001102
08031003603
08059011904
08101002804
08101000200
08101003103
08101002806
08101003001
08101002901
08101001000
08101003200
08014980100
08089968600
08089968300
08089968400
08089968000
08089968500
08089968200
08113968103
08113968102
08089968100
08063962200
08063962300
08063962100
08107000500
08107000700
08107000200
08107000100
08107000300
08107000400
08107000600
08083969000
08083969300
08083969200
08083969600
08083969400
08083969100
08035014138
08035014134
08035014132
08035014140
08035013910
08123002013
08123000705
08041003308
08041004511
08041005108
08041006902
08041004705
08041005107
08001061200
08001008543
08001008542
08031015400
08031004405
08005004952
08123001406
08123001405
08123001006
08123000703
08043980200
08013060600
08013012608
08013013213
08013012607
08013013505
08013060800
08041003306
08041004403
08041004401
08041003305
08041003307
08041003802
08041007602
08041007601
08041004602
08041004603
08041004706
08041005106
08041007102
08041007201
08041007101
08041003801
08025969600
08043979400
08037000503
08037000401
08037000701
08037000403
08037000302
08037000502
08037000501
08037000402
08037000702
08037000301
08037000703
08123001415
08123002008
08123002016
08123001413
08123000704
08123002020
08123002021
08123001905
08123002011
08123002015
08123002017
08123002204
08123002205
08123002206
08123002210
08123002207
08123001003
08123001908
08123001414
08123002012
08041004601
08041006301
08041006802
08041006801
08067970701
08067971100
08067971000
08067970800
08067940300
08067970600
08067970900
08067940400
08125963100
08125963200
08045951701
08045951901
08107000800
08005007400
08005007600
08059009847
08059012034
08059009837
08059009828
08059012058
08059012027
08059010403
08059012050
08059010603
08059012045
08059012030
08059012035
08059009841
08059009815
08059011702
08005007201
08005007202
08031003201
08059060500
08059010701
08059012032
08059009846
08059009845
08059009848
08059009806
08059009808
08059980000
08059009829
08059010306
08059012033
08059012022
08059011723
08059009840
08059009843
08059012031
08059012037
08059012042
08059009839
08059009842
08059010000
08059010100
08059010205
08121924200
08121924100
08045952100
08045951600
08045951802
08059012052
08059009807
08059060400
08059009827
08059009830
08059010206
08059010208
08059010209
08059010210
08059010211
08059010212
08059010213
08059010303
08105977000
08059009831
08059009832
08059009833
08059009834
08059009835
08059009836
08059010304
08059010305
08059010307
08059010308
08059010402
08059010405
08059010406
08033000100
08059009838
08059010502
08059010503
08059010504
08059010604
08059010702
08059010801
08041004200
08041004501
08041002101
08041002102
08041002200
08041002700
08049000100
08071000800
08123001300
08123001404
08123001902
08123000100
08117000300
08117000100
08117000200
08061960100
08031005002
08014030600
08037000100
08037000600
08037000200
08119010105
08119010201
08119010104
08119010202
08119010106
08119010103
08123002208
08123001906
08123002010
08041001400
08001008529
08065961700
08005005635
08005006713
08007974300
08007974200
08007974400
08007940400
08005084600
08005005636
08031001701
08031001702
08031001800
08005086200
08005085400
08031002000
08031002402
08005005633
08005005634
08045951804
08045951803
08005005700
08005005800
08005005951
08005005952
08005006000
08005084900
08014030900
08123002009
08005006712
08005006858
08031005104
08031003500
08031002701
08031005200
08031006814
08031001500
08031002100
08031002403
08031002601
08031002602
08031002702
08005006100
08031002801
08031002802
08031002803
08005005623
08005087200
08005006200
08005006300
08005006400
08005006601
08005082100
08005082700
08045952002
08045952001
08005086800
08005086400
08005006855
08005082800
08005083500
08005083300
08005006603
08005006604
08005006704
08005006705
08005006706
08005006707
08005006708
08005006709
08059009849
08005015100
08041006302
08041005111
08041004402
08041007202
08041004510
08041006901
08031015300
08005006808
08005006815
08005006854
08005080200
08005081800
08005081900
08123001411
08005080000
08005080100
08031002901
08035014139
08005080900
08005080700
08005080300
08005080400
08005081600
08005082500
08031002902
08031003001
08031003002
08031003004
08031003101
08031003102
08123002004
08123002005
08123002019
08123002018
08123002006
08005081000
08005082400
08005084500
08085966202
08085966501
08085966503
08085966201
08085966602
08085966601
08085966502
08059009852
08059009850
08059011402
08081000500
08081000400
08081000300
08059012059
08015000402
08015000401
08035013911
08035014009
08035014012
08035014013
08035014604
08035014506
08035014125
08035014137
08035014131
08035014135
08035014204
08035014406
08035014203
08035014136
08035014128
08035014404
08035014403
08035014603
08035014505
08035014405
08005081100
08005082000
08005082200
08005081400
08005084100
08005084200
08005084300
08005084400
08005085700
08005005632
08005081500
08019014800
08019014700
08019014900
08081000600
08113968200
08005084800
08005085800
08123002103
08117000401
08117000402
08005006856
08005086300
08005085200
08005085300
08005086600
08005083600
08005083100
08005086000
08005085000
08005087000
08005085500
08005085600
08005085100
08005086100
08005083700
08005086700
08005085900
08005083200
08005083000
08005007301
08005087100
08005086900
08005087300
08005082900
08005081700
08015000100
08015000200
08015000300
08069001307
08069001606
08069002803
08069000401
08069000402
08069000504
08069000506
08069000801
08069000802
08069001809
08069002011
08069002501
08077001703
08101002915
08101980100
08101002912
08101003500
08049000201
08069001605
08069002401
08069000202
08069000505
08069001607
08069001608
08059009851
08059015900
08059011732
08059011733
08059011806
08059011805
08059012060
08059011401
08059015800
08045951702
08045951902
08035013907
08035014602
08035014202
08014030800
08014031400
08014031300
08014031100
08073961800
08073961700
08101001500
08101001600
08101001700
08013012102
08013012104
08013012101
08013012105
08053973100
08013012202
08013012203
08013012204
08013012300
08013012501
08013012505
08013012507
08101000500
08101000100
08101000300
08101000400
08103951100
08103951200
08041006100
08041006200
08035014107
08035013904
08035014503
08035014300
08035014001
08035013908
08035014108
08035014122
08035013909
08035014115
08041006400
08035014116
08035014123
08035013905
08031015700
08031001901
08031004504
08031004505
08031004506
08031008312
08031008387
08031004503
08031004306
08031008386
08031008389
08031008391
08031008390
08031015600
08035014010
08035014007
08035014126
08035014130
08035014008
08035014011
08035014127
08001007802
08001008550
08001008549
08001008545
08001008544
08001008547
08001008548
08001009207
08035014129
08035014124
08035014006
08001009327
08001009752
08001008536
08001008546
08001009206
08001009751
08001008709
08013013506
08013013508
08013061400
08031006701
08031000102
08031000202
08031000301
08031000302
08013061300
08013013212
08013013507
08123002007
08123001907
08123002014
08123002203
08123002209
08123002101
08123002102
08035013901
08035014109
08035014110
08035014112
08031000401
08035014113
08035014114
08031000501
08031000502
08031000600
08011966700
08041005110
08041005105
08123001410
08123001004
08123001416
08123001417
08031000904
08031003601
08031006812
08031001600
08031000701
08031002300
08031005102
08031001301
08031001302
08031001401
08031001402
08031001403
08123001408
08123001407
08005007302
08023972700
08069002005
08031005300
08031005502
08031005503
08031006804
08069002007
08069002008
08069001603
08014980300
08099000700
08031006809
08031006810
08031006811
08031006813
08059060300
08059009823
08031006901
08031007013
08031007037
08031007088
08031007089
08123000501
08001009320
08001009322
08001009323
08001009325
08001009401
08059009824
08051963900
08051963700
08051963600
08051963800
08031008304
08031008305
08031008306
08001009406
08001009407
08001009409
08001009410
08001009411
08001009501
08001009502
08001008000
08001008100
08001008200
08001008308
08001008309
08001008505
08001008506
08001008507
08031980000
08031011902
08031011903
08031012001
08001008508
08001008524
08001008526
08001060100
08001060200
08041005202
08041005300
08041005502
08031012014
08041005601
08041005602
08041006000
08111972600
08041006501
08041008000
08041003000
08041003701
08041003708
08041004008
08041004901
08041005900
08041002300
08041006600
