15001991300
15001991500
15001991200
15001991100
15003003405
15001990300
15001990000
15001990400
15001991700
15007990300
15003981000
15003980300
15003011400
15003011500
15003000111
15009980000
15003981400
15003008410
15003008408
15003008502
15003008930
15003980800
15003009000
15003008703
15003000302
15003000600
15003980000
15003000114
15003008926
15001020202
15001021011
15001022102
15001021202
15001021509
15001991400
15001990700
15001990800
15001990900
15001990600
15001990500
15001991000
15001991600
15007990200
15007041200
15007040800
15003001000
15003005200
15003004300
15003008917
15003010303
15003003000
15003007702
15003006202
15003004600
15003004500
15003002402
15003000301
15003007810
15003004800
15003007000
15003008606
15003007503
15003981200
15003009200
15003008005
15003000401
15003008301
15003008922
15003007701
15003008908
15003009902
15003011201
15003005400
15007040700
15003001801
15003007400
15003010306
15007040500
15007040900
15007040400
15007040300
15007940000
15003010905
15003008407
15003005300
15003005500
15003005600
15003001500
15003002300
15003006500
15003001700
15003001600
15003002500
15003002600
15003002702
15009031000
15009030100
15009031103
15003002800
15003002900
15003003407
15003003601
15003007811
15003008612
15003002005
15003980200
15003001901
15003007303
15003990001
15003008622
15003008611
15003008614
15003940002
15003008924
15003007100
15003007807
15003007808
15003007809
15003008001
15003006809
15003008002
15003008006
15003008007
15003008302
15003008003
15009030901
15009030902
15009030903
15009031102
15009031402
15009031601
15003008402
15003008906
15003008907
15003008702
15003008800
15009030402
15009030301
15009030800
15009031700
15009031101
15003008912
15003008915
15003008914
15003008913
15003008909
15003008921
15003008923
15003009300
15003009400
15003009503
15003009504
15003009502
15003006806
15003006805
15003006808
15003007504
15003006900
15003007505
15003007506
15003007804
15003007805
15003008609
15003008701
15003009802
15003010701
15003010904
15009030501
15009030202
15009030201
15009030404
15009030303
15009031900
15003010702
15003011202
15003010505
15003011105
15003010503
15009030403
15009030705
15009032000
15009990000
15009031502
15009031801
15009031503
15007040104
15007040204
15007040205
15007040604
15007040603
15007040103
15007990100
15003000112
15003002004
15003002006
15003001903
15003003603
15003003604
15003007302
15003008617
15003008406
15003008412
15003008411
15003010308
15003008405
15003008613
15003008929
15003008928
15003010100
15003010201
15003010508
15003010507
15003981100
15003001803
15003002003
15003002201
15003003501
15003008925
15003008927
15003011106
15003000200
15003000106
15003006702
15003009100
15003003200
15003940001
15003009701
15003010601
15003010202
15003010602
15003010801
15003009501
15003000110
15003000402
15003000800
15003000500
15003000903
15003001100
15003000700
15003001201
15003001202
15003001300
15003000901
15003000902
15003008610
15003000108
15003007502
15003011103
15003002401
15003008918
15003008920
15003000107
15003010305
15003980600
15003010000
15003009904
15003009801
15003009507
15003009608
15003009703
15003009704
15003011000
15001021502
15003010802
15003011300
15003003101
15003980700
15003008931
15003001804
15005990000
15001020400
15001020600
15001020801
15001020900
15001021601
15001020300
15001020500
15001020100
15001021702
15001022000
15001020802
15001020701
15001021300
15001021504
15001020702
15001021800
15003003102
15003003300
15003003403
15003003404
15003003700
15003003800
15003003406
15003002701
15003002100
15003005700
15003006301
15003006302
15003006401
15003005800
15003004000
15003004100
15003004200
15003004400
15003004700
15003001904
15003002202
15003003502
15003003900
15003005900
15003006402
15003006701
15003006802
15003981300
15003006804
15003006600
15003006000
15003004900
15003005000
15003005100
15003006100
15003006201
15003001400
15001021010
15001021013
15001021005
15001021003
15001021106
15001990100
15001021402
15001021902
15001021604
15001021507
15001021704
15001021101
15009990200
15005031900
15009030708
15009030710
15009030709
15009031404
15009030706
15009030707
15009031501
15009991200
15009031405
15003009603
15003010901
15003010903
15003010504
15003011104
