18023950400
18023950100
18023950200
18023950500
18023950300
18141001900
18095011501
18095011502
18141000500
18141000600
18141000700
18141000800
18141000900
18141001000
18141001100
18141001200
18141001400
18097340108
18097340300
18097340400
18097340600
18141001600
18141001700
18141002400
18141002000
18141002100
18141002200
18141002500
18025951900
18097356400
18097356900
18097357000
18097357100
18115965800
18115965700
18107957100
18131959000
18097352800
18097357200
18097357300
18097357400
18097357500
18097357600
18141002700
18141002800
18041954000
18041954100
18041954500
18041954200
18041954600
18041954400
18097353300
18097353500
18097353600
18013974800
18013974600
18013974900
18013974700
18097390101
18097390700
18127050704
18097390900
18127050604
18127051006
18127050603
18127050407
18097330208
18097390800
18097391000
18097390500
18109510300
18097390600
18181958800
18181958700
18181958400
18181958600
18181958500
18181958100
18181958300
18181958200
18063210605
18063210608
18049953400
18049953100
18049953300
18049953000
18097390404
18097330803
18097380404
18097390102
18097380403
18097390405
18097330108
18109510900
18127050507
18033020300
18033020700
18033020800
18033020100
18033020200
18033020400
18033020500
18111100400
18111100600
18111100500
18111100700
18025952100
18025952000
18141010300
18127051007
18051050502
18057110505
18057110401
18057110403
18057110903
18057110905
18097340700
18097340800
18097357800
18097357900
18097358000
18097358100
18097360101
18097360102
18097360201
18127050405
18127980001
18127980002
18097390200
18097390300
18127050508
18097341000
18097341100
18097341200
18071967700
18097360301
18097360302
18043071200
18097360401
18097360405
18097360501
18097360502
18097360601
18097360602
18097360700
18097390402
18097390403
18043071007
18141011303
18141011305
18141011306
18089042608
18089040501
18089042504
18089042901
18141011801
18097310111
18097340110
18097341600
18097341700
18097341902
18097342101
18141002900
18141003000
18141003100
18141003200
18097340112
18097340114
18097310204
18097310312
18097360900
18097361000
18141003400
18141003500
18141010100
18141011501
18141011503
18141011601
18141011701
18097361200
18097361300
18097361600
18141011802
18141011504
18141011406
18141011405
18141011506
18141011505
18119955900
18119955800
18119955600
18119955700
18119955500
18097310203
18097340202
18097340201
18097330209
18097330206
18097330806
18097310309
18141010200
18141010400
18137968600
18141010500
18141010600
18141010700
18141012200
18141011403
18141011404
18105000602
18107957500
18107956900
18107956700
18107956800
18107957300
18107957400
18107957200
18107957000
18097330805
18097341904
18097341903
18097370302
18097340113
18097340111
18043071103
18143966900
18143967100
18143966700
18143966800
18021040100
18021040500
18021040200
18021040600
18021040300
18021040400
18063210103
18141011202
18091040600
18183050500
18183050400
18183050600
18183050200
18183050700
18183050300
18183050100
18147952800
18147952900
18147953100
18147953000
18147952700
18041954300
18035002900
18003010304
18003011302
18003010706
18141002600
18141010800
18089042602
18089042609
18089042702
18157010800
18157010500
18157010100
18157010204
18157001600
18157001400
18157010700
18157010901
18157010201
18137968900
18137968500
18137968700
18137968800
18137968400
18127051102
18141011201
18127050300
18127050602
18127050101
18127051002
18097330109
18063211100
18063210700
18063210400
18063210102
18063210900
18097310110
18097310310
18097330804
18097370301
18053010600
18097340109
18143967000
18081611300
18053000700
18053000100
18053000600
18053010700
18053010200
18053000900
18053010100
18053000500
18053000400
18053010800
18053010400
18053000800
18053010300
18053000200
18081610100
18081611200
18081610900
18081610701
18081610604
18081611400
18081611000
18081610702
18173030703
18153050300
18173030600
18173030300
18173030800
18173030200
18173030702
18173030100
18173030500
18173030400
18001030400
18001030600
18001030100
18001030500
18051050200
18051050100
18001030700
18065975900
18009975100
18009975200
18009975300
18009975400
18057110805
18057110809
18057111008
18057110806
18089042606
18089042607
18153050500
18153050400
18153050200
18153050100
18065975600
18065976700
18065976800
18065975800
18097360402
18065975500
18103952800
18103952300
18103952100
18103952000
18103952200
18103952700
18103952600
18103952400
18103952500
18103952900
18057110907
18057110904
18163980100
18097330500
18097330600
18097330900
18097340101
18097355900
18097356200
18105001502
18105000601
18105001501
18097380700
18097380800
18097380901
18097380902
18163001000
18089040502
18097381001
18097381002
18097381101
18097381102
18051050501
18159020400
18081610802
18081610801
18089042902
18089012800
18081610403
18081610605
18097340102
18097381201
18097381203
18097381204
18097381205
18097355100
18097330700
18141011304
18039002600
18039002700
18039002000
18015959300
18015959500
18015959900
18015959400
18015959700
18015959600
18097342300
18097342400
18097342500
18097342600
18097350100
18097350300
18097350400
18097370201
18097370202
18097380200
18097380300
18097380402
18097380501
18097350500
18097350600
18097351000
18097351200
18097351500
18097351600
18097351700
18097352100
18135951500
18135951400
18097352300
18097352400
18097352500
18097352600
18097352700
18003010804
18003010803
18003010808
18035001200
18035001300
18035001500
18003011303
18003011501
18035001000
18035001100
18035001600
18035001700
18175967200
18171951100
18171951000
18003011604
18003011702
18175967500
18175967600
18175967300
18175967700
18163000800
18163000900
18083955600
18105000100
18105000201
18105000502
18105000901
18003004000
18003004101
18003011202
18003010602
18003010603
18057111006
18003010604
18003010812
18003011900
18003010500
18003010811
18003011801
18003011304
18003011502
18003010807
18003011605
18003011701
18157000200
18157005300
18157005400
18157005500
18003001200
18091042300
18091042600
18091042900
18109511000
18109510600
18109510100
18163001100
18163001200
18157010300
18157010400
18157000100
18097350700
18035002301
18035002700
18035000300
18035001400
18035002200
18035002402
18035002302
18035000700
18035002500
18035002401
18155965700
18155965800
18155965900
18091040300
18091041400
18091042200
18091041500
18091042800
18091042500
18091040100
18091041300
18091040400
18091042700
18091040900
18091042400
18091041700
18091041900
18091041100
18091042000
18163001400
18163001800
18163001900
18163002000
18163002100
18163001500
18163001700
18163002300
18097322000
18097342000
18097380502
18097310201
18097310305
18109510500
18109510800
18163002400
18163002600
18163002900
18163003000
18163002500
18091040500
18091040700
18091040800
18163003100
18141012100
18141010900
18141011602
18141002300
18141000400
18141000302
18141003300
18141000301
18141011702
18141012300
18141012000
18141000200
18055955300
18141012400
18141001300
18095011900
18095012000
18167010201
18167010202
18167011100
18167011200
18159020200
18159020100
18159020300
18055954900
18055955000
18055955400
18055954800
18055955100
18055955200
18069962000
18069961600
18069961500
18069961800
18063210300
18069961700
18069962100
18069961300
18069961400
18069961900
18037953300
18101950100
18101950200
18101950300
18037953500
18037953400
18037953800
18037953600
18037953200
18037953700
18027954300
18177000600
18177000400
18177010500
18177010400
18027954700
18027954500
18027954400
18027954900
18027954600
18177010100
18177001100
18177000200
18177000800
18177001000
18177010700
18177000900
18057110512
18177000500
18177010300
18177010600
18177010800
18057110506
18057110508
18057110908
18057110804
18057110808
18085962400
18027954800
18177000700
18177010200
18081610500
18035000400
18035000500
18035000600
18035000800
18035000902
18127050402
18085961000
18085960900
18085962600
18085961800
18085961400
18085962200
18085961500
18085962100
18085961200
18085961300
18085961600
18085962000
18085961900
18085961700
18085962500
18085961100
18085962700
18085962300
18167010600
18035002000
18035002100
18035002601
18035002602
18179040600
18167010702
18167010100
18167001400
18167001600
18167010300
18167001300
18167001000
18165020400
18165020100
18165020200
18165020300
18113972000
18165020500
18127050203
18127050103
18127990000
18167010701
18167000300
18167000400
18167001700
18167011000
18167010400
18113972200
18113972500
18113972600
18113972400
18113971700
18113971900
18113972300
18113972100
18149953900
18113971800
18073100400
18073101000
18179040100
18179040200
18179040500
18179040300
18179040400
18179040700
18149953800
18149954100
18149954200
18149953600
18071967500
18149954000
18149953700
18167000500
18167000600
18167000700
18017951400
18017951600
18017951000
18017951700
18071968000
18071967600
18071967800
18071968100
18067000800
18157005102
18157005101
18157011100
18167000900
18167001100
18167001200
18167001500
18043071104
18043071005
18167001800
18167001900
18167010500
18031969300
18071968200
18001030200
18019050304
18019050306
18079960500
18079960200
18079960400
18079960600
18161960800
18133956300
18133956200
18133956000
18133956100
18133956400
18133956600
18133956500
18161960700
18019050401
18019050501
18017951800
18017951100
18017951200
18017951900
18017951300
18017951500
18017950900
18019050503
18019050603
18019050604
18071968300
18079960302
18079960301
18045958000
18045957800
18045957600
18003010202
18003010201
18003010815
18003011609
18003010305
18003004300
18003010707
18023950600
18023950700
18023950800
18077966000
18077966500
18077966200
18077966400
18077966300
18077966100
18077966600
18099020600
18099020702
18087970402
18087970401
18109510202
18109510402
18109510702
18109510201
18109510401
18109510701
18067000700
18067000900
18067000500
18089042100
18067001000
18089010100
18089010302
18089010400
18067001100
18089010500
18089010600
18099020400
18099020102
18089012000
18089011200
18089011000
18089011300
18089011100
18099020101
18099020201
18099020800
18099020701
18067001200
18067001300
18089010900
18089043300
18089043202
18089011400
18089041600
18089040600
18089043405
18089012100
18089043001
18089030100
18089030400
18089042200
18089010304
18089021700
18089040401
18089030300
18089021000
18089031000
18089010205
18089043403
18089042605
18089042000
18089042300
18089041900
18089043102
18089010203
18089040403
18089043404
18089040300
18089021800
18089990000
18089041200
18089041700
18089043401
18019050100
18067010600
18067010100
18067001500
18067000600
18067010500
18067010200
18067010400
18089041800
18067001400
18067010300
18089011500
18089011600
18089011700
18089011800
18089011900
18067000400
18067000200
18067000300
18061060100
18061060300
18061060600
18095001700
18081610603
18089042801
18089042802
18089043101
18089043201
18001030300
18019050305
18019050504
18019050701
18019050303
18019051000
18019050200
18019050902
18019050801
18051050300
18019050704
18003000704
18003980002
18003011606
18003011608
18003980001
18003011607
18003010817
18003010819
18003010308
18019050404
18019050605
18019050703
18019050904
18019050803
18019050804
18019050903
18105001002
18173030705
18173030704
18071967902
18071967901
18105000501
18105000903
18105000904
18105001102
18105001600
18105001402
18105001305
18105000700
18105000401
18105001200
18105001304
18105001101
18105000302
18105000800
18105000301
18105001001
18105001401
18105001103
18117951400
18105000202
18105001303
18105001301
18105000402
18117951300
18117951800
18117951700
18117951600
18117951500
18157000300
18097342200
18043071006
18163002800
18141011000
18141011100
18051050401
18141011301
18051050402
18097310311
18141000100
18125953900
18125954100
18125954000
18125954200
18039001602
18039001702
18039001802
18039002900
18127051005
18127050506
18141011302
18127050509
18127050703
18163003600
18039002400
18097340500
18097354700
18097360202
18097310103
18097310104
18097310105
18097310106
18097310108
18003002000
18091041200
18091041600
18091041800
18091042100
18003001600
18003001700
18003010100
18003011802
18003011201
18003001300
18003000100
18003000300
18163003200
18163003300
18163003400
18163003500
18163003702
18003000500
18003000600
18163003801
18003002200
18157000400
18157000700
18157000800
18057110600
18003010813
18003011603
18003000400
18003003200
18003010601
18003011000
18003003901
18003010809
18003011100
18003010400
18003010900
18003003600
18003003902
18065976400
18003000701
18003000800
18003000900
18163003803
18163003804
18163003900
18003001000
18003001100
18163010100
18157001000
18157001100
18157001200
18081610404
18081610606
18157001300
18157001501
18157001502
18157001700
18057110700
18057111001
18163010700
18163010203
18035000904
18135952100
18135952000
18135951700
18135951800
18135951900
18135951600
18163000500
18163000400
18163000600
18163010403
18163000201
18163001300
18163003701
18163000300
18163010500
18163000202
18163010404
18163000100
18163010201
18163010202
18163010600
18157001800
18157005200
18035000903
18057111004
18127050501
18039000502
18039000301
18039000302
18095010200
18095010300
18095010600
18095010900
18095011600
18095011700
18047969700
18047969600
18047960100
18047969800
18047969900
18093950600
18093951100
18093951300
18093950500
18093951200
18003010306
18003010816
18093950400
18093950700
18093950800
18093951000
18003011205
18003011204
18003010307
18003004103
18089012200
18089012400
18003010821
18003004400
18019050606
18019050403
18063210603
18063210201
18063210604
18089012500
18089012600
18089012700
18089020100
18089020300
18063210606
18063210502
18063210501
18063210802
18063210801
18089020400
18089020500
18089020600
18089020700
18089020800
18003003400
18089020900
18089021100
18089021300
18089021400
18081611100
18141001500
18003002300
18005011300
18005010500
18005010300
18005010700
18005010200
18005011500
18005011200
18005010600
18005011000
18005010100
18005010800
18005010900
18005010400
18005011100
18005011400
18089021500
18089021600
18089021900
18089022000
18089030200
18089041100
18089041302
18089041400
18089041500
18003003000
18003002800
18089030500
18089030600
18089030700
18089030800
18089030900
18003003100
18089042401
18089042402
18089042403
18089042501
18089042503
18003003304
18003003500
18003003700
18003002500
18003003800
18003002600
18003002900
18175967400
18003002100
18097322200
18097360404
18097354500
18097321900
18097350900
18097361100
18097350800
18097331000
18039001901
18097351900
18065975700
18065976000
18053010500
18095010400
18095000900
18095001300
18095011200
18095010500
18095010100
18095011300
18095011800
18095010700
18095011100
18127051008
18065976100
18065976300
18039001601
18033020602
18033020601
18029080104
18029080103
18095011000
18095000500
18095010800
18095000400
18095011400
18095001200
18095002000
18095001100
18095000300
18095000800
18065976500
18095001000
18065976600
18097320202
18097320203
18097320204
18057110507
18057110509
18057110511
18057110811
18057111007
18057110812
18095001400
18095001500
18095001600
18095001800
18095001900
18097320400
18097320500
18097320600
18097320301
18097320700
18097322500
18097322600
18097322700
18091990000
18091043000
18097320903
18097321001
18097321002
18097320800
18097321600
18097321700
18097310306
18093950900
18097330103
18097310308
18097321100
18097321200
18097321400
18097320106
18097320107
18097320108
18097320109
18097320303
18007100300
18007100100
18007100200
18097330105
18097330106
18097330107
18097330202
18097320304
18097321800
18097322100
18097322300
18097322400
18097320901
18097320902
18145710200
18145710800
18145710900
18145710400
18145710100
18145710300
18145710500
18145710700
18045957900
18045957700
18003010705
18141011900
18139974200
18139974500
18139974100
18139974300
18139974400
18039000900
18039000400
18039002300
18039000200
18039001100
18121030400
18121030300
18121030100
18121030200
18049953500
18049953200
18055954702
18073100902
18073100901
18055954701
18063210202
18063210104
18039000700
18039001902
18097360800
18097354800
18039001200
18043071004
18043070700
18043070301
18043070400
18043071003
18043070302
18043070801
18043070600
18043070500
18043070200
18043070802
18043070901
18031969400
18031969500
18031969000
18031969200
18031969100
18039000801
18039000802
18039001801
18039001701
18039002102
18039001502
18039000501
18039002101
18039001501
18039001000
18035002800
18061060200
18039002200
18039001300
18039000100
18039000600
18075962700
18039001400
18061060500
18061060400
18043070902
18043071101
18075962900
18075963200
18075963100
18075963000
18075962800
18059411000
18087970700
18075963300
18073101100
18073100800
18073101300
18073101200
18059410900
18089012300
18063211000
18003003301
18057110404
18057110906
18059410600
18057110807
18057110810
18169102500
18169102700
18087970600
18169102800
18087970500
18169102400
18169102300
18087970300
18169102600
18087970100
18169102200
18169102900
18011810603
18087970200
18059410800
18011810500
18011810200
18011810100
18011810300
18011810604
18011810400
18011810700
18011810601
18123952500
18131959200
18123952400
18123952300
18129040600
18099020202
18099020301
18123952200
18123952600
18131959100
18131958900
18099020302
18099020500
18011810605
18089043002
18059410300
18059410200
18059410100
18059410500
18059410400
18059410700
18129040300
18129040500
18129040700
18129040100
18129040200
18129040400
18157001900
18081610201
18081610202
18081610300
18081610401
18089040100
18089040200
18089040402
18089040700
18157011000
18157010902
18157010203
18157010600
18097355000
18015959800
18127050202
18089042703
18097340902
18097340901
18089010201
18089020200
18089040801
18089040802
18089040900
18089041001
18089041002
18097361400
18097320105
18097321300
18097380100
18063210607
18089042704
18057111102
18097330203
18097330204
18029080300
18029080500
18029080400
18029080700
18029080600
18029080101
18057110300
18057110202
18057110100
18057111003
18057110201
18057111101
18127050505
18083955400
18083955300
18083955800
18083955200
18083955500
18083955000
18083955100
18083955700
18083955900
18127051101
18127050900
18127050800
18127050702
18127050503
18029080201
18029080202
18151971000
18151971300
18151971500
18151971200
18151971400
18151970900
18151971100
18097330401
18151970800
18151971600
18097354200
18097354400
18097354900
18089042505
18097355300
18097355400
18097355500
18097355600
18097355700
18097380600
18145710602
18145710601
