21237930200
21031930300
21031930400
21031930200
21031930500
21031930100
21111009300
21093001200
21111009600
21111009700
21111009800
21093000700
21093001500
21093001300
21093001700
21093001001
21093000902
21093000300
21093000800
21093001600
21093000901
21093001002
21137920300
21093000600
21093001100
21067003908
21067003909
21067003910
21067003911
21067002002
21111007000
21111007400
21111007601
21111007602
21137920400
21137920200
21035010100
21111007603
21067002001
21067003503
21067003504
21067000101
21067003912
21047201502
21047980100
21047201302
21093000202
21035010700
21035010400
21035010200
21235920600
21235920400
21235920200
21235920300
21235920800
21235920100
21235920500
21235920700
21017030100
21067004208
21067003913
21111007700
21111007800
21111008100
21229930200
21229930100
21229930300
21111008200
21111008300
21017030200
21017030600
21017030400
21017030500
21017030300
21051950500
21171930100
21171930300
21171930200
21227010900
21111013100
21111001000
21111012301
21157950100
21157950500
21157950300
21157950400
21053970201
21207960400
21207960300
21207960200
21015070301
21015070200
21231920200
21231920300
21231920100
21231920400
21111003700
21145031302
21145031301
21009951000
21009950100
21009950900
21009950500
21009950700
21009950200
21227010200
21227011700
21227010500
21227010600
21227011500
21227011200
21227010300
21227011900
21227011100
21227011600
21111007900
21053970202
21009950400
21009950300
21009950800
21009950600
21185030401
21185030402
21223100200
21223100100
21015070305
21015070308
21149970200
21149970100
21227011300
21015070309
21029020400
21029020500
21029020300
21029021200
21029020900
21029020800
21111008700
21111012202
21111005100
21225950100
21061920200
21061920400
21111011508
21111007501
21111012702
21111012003
21111006300
21111012701
21111011601
21111001700
21111011302
21111007502
21111012503
21111010307
21111010007
21111012107
21111009400
21111011102
21111012002
21111010006
21037051102
21183920600
21183920200
21239050300
21239050200
21239050400
21037052002
21037052400
21037053100
21037050100
21037051904
21037051901
21037051300
21037052301
21037051903
21037052900
21037052500
21037052302
21037052001
21037050400
21111000600
21199930402
21199930502
21111011901
21111010008
21111012703
21111012203
21111012001
21111005000
21111010005
21111011005
21111012104
21111012204
21183920300
21037050500
21037050600
21037051101
21183920500
21183920400
21183920100
21183920700
21125971101
21115960400
21115960300
21115960200
21115960600
21115960500
21115960100
21067004006
21037051200
21037052100
21037052200
21037052800
21037053302
21111012604
21111000200
21111000300
21111000400
21111000700
21111000800
21111000900
21111011509
21111011706
21111011707
21111011800
21111011904
21111011905
21111011906
21067004003
21111011907
21111012103
21111012105
21111012106
21111012302
21209040400
21125971102
21125971001
21211040301
21211040401
21215080103
21015980100
21179930302
21179930301
21049020101
21049020300
21049020103
21049020600
21167960100
21167960500
21215080200
21015070402
21015070307
21015070100
21015070502
21015070604
21015070601
21123960200
21123960300
21195931300
21195930700
21195930900
21195931100
21195931800
21221970300
21221970100
21221970200
21111011708
21111011518
21231920700
21111010702
21111010705
21105970100
21087930300
21087930200
21087930400
21087930100
21067003704
21067003600
21067003906
21067004210
21111009900
21067002700
21067002800
21067002900
21067003000
21067003101
21067003102
21067003300
21067003402
21067003404
21067003405
21067003407
21067003501
21135930300
21135930100
21135930400
21135930200
21143960100
21143960200
21089040700
21089040400
21089040300
21089040100
21089040600
21205950100
21205950200
21205950300
21205950400
21211040102
21049020106
21211040501
21211040402
21211040101
21197970100
21197970200
21111010706
21111011301
21159950200
21159950100
21159950300
21111011403
21111011200
21111011404
21111011505
21111011506
21111010102
21113060504
21113060503
21179930303
21075960100
21075960200
21111010309
21111010311
21111010402
21111010403
21015070605
21173920302
21029020602
21029020101
21015070504
21015070313
21209040100
21015070312
21015070503
21111011405
21111011406
21047201501
21047201503
21163970500
21037053200
21151011000
21151011400
21151010800
21151010200
21151011200
21151011100
21151010300
21151010600
21151010500
21151010400
21133950401
21133950402
21077960101
21035010600
21035010800
21035010500
21173920301
21083020400
21083020200
21083020300
21083020100
21083020900
21083020800
21083020600
21083020700
21083020500
21067001400
21067001500
21067001600
21121930602
21067001700
21067000200
21067000500
21067000300
21173920500
21139040100
21139040200
21173920100
21173920200
21173920400
21067004105
21067004106
21067004103
21067003701
21067003917
21067004007
21067004005
21067003918
21067003915
21067004209
21067003916
21117060300
21227011800
21005950400
21005950100
21005950300
21117065300
21117065800
21117063605
21117064200
21117064000
21117064700
21117066900
21117066800
21117061100
21117061000
21117060900
21117065100
21117063701
21117065200
21117061200
21117063606
21117064100
21067000102
21101020300
21117060700
21117065900
21117065501
21117063604
21117061300
21117061400
21117061600
21111012406
21111012407
21111012408
21111012409
21111012501
21023950200
21023950300
21023950100
21111012502
21021930200
21021930600
21021930500
21021930300
21021930400
21021930700
21021930100
21111012601
21111012603
21111012801
21111012802
21107970600
21193971000
21189930100
21189930200
21137920101
21137920103
21093001401
21215080102
21215080101
21103090301
21103090302
21167960300
21033920100
21033920300
21033920200
21233960400
21233960300
21233960100
21233960200
21111010313
21111010406
21111010319
21111010315
21111010316
21111011604
21111011710
21111012411
21191930200
21191930300
21191930100
21199930600
21199930700
21199930100
21101020100
21101020701
21101020702
21101020602
21101020800
21177960800
21101020200
21101020601
21101020900
21177960400
21177960700
21177960500
21177960600
21177960300
21199930200
21199930300
21199931000
21199930900
21177960100
21177960900
21177960200
21071920700
21069920400
21071920100
21071920600
21071921000
21071920800
21071920900
21071920300
21069920200
21069920300
21069920100
21025920700
21071920200
21071920500
21025920600
21025920400
21025920500
21073070800
21093980100
21093000201
21025920100
21025920300
21025920200
21073071000
21073071100
21073070600
21073070100
21019031100
21131920200
21131920300
21131920100
21019030200
21019030300
21019031200
21019030600
21019030800
21019030900
21019031300
21073070500
21059001401
21059000100
21059001502
21059001402
21059001703
21059001800
21059001000
21059001501
21081920100
21081920300
21081920400
21081920200
21045950300
21045950400
21045950100
21045950500
21045950200
21111006900
21019030700
21019030400
21019030500
21059000300
21049020202
21049020201
21049020105
21111004100
21111004301
21111004302
21111004400
21111004500
21111004600
21111004900
21059000200
21059000400
21059000500
21059000700
21059000800
21059000900
21059001100
21059000600
21059001200
21111005200
21111005300
21111005600
21111005900
21111006200
21111006400
21111006500
21111006600
21111006800
21059001601
21059001701
21059001702
21059001300
21059001602
21121930700
21111010001
21111010004
21047200500
21047201200
21047200600
21047200800
21047201400
21047200200
21047200900
21047200100
21047201000
21047201100
21047200300
21047200700
21047200400
21121930300
21121930200
21121930100
21121930500
21121930400
21165960200
21165960100
21147960400
21147960200
21147960300
21147960100
21227010100
21227010803
21227010702
21227010701
21227010801
21227011002
21227011401
21227011402
21227010802
21227011001
21227010400
21125970100
21109960200
21109960300
21109960100
21137920102
21111011603
21029020601
21057950100
21057950200
21111008400
21111008500
21239050104
21239050107
21239050103
21239050105
21239050106
21151010903
21091960200
21091960100
21091960300
21111008800
21111008900
21111009000
21111009103
21051950100
21051950200
21051950400
21051950600
21051950300
21055930200
21055930100
21055930400
21055930300
21175950100
21175950300
21175950200
21175950500
21175950400
21181960200
21181960100
21167960200
21169960200
21169960300
21169960100
21125970200
21125970300
21125970600
21125970800
21125970700
21125971002
21213970200
21125970500
21125970400
21125970900
21201970100
21093000500
21001970600
21001970200
21001970500
21001970100
21001970300
21213970300
21213970400
21213970100
21111002100
21093000400
21027960502
21027960501
21067003406
21151010102
21151010702
21151010901
21151010902
21151010101
21151011302
21151011301
21151010701
21005950202
21005950201
21127930400
21127930200
21127930500
21127930100
21127930300
21143980100
21089040201
21089040502
21089040202
21089040501
21209040203
21111001100
21111001200
21111001400
21111001500
21111001600
21111001800
21185030501
21111002300
21111002400
21077960102
21111002700
21111002800
21111003000
21111003500
21111003600
21111003800
21111003900
21111004000
21097950300
21097950100
21097950500
21097950200
21097950400
21117063800
21161960400
21161960500
21161960300
21161960200
21161960100
21185030200
21185030100
21185030801
21185030601
21185030502
21185030802
21185030602
21013960700
21117064300
21117064400
21117064500
21035010302
21035010301
21149970500
21193970400
21193970500
21193970700
21193970900
21193970300
21193970600
21193970800
21153970100
21153970400
21153970300
21153970200
21237930100
21013960300
21013960200
21013960800
21013960500
21013960600
21029021101
21013960100
21111007100
21093000100
21029020103
21029020202
21029020102
21029021102
21029020701
21029020702
21029020201
21029980100
21155970400
21013960400
21155970300
21155970200
21155970700
21155970500
21155970800
21065920100
21065920200
21065920300
21007950200
21007950300
21007950100
21163970301
21065920400
21011970200
21011970300
21011970100
21163980100
21163970302
21163970402
21071920400
21073070702
21073070402
21073070401
21015070311
21015070314
21015070607
21163970401
21043960200
21157950200
21157950600
21095971300
21211040302
21185030301
21073070701
21073071200
21041950200
21041950100
21041950300
21221980200
21221980100
21111010800
21111010901
21111010902
21111011002
21111011003
21195931900
21195931500
21195930300
21195930500
21195931400
21067003702
21067002304
21067002303
21067004104
21067002400
21067002500
21123960102
21067002600
21111010500
21111010701
21119960100
21119960400
21119960300
21119960500
21119960200
21067004107
21067003703
21067003804
21067003201
21067003202
21111011004
21067004204
21067004205
21111010312
21003920600
21003920400
21003920200
21113060200
21113060101
21113060102
21003920500
21003920100
21003920300
21113060502
21113060400
21113060600
21113060300
21203950400
21203950300
21203950200
21203950100
21219950300
21219950400
21219950200
21219950100
21037053301
21095970200
21095970800
21079970400
21079970100
21043960100
21043960600
21043960400
21043960300
21043960700
21043960500
21079970200
21079970300
21145031000
21145030400
21145031500
21145031400
21145030200
21145030600
21145030700
21145031100
21145031600
21145030900
21145031200
21145030100
21107971000
21145030500
21145030800
21099970500
21099970200
21099970100
21099970400
21099970300
21107970400
21107971100
21107971300
21107970200
21107970300
21107970500
21107970900
21217920100
21107970800
21107970100
21107970700
21217920400
21217920200
21217920500
21217920300
21209040205
21013961100
21063920100
21063920200
21061920300
21061980100
21067000400
21067000600
21067000700
21067000801
21067000802
21067004001
21067002200
21067003802
21067000900
21111011106
21111011109
21111011110
21067001100
21067001300
21049020400
21049020500
21211040200
21209040602
21209040601
21209040501
21209040302
21209040303
21209040502
21209040301
21209040603
21085950100
21187970300
21187970100
21187970200
21085950500
21085950600
21085950300
21085950200
21085950700
21141960300
21085950400
21141960600
21141960400
21141960200
21141960500
21179930400
21141960100
21039960200
21039960300
21039960100
21053970100
21179930700
21179930100
21179930200
21179930600
21179930500
21095971000
21133950100
21133950200
21133950300
21133950600
21133950500
21225950300
21095970700
21095970500
21095970600
21095970100
21095970400
21095970900
21095970300
21199931102
21047201301
21145030300
21167960400
21121930601
21015070606
21123960101
21001970401
21001970402
21019031002
21019031001
21129950300
21129950200
21129950100
21067003803
21067001000
21067004207
21067003914
21111011711
21111010314
21111009105
21209040206
21209040204
21111009106
21111980100
21111011113
21111011709
21111011712
21111010317
21111010318
21111011112
21111010320
21111010601
21111011713
21185030702
21211040502
21185030701
21185030302
21101020500
21163970100
21163970200
21111010104
21111011114
21111011111
21111011517
21111011520
21111011519
21111011514
21111011516
21111011513
21111011515
21111010602
21111010103
21111010405
21111012410
21067001800
21067001900
21117064600
21117064900
21117065000
21117065400
21067002302
21015070401
21117065600
21117065700
21117067000
21117063603
21117063702
21117064800
21117065502
21117067100
21225950202
21225950201
21171930400
21101020400
21207960102
21207960101
21093001402
21199930501
21199930401
21199931101
21199930800
21103090200
21103090100
21103090400
21027960300
21027960100
21027960200
21027960400
21195930600
21195930800
21195931700
21195930100
21195931000
21195930200
21195931600
21195930400
21195931200
