24033807304
24033807305
24033807405
24510150900
24033807407
24033803700
24027606603
24005400701
24005400702
24005400800
24005400900
24013507704
24035810700
24035990200
24035810901
24031700818
24031700901
24031700903
24031700835
24031703301
24031703302
24031703401
24031703402
24031703403
24031703502
24031703601
24017850600
24017850902
24003990000
24031700904
24031701001
24031701002
24031701004
24031701005
24510240300
24510250101
24510250102
24510250103
24510250203
24510240400
24510250204
24510060300
24510260800
24510080800
24510260900
24510230200
24510270501
24510160200
24510100100
24510130300
24510060100
24510280301
24510160100
24510180100
24510130200
24510130400
24510130600
24510130700
24510130803
24510130804
24510130805
24510250205
24510150100
24510090900
24510120400
24510270701
24510080301
24510010200
24510271801
24510080700
24510261000
24510260700
24510200702
24510160300
24510060200
24510180200
24043010802
24043010400
24043011100
24043011400
24043011301
24043000900
24043010300
24043011202
24043011500
24043001001
24043000602
24043010500
24043010200
24027605602
24027602900
24027602100
24027605502
24027602800
24027602305
24027605402
24027601201
24027604002
24027602302
24027604001
24027602700
24043001002
24033802804
24043000200
24043000301
24043000302
24027606803
24027605503
24027602304
24043000500
24043000100
24027605102
24005421200
24005440600
24005451200
24005451802
24005452400
24005490603
24005400100
24029950400
24029950500
24029950300
24029950100
24029950200
24033806708
24037876001
24037875500
24005408400
24005408503
24005408505
24033806710
24033806711
24033806712
24033806800
24047951100
24005408507
24047951200
24047990000
24047950900
24047951500
24047950800
24047951400
24047951000
24047951300
24033807102
24045010702
24045000500
24045000200
24045010101
24045000300
24031702402
24017851001
24031700710
24031700711
24031700713
24031700715
24031701307
24031701415
24031703212
24031703213
24031702500
24031702601
24031702602
24031702700
24031702800
24031702900
24031703000
24031700716
24031700811
24031700815
24031700816
24031703100
24031703206
24031703207
24031703209
24031703210
24031703215
24003730506
24039930300
24039930101
24039930500
24039930600
24039980400
24039930102
24031700817
24043011201
24043000400
24043011600
24510260604
24510280402
24510010100
24510010300
24510010400
24510010500
24510020100
24510020200
24510020300
24510030100
24043000601
24043000700
24043000800
24021750300
24033801004
24043011000
24003702204
24510160500
24027602303
24027602600
24043010900
24027605401
24510130806
24510140200
24510140300
24510150200
24510150300
24510150400
24510150500
24510150600
24510150701
24510150702
24510160600
24510271802
24027606601
24027602306
24027606604
24510271900
24510151000
24510151100
24510150800
24510250206
24510250207
24027606701
24027606704
24027606705
24510250301
24510250303
24510250401
24510250402
24510272003
24510280101
24510280102
24510280200
24027606804
24510280302
24023000300
24023000100
24023000200
24023000600
24023000500
24023000700
24023000400
24510030200
24510040100
24510040200
24510060400
24510070100
24510070200
24510070300
24510070400
24009990100
24013505101
24013503000
24013507602
24013507702
24021752900
24005411408
24041960800
24033800213
24033800410
24033800411
24033800518
24033800608
24033800607
24033803523
24033800517
24033803520
24033800707
24033800705
24033801214
24033801006
24005411309
24005408303
24005407002
24005407001
24005411308
24031700819
24025302200
24005980100
24013511000
24033803508
24033803509
24033803512
24033803513
24033803514
24003750202
24033803516
24033803519
24033803601
24003750203
24003750300
24003751103
24003740104
24003740900
24003751000
24033803602
24033803606
24033803608
24025303606
24025301107
24025303801
24025304102
24033803610
24033803612
24033803613
24003706401
24003706402
24003730100
24003730204
24003730300
24033803801
24033803803
24003730402
24003730504
24003730604
24003730800
24003730901
24025301105
24003731002
24033800606
24033802901
24033800601
24033807404
24033800900
24033805904
24033800106
24033803900
24033804001
24033804101
24033804102
24003731102
24003731201
24003731306
24003731308
24025301204
24025301205
24003731309
24003731310
24003731311
24003740105
24003740400
24003740601
24003740602
24025303204
24003750201
24003750101
24003750102
24015030505
24015030906
24015031302
24015031301
24015030905
24025303203
24039990100
24033801906
24033802001
24033802002
24033802104
24033802203
24003751600
24003731104
24003702206
24003702701
24025303605
24031701201
24031701202
24031701205
24031701206
24031701213
24031704200
24031704300
24031704401
24031704501
24031704503
24031704600
24015030506
24031701214
24031701215
24031701304
24031701312
24033802301
24033802404
24033802501
24031701313
24031701409
24031701410
24031704700
24031705000
24031705100
24031705200
24031705300
24031705400
24031701505
24001002200
24001001900
24001000600
24001001700
24001001502
24001000300
24001000500
24025302802
24025301704
24031701417
24031701503
24033802502
24033802600
24033802700
24031705902
24031705903
24031706007
24033802803
24033802805
24031701900
24031701701
24031701702
24031701703
24031701704
24031701800
24033803001
24033803002
24033803200
24033803401
24033803402
24031700833
24031700614
24031700829
24031700824
24031700717
24031700719
24001000700
24001001000
24001001200
24001001503
24001002100
24001001800
24001001600
24001000200
24001000800
24001000100
24001002000
24001001402
24001001401
24001001300
24001000400
24035810800
24025301302
24025301402
24025302902
24025304202
24025305300
24025306200
24025301601
24025303602
24009861004
24009861003
24025301301
24025303603
24025306400
24025303900
24025301202
24025303206
24025306100
24025301102
24025301702
24025303300
24025302100
24025301201
24025301401
24025302801
24025303700
24025303400
24025302400
24025306300
24025305200
24025304201
24025305100
24025302901
24025303201
24011955600
24011955400
24011955500
24011955000
24011955100
24019970100
24019970300
24019970500
24019970200
24033805907
24019970900
24019970600
24033801313
24033801215
24033801217
24033801210
24033801409
24033801907
24033803522
24033805909
24003708004
24019970400
24033801908
24031701509
24027601204
24027605104
24027605505
24027606707
24005492401
24027601203
24027601103
24027606606
24027601108
24013506101
24013505208
24013508102
24013513001
24013507703
24047950000
24047950100
24027602202
24027605103
24027606907
24027602201
24025301703
24025301108
24027605504
24510120202
24510272005
24510120201
24510272004
24013505205
24047950700
24047950600
24510272006
24510280500
24031700820
24031701218
24025304101
24025303502
24025303501
24025303101
24025303102
24025303205
24025303803
24025306500
24033800214
24033802106
24033802407
24033801408
24033801212
24033800108
24033804801
24033805908
24037875801
24037875300
24037875901
24031705502
24031705501
24047980000
24047950300
24037875201
24037876200
24037875600
24037875802
24037876100
24037875000
24037875100
24037875700
24017850102
24047950400
24037990000
24005400200
24017850713
24017850712
24017850708
24017850709
24017850711
24017851301
24017990000
24017851500
24037875202
24037875902
24003702209
24003706302
24003731004
24021751802
24021740200
24021750803
24021750200
24021751600
24003740701
24003751400
24003740305
24003708001
24003702702
24003740702
24003702205
24003980000
24003731105
24003731003
24003740304
24003751500
24003702208
24003751700
24003751200
24005430300
24021765100
24021773500
24021752302
24021752303
24021750504
24021750503
24021751002
24021750802
24021751202
24021750701
24021750702
24005430700
24031701601
24031704804
24031700613
24031704403
24510260202
24510260203
24510260301
24510260302
24021750801
24021750505
24021751001
24021753001
24021752801
24021752102
24021752101
24021752202
24021751701
24041960502
24510260303
24510260401
24005430800
24510090200
24510090300
24510090400
24510090500
24510090600
24510090700
24035810400
24035810200
24005440200
24005440300
24005440400
24005430900
24005440100
24035810600
24035810100
24035810500
24035810300
24021752301
24033803524
24033803526
24033801311
24033801208
24033800212
24033800215
24033800413
24033800412
24033800514
24033800519
24510260403
24033800520
24510260402
24510260404
24510260501
24005440500
24005440701
24005440702
24005440800
24005440900
24005492200
24510090800
24510100200
24510100300
24033800109
24033800516
24033800515
24033803521
24033803527
24033800706
24510110100
24510110200
24510120100
24510120300
24510120500
24510120600
24033801209
24033801211
24033801005
24033801216
24033801213
24033801411
24033801410
24033802408
24005450200
24005450300
24005450501
24005450503
24005450504
24031700823
24031700718
24031701007
24031701006
24031700724
24031700723
24033802107
24033803525
24033806713
24033804802
24033806714
24510260605
24510261100
24510270101
24510270102
24510270200
24510270301
24033807410
24510270302
24031704404
24031703219
24031703216
24031701421
24031701602
24005450800
24005450900
24005451000
24005451100
24005451300
24005451803
24005451500
24005451600
24005452100
24005980000
24005451900
24005452300
24005452000
24005490100
24510270600
24510270401
24510270402
24510270502
24510151200
24510151300
24510160400
24005451702
24005451801
24005490200
24005490301
24005490302
24005490601
24005490602
24005490605
24005490701
24005980200
24510160700
24510160801
24510160802
24510270702
24510270801
24510270703
24005491000
24005491100
24005490703
24005491201
24005490800
24005490900
24510270802
24510271400
24510271501
24510120700
24510130100
24510170100
24510170200
24510170300
24510190200
24510190300
24510200100
24510200200
24510200300
24510200400
24510270803
24510270805
24510270901
24510270902
24510270804
24510271503
24005401507
24017850802
24005404404
24005404102
24005403402
24005403401
24005451402
24005404403
24005402406
24005451401
24005492300
24003706301
24005430104
24005492500
24510180300
24510190100
24510200500
24510200600
24510200701
24510200800
24510270903
24510271001
24510271002
24510271101
24510271102
24510271200
24041960900
24041960201
24041960100
24041960600
24041960400
24041960300
24041960700
24510271300
24510210100
24510220100
24510230300
24510240100
24510210200
24510240200
24510271600
24510271700
24510230100
24510140100
24031700905
24031706010
24031703221
24031701315
24031701316
24031701314
24017851200
24017850101
24017850706
24031700312
24017851400
24031700208
24031701317
24031700311
24031700722
24031700611
24031700616
24031700822
24031700826
24031700615
24031701220
24031701216
24017850710
24017850202
24017850906
24017850801
24017850400
24017850500
24017851100
24017851302
24017850300
24017850905
24017850201
24017850904
24005401503
24017850901
24017851002
24005401000
24005401101
24005401102
24005401200
24021750600
24021750100
24005401301
24005401302
24035810902
24005403300
24005403500
24005403601
24005401504
24005401505
24005402302
24005402303
24005403602
24005404202
24005404501
24005404502
24005404201
24005402304
24005402306
24005402307
24005430200
24027606904
24027606906
24005411410
24005420100
24005420200
24005420301
24005420302
24005420303
24005420401
24005420402
24005420500
24005420600
24005420701
24005420702
24005420800
24005420900
24005421101
24005421102
24005430101
24027601104
24027603004
24027603003
24027603001
24027606806
24027606905
24005411407
24027606805
24005408900
24005411409
24005411201
24005492002
24005421300
24005402505
24005403801
24005402504
24005452500
24005403702
24005450400
24005403803
24005411101
24005451701
24005430600
24005411306
24005408200
24005402305
24005408502
24005490500
24005411102
24005410100
24005492102
24005404402
24005441101
24005411406
24005402202
24035811000
24027606901
24027605601
24510090100
24005421000
24005450100
24005408506
24035990100
24045000400
24510250500
24510250600
24510260101
24510260102
24510260201
24510280401
24510280403
24510280404
24045010502
24045010606
24045010605
24045010501
24510080101
24510080102
24043011302
24043010801
24043010700
24043010600
24043010100
24510080200
24510080302
24510080400
24510080500
24510080600
24005401400
24031700207
24031700105
24029990000
24031700104
24031700720
24031700830
24005402603
24005404900
24005405000
24005411202
24005411303
24015030601
24005441000
24005441102
24031701101
24031703602
24031703701
24031703800
24031703901
24031703902
24031704000
24031704100
24021751902
24021751903
24021751901
24021753002
24021752001
24003730505
24039930200
24021767600
24021767500
24021775302
24015030100
24015030501
24015030903
24015030602
24015030200
24015030400
24015031201
24021775400
24015030904
24015030700
24015031202
24021766800
24021772200
24011955201
24021770700
24021775600
24015031400
24015030503
24013506200
24013507601
24013507802
24047951700
24019970702
24019970804
24019990000
24031703202
24011955301
24011955202
24011955302
24013507500
24013505102
24013508200
24013504201
24013512000
24013514100
24013504202
24013510000
24013504100
24003731303
24005492600
24003730203
24003731103
24003707001
24003730502
24003740800
24003702402
24003730603
24003730601
24003701300
24003731203
24003730902
24003706600
24003706500
24003740102
24003741000
24003740500
24003702500
24003707002
24003730700
24003740203
24003701400
24003751102
24021752602
24005430400
24003731307
24003750804
24003701101
24005491202
24005491300
24031701221
24027601105
24027606706
24027601107
24003702100
24003731204
24021752502
24021751003
24021751201
24021750506
24021751301
24021751203
24021751004
24021752603
24021752501
24021752601
24021752802
24021752204
24021752201
24021751904
24021751702
24021751801
24003740103
24003702300
24003702602
24003740201
24003731202
24003750801
24003740303
24003740603
24003730401
24003750400
24003706700
24003750900
24009860300
24003750803
24003701102
24003701200
24003702601
24005491401
24005491600
24005491701
24005491402
24005491500
24031700828
24031700832
24003706101
24005491900
24005492101
24005492001
24031700721
24031701219
24031706011
24031706013
24031706012
24031703218
24031701508
24031701420
24031701423
24031703220
24031704806
24031704803
24001001100
24009860701
24009860502
24009860801
24009860200
24009861001
24009860802
24009860401
24009860600
24009860402
24009860102
24009860703
24009860702
24009860501
24005402404
24037876002
24027606607
24031700834
24031701418
24009860900
24009860101
24031704805
24031701422
24025301106
24025301602
24033807409
24033800513
24033801310
24033800704
24033801003
24033805906
24033801312
24041960501
24041990000
24005402403
24005408601
24005408602
24005408702
24005408703
24005408704
24037875400
24033806706
24005408800
24005411307
24031700902
24021751302
24035990000
24031705601
24031705602
24031705701
24031705702
24031705901
24031706009
24031700610
24031706008
24031705800
24031701303
24031701408
24031701308
24031701210
24031700500
24031703404
24031701507
24031702102
24031701407
24031700400
24031700604
24031701211
24031700810
24031700812
24031701212
24031700204
24031701306
24031703201
24031701506
24031701414
24031700608
24031706005
24031701102
24031702101
24031700206
24031700606
24031703702
24031700103
24031700813
24031704502
24031703208
24031703214
24031703501
24031700101
24031700205
24031700304
24045000100
24031700306
24031700308
24031700309
24031700310
24031700607
24031700704
24045010400
24045010200
24045010102
24045010800
24045010603
24045010701
24045010604
24045010300
24013501002
24013509002
24031700706
24031702000
24031702200
24031702301
24031702302
24031702401
24005400400
24005400500
24005400600
24510272007
24013506102
24013505206
24013508101
24013513002
24013509001
24005404600
24013505207
24013501001
24013514201
24013502000
24013505203
24013507801
24013514202
24005404800
24005406000
24005402604
24005403802
24005410200
24005490400
24005402503
24005408302
24005403701
24005408100
24005403202
24005411302
24005402201
24005411404
24033803100
24005402405
24005402506
24005402602
24033801309
24033804002
24033805801
24033800208
24033800504
24033801901
24033801207
24033800401
24033800604
24033800800
24033805000
24033800509
24033800701
24033807000
24033803605
24033804300
24033801807
24033800409
24033802204
24033801404
24033801307
24033801708
24033801701
24033807301
24033800206
24033802406
24033803300
24033806900
24033804200
24033804400
24033804600
24033804700
24033801905
24033800103
24033800105
24033803607
24033807200
24033800408
24033800507
24033800505
24033802405
24033801302
24033801706
24033801801
24033805101
24033805201
24033805202
24033805500
24033805601
24033805602
24033800203
24033800209
24033800210
24033805700
24033805802
24033806000
24033800211
24033800402
24033800403
24033806100
24033806400
24033806501
24033806601
24033806602
24033800511
24033801305
24033801308
24033800605
24033801104
24033801407
24033802201
24033806200
24033806300
24033801406
24033801707
24033801808
24033801904
24033802103
24033804900
24033807408
24033800102
24033801405
24033801500
24033801600
24033801702
24025303802
24005401506
24005402407
24005404101
24005402509
24005492402
24005408304
24033801704
24005403201
24033801802
24033801804
24033801805
24005403100
