26081014701
26081014703
26081014803
26081014804
26103000700
26081014805
26081000200
26165380700
26165380600
26165380400
26165380500
26165380200
26165380100
26165380300
26165380800
26149041101
26077002901
26163550800
26163550900
26163551100
26163551200
26163551300
26163551400
26103001500
26103002200
26163551500
26163551700
26163551800
26163552100
26163552200
26127010800
26139024400
26139025800
26103002500
26103001300
26103001600
26049013111
26049013112
26107960400
26107960700
26125184500
26049013001
26049013110
26163516600
26163522000
26115832700
26115832800
26115832900
26115833000
26115833200
26115833300
26115833500
26125183900
26125184000
26125184100
26125184200
26125184300
26125184400
26125184600
26125184700
26049013402
26049001100
26049000200
26125187000
26125188000
26049003700
26049003800
26049980000
26049004000
26049013500
26049010110
26049010111
26049013204
26049013301
26049013401
26065005501
26049011213
26049013113
26049011302
26049000100
26049000300
26049000700
26049000400
26049000500
26049000600
26049000800
26049001400
26049000900
26049001000
26049001300
26049010305
26115833600
26115833800
26115833900
26125190200
26125190400
26125190500
26049010112
26049010113
26049010114
26049010201
26049010304
26049010501
26049010603
26049010502
26049010503
26049010504
26065004402
26135970300
26135970500
26135970400
26065000400
26065002700
26065004902
26065005800
26065006500
26065003601
26163503500
26065005201
26065005001
26163503100
26163503200
26163503400
26163503600
26049001500
26049980100
26049001700
26049001800
26049002000
26065000100
26065000600
26065000700
26065000800
26163504100
26121002900
26121003100
26049002200
26049001600
26049002300
26125138301
26125190700
26125190800
26125191000
26125191100
26125191200
26125140900
26163553100
26163553200
26163558700
26163563600
26163503900
26163504200
26163504300
26081000500
26163504400
26163504700
26163504800
26163504900
26163505000
26163505100
26097950500
26081000300
26081000400
26081001000
26081000600
26081000700
26081000800
26029001400
26081001101
26081001102
26081001200
26015011300
26015011400
26029000200
26029000900
26029000400
26029001200
26029000800
26029000300
26111291000
26021020600
26021020700
26021020900
26125133002
26021021000
26021021100
26021021200
26021021300
26125135000
26021010100
26021010200
26021010300
26021010400
26021010500
26021011000
26093743300
26093743500
26093742900
26111290500
26111290600
26111290900
26051000500
26051000200
26051000300
26149041102
26037011200
26049003500
26111291101
26111291102
26111290200
26111290700
26111290300
26111290800
26111290400
26021011100
26111290100
26111291200
26111291300
26111291400
26111291500
26111291602
26111291700
26111291601
26135970201
26093730600
26093743600
26093743700
26093743800
26027002000
26027001900
26027001600
26021002400
26007000900
26117970200
26123971000
26123970400
26123970600
26123970700
26123970900
26123970800
26021011200
26123970500
26123971100
26123970300
26123971200
26123970100
26021011400
26021011500
26021020100
26021020200
26163564504
26021020500
26139021604
26139021700
26139022600
26139022900
26139023100
26069000200
26139023200
26069000100
26093731100
26093732100
26093744200
26093744600
26073000500
26073000600
26073000800
26125130300
26125138302
26125136102
26125145900
26093733100
26029000500
26029001000
26029001100
26029990000
26091062000
26105950400
26105950700
26105950200
26105950600
26097950100
26097950200
26097950400
26097950300
26105950800
26105950300
26105990000
26105950500
26105950100
26133970400
26133970200
26133970300
26133970500
26133970600
26133970100
26081004200
26081011701
26081014806
26081003000
26081001300
26081001400
26081001500
26081001600
26081001700
26081001800
26139020100
26139990000
26139020200
26139021400
26139020600
26139020400
26139021603
26005031100
26007000100
26007000400
26007990000
26007000500
26163574202
26163526500
26073000700
26073000400
26153000100
26153000200
26153000300
26153990000
26087336000
26087336500
26087337000
26087337500
26087338000
26087338500
26157000800
26093721100
26157001000
26157000300
26157990000
26157000100
26093722500
26093725000
26093725100
26093722100
26087340500
26087331500
26087339000
26087331000
26087330000
26087332000
26087330500
26161402200
26163545900
26161402300
26161402500
26161402600
26161402700
26161403100
26161403200
26051000100
26051000400
26051000700
26051000800
26051000900
26077006701
26087339500
26163990200
26163985700
26077002601
26077002700
26087340000
26087341000
26087341500
26087342000
26157000400
26157000500
26157000600
26163546100
26163546200
26163546400
26163546500
26163546700
26163546800
26163546900
26163550100
26163550200
26163550500
26163550600
26163550700
26077006601
26077003302
26131970200
26079950200
26103002400
26103001200
26131970100
26131970300
26131990100
26079950400
26079950300
26093742500
26049011401
26049010700
26049001900
26049010202
26049001200
26049013002
26049002700
26049011710
26049010810
26163566900
26125191300
26125192000
26125192200
26125192400
26125192800
26125193000
26125193100
26125193400
26065001000
26065001200
26065002000
26163566800
26163569100
26163575200
26163568200
26163568500
26163572500
26163507000
26163579100
26163583300
26163505200
26163506100
26163506200
26163506300
26163506400
26163506500
26163506600
26163506700
26163506900
26163507300
26125194500
26163507400
26163507500
26163522100
26163524700
26163524800
26163527200
26163527300
26163525400
26163524500
26163525500
26163525800
26163526000
26125193500
26125193600
26125193700
26085960100
26125194000
26125194100
26125194200
26125194300
26125194400
26055550101
26163531100
26065002200
26065002300
26163579600
26065002600
26065002800
26065002901
26163585800
26125135200
26163594200
26163599100
26163507900
26163508000
26163507800
26163510400
26163510500
26163510600
26163510700
26163526300
26163526400
26163530100
26163530200
26163530300
26163526200
26163530500
26163530800
26163531200
26163531400
26163531500
26163531700
26125196600
26125194600
26125196000
26125196100
26125196200
26125196300
26125196400
26125196500
26125196800
26125133003
26163501300
26125196900
26163524900
26163500100
26163500500
26163500600
26163500700
26163500200
26163500300
26163500400
26163560200
26125145501
26125133001
26163500800
26163500900
26163501000
26163501100
26163501200
26163501400
26163512100
26163985100
26163511200
26163511900
26125126400
26163522200
26163523100
26163523400
26163524000
26163522300
26163524200
26163524300
26125197000
26125197300
26125197400
26125197500
26125197600
26125198000
26163501600
26163501500
26163501700
26163502000
26163526100
26125144900
26125150800
26125145502
26163531800
26163531900
26163532300
26163532600
26163533000
26163533100
26163533200
26163533300
26163533400
26163534100
26163533500
26163533600
26163533700
26125161800
26049010604
26163520400
26125197200
26121003800
26163516800
26163516900
26163517000
26163517100
26163517200
26163516700
26163517500
26163587000
26163518000
26121003200
26049011210
26125161500
26125161600
26125161700
26049010610
26163538800
26163525700
26163558600
26163570500
26163545700
26163514100
26163518400
26163518500
26163518800
26163520200
26163521100
26163520700
26163520800
26163985300
26125131100
26125161900
26125162000
26125162100
26125162200
26125130600
26125130700
26125196700
26125131300
26081013700
26125188100
26125131600
26125128100
26125173100
26125136800
26125153300
26125170300
26125127600
26021000800
26025002200
26025000700
26125142200
26023951600
26125142500
26129950100
26125162400
26125181500
26125193300
26125120300
26125131500
26125131800
26125131400
26125132500
26011970400
26081010904
26021001500
26021001600
26125121400
26125121500
26125134000
26125134300
26125134400
26125133100
26125134500
26021002500
26021000400
26067031600
26125134600
26125134800
26021000900
26021001000
26021001100
26021001300
26125136000
26125134700
26125136300
26125136600
26125145100
26125145200
26125145300
26125145400
26125144800
26021001700
26021001800
26021002100
26021002200
26021002300
26125122200
26125122400
26025003700
26025003800
26025001900
26025002500
26025002400
26025001000
26025002300
26025003100
26125136700
26125137100
26125137400
26025000200
26125137800
26125157700
26125145700
26125150100
26125150200
26125150300
26125150400
26021000500
26021000600
26021000700
26025001400
26041970100
26041970500
26125122700
26041970600
26041970300
26041970200
26041970900
26041971000
26041970800
26041970400
26041971100
26041970700
26041990000
26125138600
26125139200
26125139400
26125140100
26125150500
26125150600
26125150700
26125150900
26125151000
26125152000
26125122900
26125123000
26125140500
26125140600
26125140700
26125141000
26125141100
26125141200
26037011104
26033990100
26125141300
26125141400
26125153200
26125154000
26125154100
26125154200
26025001600
26025001700
26119910100
26025001500
26025001800
26125123100
26125124500
26125125600
26125126200
26125141500
26125141600
26125141700
26125142100
26121000100
26121000601
26121000800
26121000900
26121001000
26121001200
26121001300
26061000700
26061000500
26061000900
26081002700
26081003100
26081003200
26081003300
26081003400
26081003500
26061000300
26061000100
26061001000
26061000200
26067030300
26081003600
26081003800
26081003900
26081004000
26081004100
26125126300
26125126500
26125127000
26125142300
26125142600
26125142700
26125142400
26161413403
26161984000
26161412000
26125173500
26125173600
26125175000
26029001300
26117970400
26163564402
26117970500
26163564501
26139020900
26117970600
26117970800
26081001900
26081002000
26067032100
26067031900
26139021000
26139021100
26139021500
26117970700
26125161200
26125161300
26125161400
26129950500
26129950400
26129950300
26129950600
26025002000
26003990000
26003000100
26003000200
26003000300
26035000400
26035000200
26035000300
26035000800
26035000700
26011970200
26125160800
26125161000
26125161100
26103000500
26103000200
26103002600
26103002300
26011970100
26011970300
26011970500
26163584200
26145011200
26145012100
26145001200
26093743900
26145013100
26145011300
26145011500
26163583200
26163583400
26163583500
26163583600
26163583700
26163583800
26163583900
26163584000
26163584300
26163539100
26163584400
26163584500
26163538400
26163538500
26163538600
26163538700
26163539000
26163539600
26163539200
26163539400
26163539500
26163539700
26163567100
26163540100
26163566700
26163567000
26163567900
26163567300
26163567400
26163567800
26163577000
26163568000
26163568300
26163576500
26163576600
26163576700
26163577100
26163985400
26163540700
26163577200
26163577300
26099230400
26099230500
26099230900
26099231000
26145012500
26015010100
26163584600
26163584800
26163585500
26163585600
26163585700
26163585900
26093710100
26093710300
26093710500
26093710700
26093711000
26163540300
26163540400
26163540500
26163540600
26163540800
26163540900
26125140800
26163541200
26163541400
26163541700
26163541800
26163542100
26163542200
26163542300
26125183500
26125158100
26125173200
26125120000
26125152700
26081004300
26125121000
26081004400
26081004500
26125152600
26125152900
26125153000
26125153100
26125128300
26125128400
26125128500
26125128600
26125128700
26125121700
26125157200
26125157500
26125157600
26125157800
26125157900
26125157300
26125158000
26125158200
26125197900
26125130100
26125160900
26125192500
26163538200
26125132600
26125137700
26125181300
26125132100
26125167800
26081004600
26037010400
26037010500
26081010102
26037010600
26125128800
26125128900
26125129000
26125130000
26117970300
26117970900
26117971100
26125124000
26125183400
26125142000
26125197100
26125125000
26125170100
26125172400
26125192700
26125157400
26125136500
26125134900
26037010203
26037010204
26125130200
26125130400
26125130500
26021001400
26125140301
26125135100
26125121800
26125138100
26125132700
26125171300
26125150000
26125167900
26125198100
26125160000
26163580900
26163581100
26163581200
26163581600
26163581800
26163581900
26163582000
26163582100
26163583000
26163583100
26125144701
26125197701
26125197702
26163536800
26163536900
26163537000
26163537100
26163537200
26163537300
26163537500
26163537600
26163537700
26163537800
26163538100
26163538300
26163564300
26025003300
26025003400
26141950300
26163564600
26163564700
26163564800
26163564900
26163565000
26155030800
26155030300
26155030600
26155030100
26155031401
26155031402
26155031500
26155031600
26155031700
26155031800
26025003000
26025003200
26021011300
26053990000
26053950100
26053950600
26053950300
26053950400
26053950200
26053950700
26053950500
26141950400
26141950600
26141950500
26141950100
26141990000
26141950200
26101000300
26101000400
26101000700
26101000600
26101990000
26101000800
26101000900
26101000500
26101000100
26163551600
26013990100
26093742202
26161404200
26161404300
26161404400
26067982200
26163985200
26161404600
26163559200
26163546300
26163530400
26163541000
26163523200
26163532400
26163532700
26115830300
26115831900
26115830200
26115830100
26115833700
26115830400
26115831500
26045020602
26045021202
26115830500
26115990000
26115831300
26115833100
26115831200
26125168100
26125170400
26125168800
26125168900
26125168400
26125168500
26125168600
26125170000
26125170200
26163540200
26049011800
26161413401
26049011901
26049011902
26049012003
26049012006
26049012007
26049012009
26049012602
26065003802
26065003902
26151970200
26151970900
26151970800
26151970300
26065004000
26065004100
26065004301
26065004302
26065004403
26163572400
26163512400
26163535100
26163546000
26163556900
26163598000
26163575300
26163532200
26163501900
26163516300
26163590400
26163591600
26045020901
26045021001
26079950601
26151971100
26115830600
26115830700
26115830800
26115830900
26115831000
26125171000
26125171100
26151990000
26125171200
26125171400
26125171500
26125171600
26125172500
26125173000
26125173300
26125173400
26125136101
26125140302
26163560100
26011990000
26155031302
26049012100
26049012201
26049012202
26049012310
26049012311
26049012401
26155031301
26045021302
26045021401
26045020403
26045020601
26045021301
26049012402
26049012501
26065004500
26065004600
26065004700
26163572100
26163506800
26163538900
26163512900
26163513200
26163513300
26163513600
26163513900
26075006804
26115831100
26115831400
26115831600
26115831700
26115831800
26115832000
26045021002
26139021202
26139020501
26139021201
26139020503
26121004200
26057000300
26057000400
26033980100
26033980200
26077006103
26077006102
26075006304
26075006303
26075006803
26075006900
26099247601
26099222102
26065006700
26065006301
26045020303
26029001500
26031990000
26151970400
26151971000
26073940400
26125175100
26067031400
26049012704
26049012801
26049012802
26065004901
26049003000
26151971200
26099225702
26099230602
26099225701
26099222101
26099268200
26047970800
26103990000
26103001100
26103002800
26093712601
26093712101
26093724003
26093712602
26093742402
26093724001
26093742401
26099268400
26125981000
26125135300
26071000200
26071000300
26071000100
26071000400
26071000500
26075006402
26075006500
26075006600
26075006701
26013000200
26013000100
26073940600
26075006801
26073940300
26073000100
26073000300
26073000900
26059051000
26059051100
26161405300
26073000200
26125175200
26125175300
26125180000
26125180100
26125180200
26125180300
26125181000
26049012008
26049002400
26049003400
26049010115
26049013202
26049011711
26049012503
26049012504
26049012601
26067031200
26067031300
26121001500
26121001600
26081002900
26081012002
26081012800
26081014704
26081000100
26049012603
26049012702
26049012703
26067030200
26121001700
26121001901
26121001902
26121002000
26121002100
26065005002
26067030400
26067031500
26067030100
26025001200
26065005100
26065005202
26065005302
26065005303
26065005304
26163514300
26163514500
26163515200
26163515400
26163515600
26015010600
26163515700
26163516100
26163516500
26115832100
26115832300
26115832400
26115832500
26015010700
26015010800
26115832600
26115832200
26125181100
26125181200
26125181400
26125181600
26125183000
26125183100
26125183200
26125183300
26125183600
26081010200
26081010301
26081010302
26125183700
26125183800
26049002600
26049002800
26049002900
26049003100
26113960100
26049003200
26049003300
26113960300
26067031700
26027001100
26027001200
26061000600
26061000800
26061000400
26113960200
26113960400
26143970200
26143971100
26143970700
26143970300
26107960600
26025000300
26081010600
26027001500
26049003600
26049012904
26049012905
26049012906
26049012907
26025000900
26025001100
26025001300
26017280900
26017280300
26017285100
26017280800
26017280700
26017280600
26017280500
26017990000
26017280400
26065005401
26065980000
26077002802
26161407600
26101000200
26019000500
26017281000
26091061800
26091061900
26017281300
26017285300
26017285400
26143970400
26143971000
26143970100
26035001300
26149040800
26149040400
26149041400
26035000100
26149041500
26149041200
26149040100
26017285600
26017285700
26017285800
26017285900
26017286000
26017286100
26017286200
26065006401
26065980200
26065004801
26077003400
26107960300
26107960900
26151970700
26017286300
26017286400
26065004802
26065980100
26065004493
26065005402
26065006402
26065006302
26065004490
26065004491
26107961000
26091060700
26091061200
26091061301
26091061302
26091061400
26091061500
26091061600
26065006600
26065003103
26065006800
26065006002
26065007000
26065001703
26065004494
26125143500
26125168700
26151970500
26151970600
26109960300
26109960200
26109960500
26109990000
26109960400
26109960100
26031960800
26109960600
26031960100
26031960600
26031960200
26031960700
26031960500
26031960300
26095960200
26095960100
26095990000
26069000600
26049013600
26069000800
26069000400
26069000700
26069000500
26069000300
26069000900
26061990000
26091060100
26091060800
26139022107
26157000200
26159011800
26159011900
26093724002
26093730101
26093730102
26161446200
26163512200
26103001800
26077001803
26103001900
26149040200
26077006702
26063990000
26063950200
26065980300
26069990000
26015010402
26061990100
26011990100
26077003500
26099247602
26099220002
26099220001
26015010401
26055551100
26055551200
26055551300
26055551400
26077001907
26077002002
26077002003
26077002004
26077002005
26077002101
26077002201
26077002202
26037010108
26037010802
26037010105
26037010107
26037010801
26083990100
26041990100
26005030901
26005030703
26005032600
26127010900
26127011000
26149040300
26149040500
26149040600
26149040700
26149040900
26149041300
26149041600
26149041000
26091061700
26091060500
26091060600
26005032402
26005030704
26143970500
26143970600
26055551500
26077002801
26077002903
26063950800
26099242100
26099242500
26099243000
26099243500
26099244000
26163568800
26163567201
26099255000
26099255100
26163507200
26077002905
26077003002
26077003003
26077003004
26139021304
26139022001
26139022002
26139022103
26139022106
26139022108
26025002600
26025002700
26139021606
26025002800
26025002900
26099251800
26099251400
26099251900
26099252000
26099252100
26099251500
26099251600
26099251700
26099254000
26099254100
26099254200
26139021605
26139023500
26139021802
26139022105
26139023002
26025003600
26025003900
26025003500
26025004000
26057000100
26057000600
26139021902
26139021901
26139022206
26139022203
26139024900
26139025700
26047970700
26099255300
26099255500
26099255600
26099255700
26099255800
26099255900
26099256000
26099256100
26099256200
26099256400
26099256500
26099256600
26099256700
26099258000
26099258100
26139023001
26139021301
26139021303
26139024600
26139023600
26027002100
26027002200
26027001800
26055550600
26055550400
26055550700
26055550500
26091060401
26129950200
26121004000
26099230601
26121000500
26121003600
26163556100
26121000402
26017285201
26017286600
26057000800
26139025100
26139025500
26139024300
26139024500
26099258200
26099258500
26099258600
26099258700
26099258800
26099258900
26099258400
26099260000
26099260100
26099260200
26099261000
26099261100
26099260900
26121003900
26121000401
26057000900
26057001000
26099231100
26099231200
26099982000
26099231400
26099231600
26099231700
26099231800
26099231900
26143971200
26055990000
26099232000
26099232200
26099232300
26099232400
26099232100
26017285202
26099262400
26099262500
26099262600
26099262700
26099262800
26099263200
26099982200
26001970500
26045021100
26099263600
26099263400
26099263500
26121004300
26027001700
26055551000
26055550200
26055550800
26055550300
26099222500
26099222800
26099223500
26099223900
26099224000
26099224200
26099224300
26099224400
26099225900
26099226100
26099226700
26099227000
26099227300
26099228000
26099224500
26099224600
26099225100
26099225200
26099225300
26099225400
26099225500
26099225600
26091062300
26155030400
26155030500
26155030200
26155031900
26163552300
26163552400
26163553000
26163553300
26163553400
26163553600
26163553800
26163554100
26163554200
26163554300
26163571500
26163571600
26163571700
26091060402
26005030401
26005030402
26005030500
26023950200
26023951100
26023950100
26023951300
26023950800
26023950300
26023951200
26023951500
26119910200
26119910500
26119910400
26077001905
26023950900
26119910300
26005030600
26005031000
26005030800
26127990000
26127010300
26139025200
26127010500
26127010400
26035000500
26161415600
26161415800
26161405400
26161405500
26007000600
26161407000
26161407400
26161410200
26161410300
26161410400
26033970100
26161416200
26161420000
26161423400
26161423600
26161425000
26089990000
26161410600
26065006100
26089970100
26021020400
26021020300
26021001900
26021002000
26021021400
26161410800
26161410700
26161410900
26021000300
26021011600
26021010600
26161411000
26161411100
26161411200
26095980000
26089970300
26089970500
26089970400
26089970200
26089970600
26161426000
26161431000
26161432000
26161444000
26161400100
26161405600
26161464000
26163554400
26163554500
26163554600
26163554700
26163554800
26163554900
26163555100
26163555300
26163555400
26163555500
26163555600
26163571800
26163572200
26163572600
26163572700
26163572900
26163571900
26163572000
26163572800
26163573000
26163556800
26163573100
26163573300
26163573400
26091060302
26087342100
26163556200
26163556300
26163556400
26163556500
26163556600
26163556700
26163557500
26163557100
26163557300
26163557400
26163558100
26163573500
26163574000
26163574100
26163573600
26163573800
26163557600
26163557700
26163557900
26163558000
26163558200
26163574800
26163558300
26163558400
26163558500
26163558800
26163558900
26163574600
26163574700
26047970100
26163574900
26163575000
26163575100
26163559100
26163560300
26163560400
26163575400
26163575500
26163575600
26047990000
26047970600
26047970500
26047970200
26047970400
26047970300
26163536500
26155030700
26163534200
26163534300
26163534500
26163561700
26163561900
26163562400
26163562700
26091062400
26091062200
26163580800
26163534700
26163535000
26163535200
26163535300
26163535400
26163535600
26163536100
26163536200
26163536300
26163536400
26163563200
26163536600
26163536700
26163562900
26163563300
26163564100
26163563400
26163563500
26163563700
26163563800
26163564000
26049011010
26163564200
26125162300
26125162500
26125165000
26125165100
26049010811
26049010812
26049010813
26049010910
26049010911
26049010912
26163550400
26163557200
26163512600
26163501800
26163563900
26163516200
26163584100
26163577900
26163570900
26163521300
26163541300
26163523800
26163534400
26065002902
26163550300
26163521400
26163521500
26163521800
26163521900
26125165200
26125166000
26125166100
26125166200
26125166400
26125166500
26125166600
26125166700
26125166800
26049011101
26049011102
26049011209
26049011211
26049011212
26049011214
26049011301
26163524100
26163531300
26163535500
26163539300
26163543600
26163534600
26163523300
26163518600
26163507100
26163557000
26163531600
26163520300
26163515300
26163541100
26163577800
26163569500
26163565800
26163552000
26163504000
26163512300
26045020902
26079950602
26163590500
26125166900
26125167000
26125167300
26125167400
26125167500
26049011402
26049011502
26049011503
26049011505
26049011508
26049011601
26049011610
26049011712
26049011713
26049011714
26065003200
26065003301
26065003302
26065003400
26065003500
26065003602
26065004492
26065003700
26065003801
26163516400
26163595200
26163535700
26163503300
26163525600
26163568700
26045020404
26163573900
26163581500
26005030200
26151970100
26045020304
26045021402
26125157000
26125157100
26065005502
26099260300
26099260400
26163593200
26073940200
26073940100
26073940500
26121003700
26035000600
26033970400
26161414700
26161414900
26161415200
26033970500
26033970900
26033971100
26161420200
26161421100
26161421900
26161415400
26161445000
26161461000
26161465000
26161466000
26035000900
26161447000
26035001000
26037010201
26145011702
26121001800
26121003300
26121990000
26121002200
26121003400
26125127200
26033970700
26125127300
26125127400
26125127100
26125127500
26125127700
26033970200
26033990000
26033970800
26033971000
26033970600
26033970300
26121003500
26125144100
26125144200
26125144300
26125144400
26125144500
26125159000
26125160300
26125160400
26125128000
26125160500
26125160600
26125160700
26037010300
26159012000
26125154500
26125154600
26125156000
26125156100
26125144600
26065006001
26065002101
26125145600
26037010701
26037010702
26037010901
26125156200
26125156300
26125156400
26125156500
26125156900
26081011101
26081011102
26081011301
26037010902
26037011002
26037011101
26125128200
26037011001
26161448000
26161453000
26161411700
26161412100
26065005600
26065005700
26065005900
26005032200
26005032401
26161412300
26161412600
26163985900
26163990100
26163985000
26163533900
26163562800
26007000800
26161422200
26163985500
26161454000
26161456000
26161412700
26163511400
26157000700
26157000900
26161413000
26161413200
26161414200
26161414500
26097990000
26029000100
26163586200
26163586300
26163587900
26163588000
26157001100
26063950500
26063950100
26063950400
26063951000
26063950600
26163588100
26163588200
26163588300
26163588400
26163522400
26163573701
26163573702
26099245000
26099245100
26099245200
26099245400
26099982100
26099247100
26099247200
26099247300
26163599000
26163567202
26099982300
26099260600
26099260700
26099247400
26099263700
26099263800
26099263900
26099264000
26099264200
26099268000
26099990100
26099225800
26099240700
26099254500
26099258300
26099250000
26099250200
26099250300
26099250400
26099250500
26099250700
26099250800
26099250900
26099251000
26129950900
26099261200
26099261500
26099261600
26099261700
26099261800
26099262000
26163589300
26163589400
26163590600
26163591700
26163591800
26099232500
26099233000
26099262100
26099262200
26065006200
26065003901
26005030902
26121000300
26099262300
26099240000
26103000600
26099240400
26099240500
26099251100
26099251300
26163591900
26163592000
26163593000
26163593300
26163594000
26163594100
26127010600
26085961300
26085961100
26085961200
26117971000
26161455000
26117971300
26081011600
26163594300
26099240600
26099240800
26099268300
26093744400
26093722300
26093740800
26093740200
26093742700
26093713300
26093743400
26107960100
26107960200
26107960500
26107960800
26081012608
26063950300
26063950700
26063951200
26107981300
26109960700
26055550900
26093733601
26093742201
26093741602
26093741601
26093712102
26093733602
26163561300
26163561200
26163564401
26163562600
26163562300
26163574300
26163568900
26099241000
26099241200
26099241400
26099241500
26099241700
26099241800
26099241900
26099242000
26163517300
26163518900
26163513700
26163505400
26163505500
26163511000
26163511300
26163515900
26103000300
26161404100
26161422900
26161410500
26161414300
26161400200
26163561600
26163508100
26163514200
26163516000
26163522500
26163525000
26163530900
26163579900
26163552800
26163562500
26103002000
26017285500
26081011406
26081011405
26081012607
26121002300
26121002400
26121002500
26121002601
26121002602
26121002700
26037010104
26081011001
26081011002
26027001000
26121001402
26121002800
26081002200
26081002300
26081002400
26081002500
26081002600
26147632000
26147634100
26147648000
26147650100
26147650200
26147651100
26147647000
26145000100
26145001100
26145001300
26081010700
26099262900
26099224100
26099230800
26099226400
26099261400
26099267600
26099241600
26099240300
26099231500
26099251200
26099255200
26099250600
26081010801
26081010802
26081010902
26081010903
26099214000
26099214500
26099215000
26099215200
26099215300
26099215500
26147624000
26147651200
26147635000
26147633200
26147651600
26147652100
26147652600
26147655100
26147655600
26147657100
26145000400
26145000200
26099217000
26099218000
26099221100
26099221200
26099221800
26099216000
26147657200
26147658100
26147658500
26099255400
26099256800
26099252200
26099261900
26005031800
26005031900
26099268100
26099206700
26099210000
26099211000
26099212000
26161414000
26161406000
26161416000
26099223800
26117971200
26147649000
26147622000
26147637200
26147633100
26005030300
26005030702
26005990000
26145002000
26145013000
26145010303
26145012001
26137950100
26137950400
26137950600
26137950500
26137950300
26137950200
26083000100
26083980100
26147620000
26147621000
26147623000
26147625000
26147626000
26147627000
26147628000
26005032000
26005032100
26081011403
26081011500
26081011702
26081011801
26147640100
26023951000
26163577400
26145001000
26005031300
26005031200
26147634600
26147636000
26147637300
26147990000
26017286500
26147640200
26147640600
26147641000
26147642000
26147643000
26161410100
26081012400
26081002800
26081013600
26081000900
26081014807
26081012702
26081002100
26081010401
26081011200
26081010402
26081010101
26081003700
26025002100
26147637100
26147644000
26147645000
26147646000
26045021201
26145010200
26145012200
26161403300
26161403400
26161403500
26161403600
26007000200
26007000700
26007000300
26009960500
26009990000
26009960400
26009960100
26009960300
26009960200
26163584700
26163569900
26163559000
26163541500
26163546600
26093744700
26015010200
26015010300
26015010500
26163565100
26163565200
26163565300
26163565600
26163565700
26163565900
26163566400
26163566500
26163566600
26163576000
26163576100
26145012900
26145011000
26145011100
26163576200
26163576300
26163576400
26145012600
26163568400
26163569200
26163569300
26163569400
26163569600
26163577500
26163578500
26163577600
26163577700
26163578000
26163579800
26163578600
26163985600
26163579200
26163579300
26099228100
26099230000
26099230200
26099230300
26145012700
26145011600
26145011701
26145011800
26145011901
26093740300
26093740500
26093740600
26145011902
26121003000
26145012300
26145012400
26045020402
26163542400
26163542500
26163542600
26161403800
26045020500
26145010401
26145010402
26163542700
26163542800
26163542900
26163543000
26163543100
26163543200
26163543400
26163543500
26163543700
26163543800
26163569700
26039960400
26039960200
26039960100
26039960300
26039960500
26163570400
26163569800
26163570100
26163570200
26163570600
26163570800
26163571000
26163579500
26163579700
26163580600
26163580100
26163580200
26009960700
26161404500
26161405100
26161405200
26163580300
26163580400
26163580500
26163580700
26103002900
26163545800
26145010403
26145010501
26145010502
26145010600
26145010700
26145010800
26093741100
26093740700
26093740900
26045020700
26045020800
26093744800
26093744900
26145012002
26045020103
26045020202
26045020104
26045020101
26045020302
26145012003
26163543900
26163544000
26163544100
26163544200
26163544300
26163545100
26163545200
26163545300
26163545400
26163545500
26163545600
26103000100
26045020102
26045020201
26103002100
26087334000
26087332500
26087333000
26087333500
26087334500
26093713500
26093713700
26093713100
26093720100
26103000400
26161402100
26103001700
26161400300
26161400400
26161400500
26161400600
26161400700
26161400800
26081012902
26081014502
26081014601
26081014602
26163564503
26081011803
26081011804
26081011901
26081011902
26081012003
26145001500
26145001600
26145001700
26145001800
26145001400
26145001900
26145002100
26145010100
26145010302
26145010304
26081011302
26081011401
26081012004
26063950900
26075006702
26081012201
26081012202
26081012203
26081012300
26019000300
26019000200
26019990000
26019000400
26019000100
26145000600
26145000700
26145000800
26145000900
26077001502
26077002102
26077002904
26077001906
26077001601
26081012500
26081012604
26081012605
26081012606
26081012701
26081012703
26081012901
26159011500
26009960600
26001000100
26135970202
26091060301
26091062100
26077001506
26077000100
26063951100
26159010300
26159011300
26159990000
26159010100
26163564502
26139020504
26081013000
26081013100
26081013200
26147629000
26163591501
26139021801
26159010200
26159010400
26081013300
26081013400
26081013500
26081013801
26081013802
26081013900
26057000200
26099260800
26099250100
26099240900
26099245300
26099223400
26099230700
26099256300
26159010500
26159010600
26159010900
26161411900
26161446400
26161413402
26099241300
26147630100
26099247500
26099221500
26099261300
26159011002
26159011400
26147630400
26057000700
26057000500
26159011600
26163591502
26043950400
26043950500
26043950600
26043950300
26043950100
26043950700
26043950200
26147631100
26147631600
26117970100
26025004100
26033980300
26021990000
26163594400
26163594500
26163595000
26163595100
26163596100
26163596200
26163596300
26163597000
26077005501
26157001200
26157001300
26077001501
26031960400
26075005800
26075005200
26075000100
26075005100
26075000500
26075001000
26077000201
26077000202
26077000300
26077001503
26077001702
26077001801
26077001802
26059050400
26059050500
26059050300
26059050200
26059050900
26059051200
26059050100
26059050600
26077000900
26001970400
26001970600
26001970100
26077001000
26077001100
26001990000
26059050700
26059050800
26075000200
26075000400
26075000600
26075000800
26075000900
26075001100
26075001200
26075001300
26075005000
26075005301
26075005302
26075005400
26077000500
26077000600
26025000500
26025000600
26025000800
26077001504
26055550102
26075005500
26075005600
26075005700
26075005900
26075006000
26077005502
26051000600
26075006100
26075006200
26075006301
26075006401
26077001507
26077001603
26077001604
26081014501
26077001701
26077001200
26077001300
26023951400
26081014000
26081014100
26081014200
26081014300
