27037060716
27037060717
27037060710
27037060711
27037060713
27137012200
27037060726
27037060727
27139080400
27119020800
27037060730
27037060731
27037060729
27037060741
27037060742
27037060805
27037060806
27111960300
27111960500
27037060811
27037060814
27037060815
27137003400
27137012400
27137010300
27137015200
27137010500
27137000100
27137010400
27137014100
27137002600
27137001600
27137012800
27137010200
27137000200
27137003000
27137000300
27137012100
27137013900
27137015400
27137011100
27137011200
27137003600
27137000500
27137001700
27137003800
27137011300
27137013600
27137001100
27137001200
27137001300
27137001400
27137013200
27137001800
27001790502
27001790501
27137003700
27137010100
27137001900
27137012300
27137012500
27137012600
27137013000
27011950300
27011950100
27011950200
27137013100
27137013500
27137013800
27137014000
27137015300
27137013300
27115950700
27115950200
27115950500
27115950600
27115950400
27115950800
27115950100
27115950300
27137015500
27137990100
27137000400
27137012700
27137015100
27137000600
27013171101
27137000700
27137000900
27137001000
27069090100
27069090200
27003051201
27003051202
27003050709
27015960700
27015960400
27003051203
27003051206
27003050225
27003050808
27003050807
27025110302
27025110401
27025110402
27025110301
27003051304
27003051305
27003051400
27003051502
27003050711
27003050710
27001770100
27001770300
27001770400
27001770200
27003050501
27053110000
27053105600
27053024901
27053020902
27003050230
27021960802
27003050504
27003050505
27003050401
27003050605
27003050607
27003050608
27003050233
27003050819
27003050820
27003050818
27003050237
27003050236
27003050712
27003050805
27003051600
27053025906
27053024100
27053026706
27053002700
27053102500
27053026514
27053027400
27053024903
27053108600
27053100700
27053026809
27053027504
27053026909
27053008100
27053025802
27053020302
27003050609
27003050610
27021960100
27021940001
27021960600
27021960200
27021960700
27021940002
27047180700
27047180200
27047180400
27047181000
27047180100
27047180300
27041450702
27041450701
27061480500
27061480600
27061480400
27061480300
27061940000
27061480900
27061481000
27061480700
27061480100
27137015600
27137015700
27137015800
27015960200
27037060816
27037060817
27037060818
27037060819
27037060820
27131070902
27131070601
27131070501
27131070901
27131070503
27131070602
27131070504
27037061107
27037061108
27037061401
27037060732
27013171202
27013171600
27171100900
27141030101
27141030503
27141031500
27125010100
27125010200
27165950100
27165950300
27165950200
27003050821
27171101000
27171100802
27171100202
27171100204
27171100203
27171100801
27171101300
27171101200
27171100701
27171100702
27095970300
27095170500
27095170600
27095170700
27095970200
27169670400
27095970100
27095170400
27169670300
27169670600
27169670100
27169671000
27169670900
27169670800
27169670200
27131070200
27169670500
27169670700
27053024005
27053125900
27053126000
27131070300
27131070100
27131070400
27131070700
27145011304
27131070800
27089080100
27003050816
27003050402
27089080200
27089080400
27089080300
27173970100
27173970400
27173970300
27173970200
27053026302
27053026402
27053026403
27053026404
27053026507
27053026508
27053026509
27019090701
27019090702
27019090800
27019090900
27019091000
27053026512
27053026605
27053026606
27053026609
27053026610
27053026708
27053026710
27053026711
27053026906
27053026907
27053026908
27053027002
27133570300
27133570200
27133570100
27053010700
27053022000
27053026910
27053026814
27053101300
27053101900
27053109400
27053000101
27053000102
27019090200
27019090401
27019090402
27019090502
27019090301
27019091202
27019090100
27019091201
27019090501
27019090302
27019091100
27053026007
27053026006
27019090503
27145011000
27145010900
27145000602
27145000500
27145001001
27145010402
27145010500
27145000302
27145011200
27053001700
27145011301
27145010401
27145011500
27053000300
27053000601
27053000603
27053001100
27053002200
27145011302
27145000601
27145000701
27145000801
27145010200
27145010403
27145010600
27145011100
27145011400
27145000301
27053005902
27053003200
27053003300
27053005901
27053006800
27053011998
27053026202
27053023903
27053007700
27053008200
27053008300
27053008400
27053008500
27053009600
27053010600
27053011000
27053011703
27053011704
27053011800
27053026016
27053026013
27053026014
27145011600
27053025100
27053025201
27053025205
27033270200
27033270100
27033270300
27033270400
27053012102
27053980000
27053026811
27053100800
27053024004
27053025801
27053026015
27053026715
27053027300
27053027503
27053109200
27053007801
27053106000
27053022400
27083360500
27053101600
27053101800
27053102000
27083360200
27083360100
27035951200
27083360300
27083360600
27083360700
27083360400
27035950900
27035950400
27035951100
27035951600
27015960500
27109002300
27123030202
27123042503
27015960300
27015960600
27053024700
27053024200
27053024300
27053024400
27053024500
27053024600
27053024801
27053024802
27053024902
27157490200
27157490400
27157490500
27157490100
27045960100
27157490600
27157490300
27053026005
27053026101
27053026201
27053027700
27053110900
27053026702
27053026505
27053003800
27139080905
27053026716
27053023100
27053027501
27053103900
27053026510
27053025803
27053026812
27053026815
27053026816
27053026818
27053026819
27053026820
27053026903
27013170400
27013170500
27013170700
27045960600
27163070912
27163071400
27045960500
27045960300
27045960200
27045960400
27053026018
27053106700
27053022302
27053009500
27053027001
27053026712
27053022101
27053002400
27053026810
27053106400
27123041800
27053027101
27053027102
27053026205
27053026206
27053026207
27053026208
27053026301
27053026511
27141030403
27137010600
27137013400
27137011400
27137002000
27137002200
27137002400
27137002900
27137003300
27085950200
27085950400
27085950300
27085950100
27085950500
27085950600
27123034400
27123034500
27123034601
27123034602
27123034701
27123035100
27123980000
27123037500
27123037601
27123041302
27123041400
27123041601
27123041602
27123041700
27123030601
27123042001
27123042002
27123035200
27123035300
27123035700
27123037602
27009020300
27009020100
27009020202
27007450400
27007450100
27123040200
27123041500
27123040802
27123030100
27123032400
27123031300
27123034900
27123036300
27123035000
27123035500
27123030703
27123030702
27123035900
27123036000
27003050222
27123036100
27123035800
27123042102
27053027202
27123036400
27123036600
27123036700
27123036800
27123036900
27123037000
27123037100
27123037200
27123037402
27003050232
27003050706
27003050110
27003051302
27003051501
27003051002
27003050602
27003050813
27003050218
27003050228
27049080500
27003050107
27003050108
27049080200
27049080101
27049080400
27049080600
27049080700
27049080800
27049080300
27049080900
27049080102
27123033100
27003050109
27003050111
27003050114
27051070200
27051070100
27003050116
27003050208
27003050210
27123041900
27123034702
27123041103
27123032100
27123033800
27123030704
27123040402
27123036500
27123040301
27129790200
27123030300
27123030400
27129790400
27129790600
27129790500
27129790100
27129790300
27123042202
27003050227
27003050229
27003050215
27003050216
27003050217
27003050219
27123037403
27003050115
27003050220
27003050221
27003050223
27003050224
27003050226
27123042101
27123042201
27123042301
27123042302
27005450300
27111960103
27003050234
27015960101
27123040706
27123040707
27003050702
27003050704
27003050235
27123040801
27003050806
27003050606
27003050809
27003050810
27003050811
27003050707
27003050901
27003050902
27003051001
27003051101
27003051102
27003051103
27037061502
27037061001
27005450900
27005450500
27005450600
27005450400
27005450700
27005450100
27005940000
27005450200
27037060104
27037060302
27037060301
27037060733
27037060605
27037060721
27037060102
27039950400
27037060812
27037060506
27037061106
27037060202
27039950500
27039950200
27039950300
27039950100
27013171400
27073180100
27073180200
27073180300
27087940300
27087940100
27119020600
27119021000
27119020200
27037060728
27037060101
27119020400
27013170900
27013170100
27013171300
27013171500
27013171000
27013170300
27013170200
27013170600
27053102900
27013170800
27037060103
27037060105
27053111100
27053111200
27053111300
27053111400
27053111500
27053111600
27053122500
27053122600
27053125500
27053022902
27077460400
27035950502
27035951301
27035951302
27035951700
27053027203
27053027601
27053027602
27053100200
27053100400
27053100500
27053100900
27053102100
27053102300
27053102600
27053102800
27053103000
27053103100
27057070400
27053103400
27053103600
27053103700
27053104000
27053104100
27053104400
27053104800
27053104900
27057070600
27057070100
27057070300
27057070700
27057070500
27057070200
27097780400
27097780200
27097780300
27097780100
27097780800
27097780600
27097780500
27097780700
27081201002
27053105100
27053105400
27053105500
27053105700
27053106200
27053106500
27053106600
27053106900
27053107000
27053107400
27053107500
27053107600
27053012001
27053012003
27053012101
27053020101
27053020102
27053020200
27053020301
27053020303
27053020304
27053026611
27053026707
27155460100
27155460200
27053020400
27053020500
27053020600
27053020700
27085950700
27017070400
27017070200
27017070600
27017070500
27017070100
27017070300
27017940000
27023950600
27021960301
27059130302
27059130501
27081201001
27103480502
27111960102
27141030404
27141030504
27163070106
27145000402
27015960102
27159480100
27159480300
27159480200
27107960300
27107960200
27107960100
27007450200
27007450500
27007450300
27147960400
27147960500
27147960700
27147960300
27147960800
27147960600
27147960100
27147960200
27141030102
27171100500
27171100703
27171100400
27171101100
27171100300
27171100100
27163071209
27163071102
27163070403
27163070601
27113090300
27027020500
27043460600
27043460200
27043460300
27043460100
27043460500
27043460400
27007450702
27007450701
27027020600
27113090100
27113090200
27113090500
27113090400
27163070205
27163070103
27163070104
27163070204
27163070701
27163070301
27163070303
27163070304
27027030106
27163071014
27163070203
27163070801
27163070105
27163070206
27079950200
27163070405
27163070406
27163070703
27163070704
27163070802
27163070906
27163070907
27163070501
27163070502
27163070602
27163070909
27027030102
27067770900
27067781100
27067780200
27067780700
27067780100
27067780600
27067780500
27067781200
27067781000
27067780400
27067780300
27067780800
27027030103
27163070910
27163071001
27163071003
27163071006
27163071010
27163071011
27163071012
27163071013
27163071015
27163071016
27163071017
27163071018
27163071101
27163071206
27163071207
27163071208
27163071300
27163070404
27149480200
27149480300
27149480100
27099000900
27099001300
27099000800
27099000200
27099001000
27099000410
27099001400
27099000100
27099001200
27099000600
27099000300
27059130200
27059130600
27059130100
27059130400
27161790300
27023950300
27023950500
27023950400
27075370400
27075370300
27161790100
27161790200
27161790400
27075990100
27075370100
27079950600
27079950400
27079950100
27037061009
27079950500
27079950300
27007450600
27037060748
27037060750
27037060743
27037060745
27037060746
27037060905
27037061008
27037060829
27037060747
27153790600
27037060749
27139080906
27035950501
27035950204
27143170200
27143170400
27143170198
27143170300
27153790800
27153790200
27153790700
27153790400
27153790100
27101900100
27153790300
27153790500
27123042602
27123042700
27031480200
27031990000
27031480100
27101900300
27101900200
27109002100
27109001703
27109001202
27109001900
27109002000
27109001601
27109001402
27109000902
27109002200
27109000901
27109000100
27109001203
27109000200
27111961300
27111961500
27111961700
27111961400
27111961600
27111960400
27111960600
27111960900
27111960800
27111961000
27123031000
27111960700
27111961200
27111961100
27037060902
27037061003
27037061004
27037061005
27037061007
27037061102
27037061105
27037060725
27037060734
27037060735
27037060737
27037060738
27037060739
27025110502
27025110501
27037060821
27037060822
27037060823
27037060824
27037060825
27037061501
27037060201
27123030500
27123030602
27123030800
27123030900
27123031100
27123031200
27123031400
27123032500
27123040100
27163070911
27123040302
27123040401
27123040502
27123040503
27123031701
27123031702
27123030201
27123034202
27123042504
27123034201
27123042800
27123040803
27123040901
27123040902
27123041001
27123041002
27123043000
27123042900
27123041104
27123031500
27123031600
27123031801
27123031802
27123031900
27123032000
27123032200
27123032300
27123032600
27123032700
27123033600
27123040504
27123040601
27123040603
27123040604
27123040703
27123040704
27123040705
27123041105
27123041106
27123041107
27123041200
27123041301
27123033000
27123033200
27123033300
27123033400
27123033500
27123033700
27123033900
27123034000
27047180800
27053026021
27053026022
27053026019
27053026104
27053024006
27053026020
27019090601
27019090602
27053026613
27053026612
27053026823
27053026822
27053026103
27053125800
27053125700
27053125600
27053126200
27053126100
27109000300
27109000400
27109000500
27109000600
27109001000
27109001100
27109001301
27123042401
27123042402
27123042501
27123042601
27109001302
27109001401
27109001501
27109001502
27109001503
27109001602
27109001701
27109001702
27109001800
27109001603
27109001201
27093560500
27093560400
27093560200
27093560600
27093560100
27091790600
27091790500
27091790300
27091790200
27091790100
27091790400
27053108700
27053108800
27053108900
27053109000
27053109100
27053108000
27053109300
27053109700
27053109800
27053109900
27053110100
27053110200
27105105600
27105105100
27105105500
27105105300
27105105200
27053101200
27053110400
27053110500
27053110800
27105105400
27053023501
27053023502
27053023600
27053023700
27053023801
27053023802
27053023901
27053025805
27053025903
27053025905
27053025907
27053023902
27053024003
27103480600
27167950100
27167950200
27145000901
27059130502
27059130301
27071790300
27103480200
27103480501
27103480100
27103480300
27103480400
27071790500
27071790200
27071790100
27151960400
27151960300
27151960100
27151960200
27009021200
27137002300
27121970300
27121970100
27121970400
27121970200
27135970200
27135970300
27135970400
27135970500
27135970100
27145010101
27145010102
27145000401
27139080204
27139080205
27139080500
27139080600
27027020202
27027030104
27027030201
27027020100
27027030107
27027030202
27139081100
27139080904
27139080100
27139080903
27139080800
27139080301
27139081300
27139081000
27139080202
27139080302
27139081200
27139080700
27139080201
27027020300
27027020400
27047180600
27047180900
27127750100
27139080203
27053020801
27053020804
27053020903
27053021001
27053021002
27053021100
27053026713
27053026714
27053026807
27053021200
27053021300
27053021400
27053021501
27053021502
27053021503
27053021504
27053021505
27053021601
27053021602
27053021700
27053021800
27053021900
27053022102
27053022200
27053027201
27053105204
27053105201
27127750600
27127750300
27127750400
27127750200
27127750500
27053025403
27053025301
27053025302
27053025401
27029000300
27053025601
27053025603
27053025605
27053025701
27053025702
27047180500
27053022301
27053022700
27053022801
27053022802
27053022901
27053023000
27053023200
27053023300
27053023400
27077460300
27009021101
27009021102
27009020206
27009020205
27009020203
27161790500
27025110100
27025110200
27025110600
27025110700
27119020100
27119020700
27119020900
27119020300
27005450800
27037060401
27119020500
27037060603
27109000903
27037060402
27037060502
27037060503
27037060505
27037060507
27037060508
27037060509
27065480100
27065480200
27065480300
27065480400
27141030402
27141030200
27141030502
27141030300
27061480802
27061480801
27037060744
27037060907
27037060906
27037060904
27037060828
27117460100
27117460200
27117460500
27117460300
27117460400
27055020100
27055020200
27055020900
27055020300
27055020500
27041450600
27007940002
27007940001
27041450900
27041451000
27041450100
27041450500
27037060826
27037060606
27041450800
27041450200
27037061402
27037060714
27037060813
27093560300
27063480100
27063480200
27063480300
27063480400
27035950800
27035950100
27035950700
27035951000
27035951400
27029000200
27029000100
27037060709
27021960302
27021960801
27037060604
