28025950500
28025950100
28025950200
28075000800
28075010500
28033070822
28031950100
28031950200
28051950200
28051950100
28051950400
28033070422
28033070411
28033070821
28033070325
28003950300
28105950602
28047001501
28047003403
28047003900
28103950200
28103950300
28103950100
28049000302
28049000301
28049011400
28049002100
28049011500
28089030108
28097950300
28097950100
28097950200
28117950300
28117950100
28117950500
28117950200
28117950400
28023950300
28023950200
28023950400
28023950100
28003950200
28003950100
28003950500
28003950400
28003950700
28003950600
28087000401
28087000900
28087000800
28087000200
28087000500
28087001000
28087000600
28087001100
28087000700
28087000300
28081950601
28015950200
28015950100
28053950300
28081950102
28081950302
28081950402
28081950901
28081951002
28081950101
28073020202
28073020302
28073020201
28073020301
28081950202
28081950602
28081951001
28081950201
28151000400
28081950301
28081980000
28081950902
28081950401
28033070522
28053950100
28053950200
28075000300
28075000600
28101050300
28101050500
28101050400
28101050200
28101050100
28115950102
28115950101
28057950300
28057950200
28057950500
28057950400
28057950100
28071950100
28151000100
28151000200
28151000800
28059041900
28151000300
28151002000
28151001500
28049010807
28059041800
28059042000
28121020701
28121021003
28121020401
28121020801
28049003200
28049003400
28065950202
28065950201
28131020202
28131020201
28137950301
28049001900
28049002000
28049003500
28089030206
28089030700
28033070521
28107950300
28107950500
28045030602
28045030601
28045990000
28047003800
28047990000
28075010700
28047003505
28047003404
28047003600
28071950402
28071950202
28071950302
28071950503
28137950400
28137950100
28137950200
28119950200
28119950100
28119950300
28035000200
28129950200
28129950300
28129950100
28127950100
28127950300
28127950400
28127950500
28127950200
28049010801
28049010400
28049011001
28049010600
28049010304
28049003300
28049010101
28049003800
28163950400
28163950600
28163950100
28163950500
28163950200
28163950300
28049000800
28049010806
28049010201
28049011103
28049002700
28049001300
28049010700
28049010203
28049010202
28049011101
28049010102
28049010500
28049000700
28049010901
28049002400
28049003000
28049001100
28049000100
28049001400
28089030301
28049011102
28049000200
28089030302
28089031000
28089030203
28089030400
28089030104
28089030600
28089030800
28019950200
28089030204
28089030201
28019950300
28019950100
28035010500
28021950200
28035010200
28035000500
28035001100
28035000800
28035010600
28035010400
28035000600
28035010300
28029950400
28021950100
28021950300
28035000300
28035001000
28035000700
28035000900
28029950100
28029950600
28029950200
28029950300
28029950500
28107950600
28125950200
28125950100
28107950200
28107950400
28107950100
28047003207
28121020704
28013950400
28013950100
28013950500
28013950200
28013950300
28035010101
28035010700
28143980000
28047980000
28047003700
28091950300
28047000300
28091950100
28091950400
28091950600
28091950500
28091950200
28059041300
28059042700
28059041100
28059040101
28059040300
28059041400
28059042500
28059040102
28059040201
28059040800
28001000200
28031950300
28031950400
28073020500
28073020600
28073020100
28073020400
28005950200
28005950300
28005950100
28109950600
28027950500
28027950300
28027950400
28027950600
28027950700
28027950200
28027950100
28001000100
28001000500
28001000400
28001000700
28001000300
28001000600
28001000900
28155950200
28081950500
28081950800
28081950700
28081951100
28001000800
28113950600
28113950300
28113950700
28047003208
28047003303
28047003304
28047001502
28047003504
28155950100
28155950300
28017950300
28051950300
28051950500
28065950100
28139950100
28139950200
28139950300
28017950100
28017950200
28017950400
28047001900
28153950300
28047003204
28047003205
28047003402
28047002800
28153950400
28153950200
28153950100
28113950101
28047000600
28047000900
28047001201
28047001202
28007060600
28007060400
28007060100
28007060300
28007060500
28007060200
28047001300
28047001400
28047003301
28047002000
28047002300
28047002400
28047002500
28047002600
28113950102
28089030107
28047000100
28047001700
28047003502
28047003206
28047003501
28047003000
28047001600
28047003101
28047001800
28075000700
28075010201
28075010301
28075010202
28075010302
28075010400
28075001000
28075000200
28075000400
28075000900
28075010600
28067951000
28047002700
28047002900
28047003102
28143950100
28143950200
28151000701
28011950300
28011950200
28011950500
28011950400
28011950100
28071950401
28071950201
28071950502
28151000702
28009950200
28009950100
28067950200
28067950900
28067950600
28067950700
28067950500
28067950800
28121020206
28067950100
28067951100
28121020210
28121020208
28121020207
28121020212
28121020209
28121980000
28121020211
28159950200
28147950300
28115950500
28115950200
28115950300
28115950400
28159950300
28033070811
28159950400
28159950100
28159950500
28147950100
28147950200
28069030100
28069030200
28105950100
28105950400
28105950200
28105950300
28105950700
28105950500
28063950100
28063950200
28033070722
28033070222
28033070812
28121020802
28157950200
28157950100
28083950700
28121021002
28121020600
28121020803
28121020500
28121020301
28121020102
28121020101
28121020402
28121020302
28121020900
28121021001
28149950800
28083950800
28083950900
28083950400
28083950600
28083950300
28083950200
28083950100
28161950200
28161950100
28161950300
28049010301
28049001000
28049001200
28049002300
28049002500
28049001500
28049001600
28109950300
28109950200
28109950100
28109950401
28109950402
28109950700
28049010305
28131020100
28149950700
28149950200
28149950500
28149951102
28149950400
28149950300
28149951101
28149950600
28099010400
28149950100
28099010500
28099010100
28099940100
28099010600
28099010200
28099010700
28033070630
28067980000
28037950200
28037950100
28123020400
28123020600
28123020100
28123020200
28123020500
28033071110
28033071120
28033070900
28033071200
28033070610
28033070830
28043950200
28055950100
28033070210
28033070310
28033070322
28033070520
28033070620
28033070710
28033071000
28045030100
28045030400
28045030200
28045030300
28045030500
28111950200
28077960200
28077960100
28077960300
28049010804
28049010805
28049010902
28049011002
28105950601
28093950401
28093950402
28035010102
28095950502
28095950501
28043950500
28043950300
28043950100
28043950400
28061950200
28061950400
28061950300
28061950100
28067950401
28049011300
28049011201
28049011202
28133950200
28041950100
28041950200
28067950402
28067950302
28067950301
28093950500
28093950300
28093950200
28093950100
28145950300
28121020703
28121020213
28079040100
28079040400
28079040500
28049010809
28049010808
28133950100
28033070102
28033070323
28033070324
28033070721
28033070101
28033070421
28033070412
28049000400
28089030106
28089030202
28123020300
28133950401
28025950400
28025950300
28133950402
28059042200
28059042900
28059040203
28059040204
28059990000
28145950500
28145950100
28145950600
28145950400
28145950200
28071950301
28049002200
28049003600
28059042100
28049000500
28011950600
28011950702
28049003700
28049000600
28011950701
28151000600
28151000900
28151001000
28151001100
28151001200
28151001300
28049000900
28039950302
28039950102
28039950301
28039950101
28109950502
28109950501
28151001400
28111950102
28111950101
28137950302
28085950100
28151001600
28151001700
28151002100
28085950600
28085950500
28085950400
28085950200
28085950300
28079040600
28139950400
28095950300
28095950700
28095950600
28095950400
28095950100
28095950200
28095950800
28039950200
28079040700
28149950902
28149950901
28059040400
28089030205
28059040500
28059042600
28135950400
28135950100
28135950300
28135950200
28089030101
28089030500
28089030900
28059040600
28059040700
28059040900
28087000102
28087000101
28087000404
28087000403
28059041000
28059041500
28059041600
28059041700
28089030105
28133950600
28133950300
28133950500
28033070221
28141950100
28141950200
28141950400
28141950300
28071950501
28075001101
28075001102
28075980000
28113950400
28113950200
28113950500
