30025000100
30055954000
30061964500
30061964600
30013000700
30013000800
30075000100
30013010100
30013001000
30013001100
30105100100
30001000300
30001000100
30001000200
30107000100
30111000300
30063001000
30063001200
30063001500
30029001000
30063001303
30083070100
30083070300
30031000102
30031000501
30031000101
30031000502
30031000702
30031000503
30037000100
30021000300
30021000100
30021000200
30091090200
30029000900
30029001400
30029000100
30029000800
30029000300
30029001200
30029000700
30013010600
30013002100
30013010400
30013001600
30013002200
30013000100
30013001800
30013002300
30013001700
30111001901
30063000800
30013000900
30013010700
30013000200
30095966600
30003940500
30003000100
30003940700
30003940600
30023000400
30023000300
30065000200
30065000100
30111001401
30111001902
30111001703
30111940000
30009000200
30009000100
30009000500
30009000300
30009000400
30073977000
30081000401
30081000202
30081000402
30081000201
30093000100
30095966500
30095966400
30013001900
30073977200
30071060200
30013000300
30013000400
30111001300
30111001702
30111000704
30111000902
30111000200
30111000702
30111001801
30111001802
30111000701
30111000901
30111001100
30111000800
30017961800
30017962000
30049000501
30049001202
30049001201
30015010300
30019020300
30003940400
30093000600
30093000500
30093000200
30093000700
30005940100
30005000200
30005000100
30005940200
30045000100
30049000800
30093000800
30093000300
30017961900
30017961300
30017961600
30017961500
30091090400
30093000400
30039961700
30047000200
30047940600
30047000100
30047940700
30047940400
30047940500
30101000100
30101000200
30049000300
30049000700
30049000900
30049000100
30049000600
30049000200
30049001100
30063001302
30049000400
30049001000
30047940301
30047940303
30063000700
30063001100
30063001600
30063000202
30063000400
30063001400
30063000500
30029001301
30111000706
30111000402
30029000201
30063000100
30063000201
30029000202
30029000401
30029001700
30083070400
30083070200
30069000100
30029001302
30111001402
30103963500
30111001502
30111001501
30111001704
30023000500
30105940600
30105100500
30013001200
30111000500
30111000600
30111001000
30111001200
30053000400
30053000300
30053000500
30053000200
30053000100
30111001803
30111001804
30041940300
30085080100
30085940002
30085940001
30087940400
30087000300
30087000200
30087000100
30027030100
30027030200
30049000502
30011000300
30031000103
30031000701
30031001600
30111000705
30029000402
30041040300
30051050100
30031001500
30031000504
30031001002
30031001102
30031001001
30031001101
30111000401
30089000100
30089000200
30041040100
30041040400
30041040500
30041040200
30081000500
30057000300
30057000200
30057000100
30013010800
30043962300
30043962201
30043962202
30077000200
30077000100
30101980000
30081000700
30081000100
30081000600
30081000300
30081000800
30079000100
30007000200
30007000100
30031000800
30109000100
30033000100
30015010200
30035940200
30035976000
30035940400
30035980000
30029000602
30029001100
30029000601
30029000203
30067000200
30067000500
30067000100
30067980600
30067000400
30067000300
30031000600
30031000400
30031001200
30031000300
30031000900
30031000200
30099000100
30059000100
30099000200
30099000300
30063001800
30097967000
30063000300
30089940300
30063001304
30063000902
30063000901
