31047968500
31047968100
31055005700
31055005800
31019969700
31055005901
31055006000
31055006101
31055006102
31055006202
31055006301
31055007303
31055007304
31055007309
31055007310
31019969202
31019969100
31019969000
31019968900
31043010400
31043010100
31043010300
31043010200
31109000700
31111959900
31111960600
31015975800
31053964300
31109002702
31109002800
31109003001
31109003202
31109003601
31109003605
31109003704
31109003706
31109003708
31109003801
31109003802
31003979800
31109003002
31109002300
31109001600
31109001700
31109001800
31109002100
31109002200
31109002701
31147964500
31119960801
31065963900
31001966000
31119960802
31017975000
31167962100
31167962200
31109003003
31109003102
31045950600
31045950700
31133967800
31053964200
31085961500
31079000200
31079000100
31079001300
31079001400
31079000400
31079000300
31151960700
31151960600
31151960800
31151960900
31055003000
31055003100
31055003200
31055003300
31055003402
31055003500
31179978600
31179978700
31165950100
31101000100
31101000200
31101000300
31055003600
31055003700
31055003800
31055004000
31055004200
31055004300
31055004500
31055004600
31055007102
31055007460
31021963200
31021963300
31055004700
31055004800
31055004900
31055005000
31055005100
31093970500
31093970600
31055005300
31055005400
31055005500
31055005600
31055007317
31055007314
31055007470
31055007516
31055007315
31055007318
31055007316
31109003717
31109001102
31019969204
31019969203
31109003401
31109001002
31109003720
31109003716
31109003714
31109002001
31055007512
31055007513
31055007469
31055007471
31055007517
31055007511
31055007514
31055007515
31079000500
31079000600
31079000700
31079000800
31079000900
31079001000
31079001100
31079001200
31039972900
31021963400
31153010622
31175971300
31175971400
31159960300
31067965100
31067964700
31067965200
31067964800
31067964600
31067965000
31067964900
31109003713
31109003301
31109003104
31123952500
31041971700
31041971900
31041972000
31041971800
31155968500
31157953400
31157953900
31157953300
31157953000
31157952900
31157953100
31157953800
31157953500
31157953200
31131966700
31131967000
31131966600
31157953700
31157953600
31155968300
31155968200
31155968400
31155968100
31161951700
31121966800
31121966600
31121966700
31131966900
31131966800
31001966100
31109001101
31109010202
31109003302
31109001003
31109002002
31109003719
31107976400
31049955400
31001965700
31001965800
31001965900
31003979700
31003979600
31055000500
31143960000
31143960100
31099966600
31099966700
31127968100
31127968200
31005958300
31055006805
31055000200
31055007431
31055007311
31055002100
31055004400
31055007438
31055006703
31055003401
31055005200
31057962300
31055006303
31075956300
31009972400
31039972800
31039972700
31013951200
31013951300
31013951100
31139979200
31139979100
31083964200
31073967600
31111959700
31111959800
31111960200
31111960500
31111960300
31111960400
31109003402
31109003608
31031955800
31031955900
31055006302
31055006400
31055007312
31055007313
31055007405
31055007406
31055007407
31055007408
31055007409
31055007424
31055007429
31055007432
31055007433
31055007434
31055007456
31055007457
31055007458
31055007459
31055007461
31055007462
31055007463
31055007464
31183973600
31055007442
31055007443
31027977200
31027977100
31105954500
31153010623
31051977800
31007954000
31069952100
31145963100
31145963300
31145963200
31035962100
31035962200
31137967000
31137967200
31137967100
31023967800
31023967700
31109002900
31153010615
31025965700
31025966100
31025965600
31025965800
31025966000
31025965900
31153010619
31153010616
31153010617
31153010620
31153010618
31033955000
31129960000
31129960100
31163970100
31077970900
31059091600
31059091700
31019969300
31019969400
31019969500
31019969600
31037964700
31037964800
31037964600
31147968500
31147968600
31161951600
31055007465
31055007466
31055007467
31055007504
31055007506
31055007509
31055003900
31103975400
31177050202
31177050102
31177050300
31177050201
31177050101
31047968000
31047968600
31047968200
31047968400
31047968300
31091956700
31181965100
31181965000
31169963100
31169963200
31071973200
31115972800
31109000600
31109000800
31109000900
31109001200
31109010100
31109002400
31109983200
31109003604
31109002500
31109001900
31109003709
31109010300
31109001301
31109003500
31109001500
31109001400
31109001302
31109003707
31109010400
31109000100
31109000201
31109000202
31109000300
31109000400
31109000500
31113957500
31051977600
31097967600
31097967500
31109003103
31109010201
31109003607
31109003715
31125966100
31109003609
31109001001
31109003718
31095963600
31095963700
31095963800
31023967600
31029961900
31153010503
31135959300
31149974600
31055007472
31087962700
31063961100
31011960200
31011960100
31159960400
31159960100
31159960200
31141965300
31141965100
31141965298
31141965400
31141965500
31089974300
31141965600
31141965700
31153010207
31055007452
31081969300
31081969100
31081969200
31153010204
31153010306
31153010305
31153010629
31153010624
31153010628
31153010633
31153010627
31153010630
31153010634
31153010621
31153010625
31153010626
31153010632
31153010631
31001965600
31001965500
31001966200
31001965400
31055007508
31055006804
31055005902
31055007441
31055007505
31055007451
31055007468
31055007101
31107976200
31033954900
31033954800
31055006503
31055006504
31055006505
31055006506
31055006602
31055006603
31055007444
31055007445
31055007446
31055007447
31055007448
31055007449
31055007450
31055007453
31055007455
31185969600
31185969700
31185969800
31185969900
31055007454
31055000300
31055000400
31055006604
31055006701
31055006704
31055006803
31055007435
31055007436
31055007439
31055007440
31055000600
31055000700
31055000800
31055001100
31055001200
31055001600
31055001800
31055001900
31055002000
31055006806
31055006903
31055006904
31055006905
31055006906
31055007001
31055007002
31055002200
31055002300
31055002400
31055002500
31055002600
31055002700
31055002800
31055002900
31055007003
31153010401
31153010402
31153010501
31153010502
31153010108
31153010203
31119961200
31119961300
31119961100
31119960600
31089974000
31089974200
31089974100
31173940100
31173940200
31053963900
31053963600
31053964000
31053963700
31053964400
31053963800
31153010208
31153010702
31153010104
31153010107
31153010103
31153010105
31153010701
31153010302
31153010106
31153010614
31119960700
31153010205
31153010206
31119960900
31119961000
31053964100
31117957900
31061964700
31061964600
31171957100
31107976300
