38047972500
38073969000
38087965000
38079941800
38017010305
38073969100
38067950400
38067950500
38067950300
38067950100
38067950200
38105954100
38097970100
38079951700
38079951900
38079951600
38069956200
38069956100
38017000801
38017000901
38017001001
38017001002
38017040600
38017040300
38017000802
38017000300
38017040100
38017000700
38017040500
38017040400
38017000600
38017000400
38017010201
38017010203
38017010204
38017010303
38017040200
38089963400
38035010803
38025962200
38035011700
38035011100
38035010200
38035011800
38035012000
38019950900
38099958100
38099958300
38009952300
38017000100
38083960200
38045972200
38045972100
38093967500
38093967300
38093967000
38015011105
38015011002
38015011104
38073968900
38081974000
38055960800
38097970400
38097970300
38091968700
38095951500
38005956500
38005956600
38005940100
38005940200
38043966800
38049955900
38015011200
38015011400
38015010300
38015011300
38015010700
38015010600
38015010100
38015010200
38015010500
38015010800
38015010900
38015011101
38015011500
38015010400
38037965900
38035010600
38035011400
38035010100
38035010300
38035010400
38035010700
38035010801
38035010900
38035011000
38035011200
38035011900
38089963500
38057961600
38057961700
38093967200
38023954500
38071957800
38071957700
38071957600
38099958200
38099958000
38099957900
38099957800
38009952400
38009952500
38103960000
38033962900
38097970200
38021973200
38021973400
38021973300
38105953700
38105953400
38105953500
38105953800
38085940800
38085940900
38093967400
38001965600
38019951100
38041964800
38041964700
38065961200
38101010301
38015011001
38103959800
38051972900
38075952900
38077970900
38077971000
38077970800
38077971100
38077970700
38027959200
38013953300
38101011300
38039968600
38053962300
38053940100
38053962500
38077971400
38057961800
38007963100
38031959600
38029966500
38061940400
38055961000
38089963300
38089964000
38089963900
38017000202
38017000501
38017000502
38017010107
38049955600
38017000904
38017010307
38017010109
38017000903
38017010106
38017010108
38017000201
38017010306
38015011103
38061940300
38061955200
38081974200
38105953900
38105953600
38063959000
38011965200
38011965300
38035010804
38053962400
38003968300
38003968000
38003968200
38003967900
38089963600
38089963700
38089963800
38059020200
38059020500
38059020300
38059020100
38059020400
38101010500
38101010100
38101011000
38101011200
38101010302
38101010800
38101010200
38101010700
38093967800
38101010400
38101010600
38101010900
