46099001200
46099001500
46099001600
46099001700
46099001801
46099001901
46029954100
46023970100
46023940300
46023940200
46099001902
46099000401
46029954502
46029954600
46033965100
46051953300
46093020500
46099000100
46099000600
46099010200
46099010300
46099010402
46011958802
46011958803
46029954301
46029954302
46029954501
46049961100
46071961100
46075091600
46129965200
46129965100
46097961600
46099000500
46099001101
46099000700
46099000900
46047964200
46047964100
46013951800
46035962800
46035962600
46035962700
46071941200
46051953100
46099000202
46099000408
46099001108
46099010501
46099010502
46099001002
46099000407
46125965200
46125965100
46037952900
46017940200
46103010700
46007941000
46007941200
46102940900
46102940800
46107000100
46135966400
46135966200
46135966100
46089963100
46027965700
46027965800
46055960100
46003973600
46119979100
46085972600
46085940100
46079960100
46079960300
46079960200
46063968700
46045962100
46045962200
46111962100
46105968300
46115000300
46115000100
46115000200
46102940500
46073974100
46065978000
46081966200
46081966100
46043969600
46123971700
46123971600
46061964100
46109950400
46109940400
46121940100
46121940200
46127020200
46127020300
46127020100
46025955800
46083010104
46041941700
46005957000
46093020301
46093020200
46093020302
46087964700
46087964600
46039953700
46039953600
46093020400
46099000406
46099000405
46099001105
46099001107
46099001804
46099001803
46099001001
46099010600
46095940300
46137941600
46135966302
46135966301
46103011600
46013952000
46027965900
46083010108
46083010101
46083010105
46083010103
46083010106
46083010102
46083010107
46103010905
46103010906
46103011500
46103010904
46103010907
46117960100
46005956900
46005956700
46005956800
46005957100
46005956600
46053971100
46053971200
46059975600
46059975700
46077958200
46077958100
46101959600
46101959700
46031941000
46031941100
46103011400
46103011300
46103010800
46103011700
46103011002
46103011200
46103011001
46103010500
46103011100
46103010200
46103010903
46103011005
46103011004
46103010300
46103010400
46103010600
46013951700
46013951600
46013951300
46013951500
46013951900
46013951400
46069976700
46083010400
46083010300
46083010200
46057955100
46057955200
46091950800
46109940700
46109940800
46067968800
46067968600
46067968700
46037952800
46037952700
46099000300
46015973100
46015973200
46019967600
46019967700
46021964100
46029954400
46033965200
46065977700
46099001106
46099010401
46099010102
46099000201
46099010101
46099010405
46099010404
46099010406
46099010403
46011958700
46065977800
46065977900
46035962900
46041941500
46009967700
46009967600
46081966302
46081966301
46081966600
46011958600
46011959000
46011958900
