49049002101
49049002102
49035113101
49005001201
49035113102
49035113528
49035113532
49035113533
49035114700
49035115209
49035115106
49035113907
49035112619
49035112821
49035112907
49035113105
49035113702
49035112001
49035112403
49035112816
49035112817
49035113107
49035112618
49035114200
49035114300
49035113305
49035113306
49035113307
49035113308
49035113600
49035113801
49035113802
49035112912
49035112913
49035112914
49035113803
49035113904
49005001002
49005001402
49005001202
49005001401
49003960602
49035111001
49011125905
49011125906
49057210704
49057210800
49049000102
49057211000
49057211100
49049010110
49049010113
49035112815
49035110800
49035112812
49035112616
49035112614
49035113016
49035113012
49035111500
49035112814
49035110102
49035112700
49035104200
49035110103
49035112917
49035111002
49035102100
49035112810
49035112609
49035100200
49035112100
49035111101
49049001103
49035113905
49035104800
49035111400
49035112916
49035112918
49035113007
49035113008
49035113406
49035113407
49035113408
49035113409
49035113410
49035113411
49013940300
49013940500
49035102300
49035102500
49035102600
49035104700
49035111306
49035102802
49035112604
49049000711
49049001107
49049010217
49049010220
49049010303
49049010305
49049001701
49025130200
49025130100
49057200500
49057202000
49057200300
49057210505
49057210504
49057210302
49057210100
49057201100
49049001001
49049001002
49049001201
49049001202
49049010504
49049001300
49049001402
49049000707
49049000801
49049000802
49049000706
49049010600
49049000400
49049010410
49049010411
49049010503
49049010900
49049980100
49049010103
49049002702
49049003104
49049003105
49049010104
49049010106
49049010109
49037942000
49011126101
49019000300
49035111906
49011125304
49011126802
49011126901
49011126902
49011126105
49011126203
49011126304
49011126306
49011125401
49011125403
49011125501
49011125502
49011125503
49011125600
49011125801
49011125804
49007000600
49055979100
49021110701
49045130703
49045980000
49045130701
49045131002
49045131001
49045130702
49009960100
49035112820
49035980000
49035113906
49035100308
49035111702
49003960601
49035112608
49035112502
49015976300
49015976200
49035113011
49035113512
49035113513
49035113514
49035113515
49035112002
49031960100
49057210204
49057210303
49057210304
49035113013
49035113520
49035112805
49021110600
49021110200
49021110400
49021110100
49021110500
49021110300
49035112804
49037978200
49037942100
49037978100
49053270802
49035112610
49035113521
49005000502
49005000501
49005001001
49035113525
49035113522
49035113523
49035112612
49035112613
49035112615
49057210511
49057201302
49057210404
49057210403
49035113017
49011126406
49011126405
49017000400
49011125405
49011125908
49011125808
49011125701
49011125702
49011125406
49011126002
49011125807
49011127100
49011126001
49035112905
49035112904
49011125907
49035113108
49035114800
49035114600
49035114500
49035102702
49035101102
49035111801
49035113526
49035113527
49035101101
49035111802
49035110402
49035111904
49035112404
49043964203
49043964201
49043964202
49043964102
49043964101
49043964401
49043964308
49043964304
49043964306
49043964303
49043964305
49043964307
49043964402
49035100307
49035112920
49035112823
49035112819
49035102701
49035112921
49035113020
49035113310
49035113537
49035112822
49035113539
49035113535
49035111701
49035111903
49035111905
49035113534
49035113019
49035113309
49015976500
49039972100
49039972500
49039972300
49039972200
49039972400
49047968200
49011127002
49011127004
49035113010
49035113412
49035113413
49035113505
49035113509
49011126500
49011126600
49011126700
49011126801
49011125102
49011126305
49011125104
49011126303
49011125805
49011126202
49011126404
49035113510
49035113511
49057210900
49045131200
49045131100
49045130600
49045130900
49045130800
49035101500
49035101600
49035101700
49035101800
49035101900
49035102000
49041975100
49041975400
49041975300
49041975500
49041975200
49047968302
49047968401
49047968301
49047968402
49047940201
49053271800
49053270400
49053270500
49053270700
49053271500
49053271400
49053270100
49053271300
49053270200
49053271000
49053271100
49053271200
49053271600
49053270300
49053270600
49053270902
49053270901
49053271702
49053271701
49053270801
49051940500
49021110702
49049003300
49049000901
49049002500
49049003401
49049010210
49049000505
49049000507
49049010209
49051960100
49051960200
49051960400
49049001503
49013940600
49049010211
49049010409
49049010406
49049000703
49049001501
49049001802
49049002206
49049001401
49049002207
49035104900
49019000200
49033950100
49035113536
49035113701
49035113538
49035110401
49035114000
49057200203
49057200204
49035114100
49035112818
49057210203
49057201301
49057210509
49057210508
49057210510
49001100200
49001100100
49049000603
49049010208
49049010212
49049010213
49049010214
49049010215
49057210512
49035104100
49035104300
49035104400
49011125200
49035110200
49035110500
49049000604
49049000708
49049000709
49049000710
49049001105
49049001106
49049001108
49049010216
49049010218
49049010219
49049010304
49049010404
49049010405
49049001702
49049002204
49049002205
49049002701
49049010407
49049010408
49003960400
49003960100
49003960500
49049010505
49049010506
49049010700
49049002801
49049002802
49049002901
49049002902
49003960702
49003960701
49003960801
49003960200
49003960300
49003960802
49049003001
49049003002
49049003103
49049003106
49049003204
49049003205
49049010105
49049010107
49049010108
49049010111
49049010112
49049000104
49049000105
49035110600
49035112402
49035112501
49035112503
49049000205
49049000206
49049000504
49049000506
49049000508
49049000509
49035110701
49035110702
49035110900
49035111102
49035111103
49035111201
49035111202
49035111302
49035111305
49035112201
49017000300
49035102801
49035102900
49035103000
49035103100
49035113903
49035110104
49035112611
49035111304
49035113014
49035101400
49035112605
49035110300
49035101200
49035103500
49035111600
49035112617
49035112813
49049000103
49035100100
49035100306
49035100500
49035100600
49035100700
49035100800
49035101000
49049001601
49049001602
49057210600
49057210701
49057210703
49049001603
49049001801
49049001803
49049001900
49049002000
49029970200
49029970100
49049001504
49049000903
49049000904
49023010200
49023010100
49049003201
49049002201
49049002300
49049002400
49049003402
49049003203
49049003403
49035103200
49035103300
49035103400
49035103600
49035103700
49035103800
49035103900
49035112202
49035112301
49035112302
49007000500
49007000300
49007000100
49007000200
49035104000
49057200100
49057201900
49057211202
49057200600
49057200202
49057201500
49057211201
49057210402
49057200400
49057210506
49057200700
49057200800
49057200900
49057201200
49057201400
49057201600
49057201700
49057201800
49057210201
49005000800
49005980100
49005000202
49005000300
49005000102
49005000201
49005000600
49005001102
49005000101
49005000701
49005000900
49005001500
49005001300
49005001101
49005000403
49005000401
49005000402
49005000702
49049000601
49049000203
49049000204
49027974200
49027974300
49027974100
49011125303
49011127003
49011126104
49011125305
49011126402
49011126204
49011125103
49011125301
