54107011000
54065970700
54065970900
54065970800
54065971000
54077963800
54077964100
54077964300
54077964200
54077963900
54077964400
54077964500
54077964000
54005958800
54023969500
54023969600
54023969400
54005958700
54005958400
54005958600
54005958200
54005958300
54011001200
54011000101
54011010400
54011001100
54011010600
54011000500
54011000200
54011000400
54011000600
54011000102
54011000900
54011001000
54039010801
54011001300
54011001400
54011001600
54039011302
54027968300
54105030101
54069002700
54007967900
54007968000
54007968100
54061010201
54061010102
54061011806
54061011805
54061011803
54061011804
54061012000
54085962400
54039001700
54091964700
54091964900
54091964600
54091964800
54039010200
54039013800
54039001800
54039010100
54039011200
54039012300
54039013600
54099021000
54099020900
54099020700
54099020100
54099005200
54099020500
54099005100
54099020600
54099020800
54099020300
54099020400
54039011500
54095962000
54095961800
54095961900
54039010300
54039011100
54039001100
54039010802
54039002100
54039011301
54039001902
54039010702
54039013100
54039013000
54039010900
54039010600
54039002000
54039000500
54039000200
54039013300
54039001901
54039000300
54039011402
54039010500
54039012100
54039011000
54039010701
54039012800
54039000600
54039012200
54039000700
54039000800
54039010400
54039011401
54039011800
54047954501
54009031102
54009031101
54047954503
54047954504
54005958502
54005958501
54079020700
54079020605
54071970400
54071970600
54071970500
54011001900
54011002000
54011001800
54011000300
54049020800
54037972701
54037972203
54051020601
54051020702
54013962700
54013962600
54011010800
54011010300
54011010102
54011010500
54011010202
54011001500
54011010700
54011002100
54079020604
54037972401
54009031200
54009031600
54009031400
54037972506
54009031700
54037972505
54081000804
54079020300
54079020100
54079020603
54079020400
54079020601
54079020200
54079020500
54049021700
54061010202
54093965200
54049020500
54049021000
54049021500
54049021600
54049020700
54049020200
54049020400
54049021800
54049020900
54049021200
54049020600
54049021400
54049021300
54033031900
54039013701
54039013702
54035963500
54035963600
54017965100
54017965000
54067950200
54067950600
54067950700
54067950100
54067950400
54033032000
54033031200
54033030700
54033030400
54033030800
54033031100
54033031400
54033031600
54033030100
54033031300
54033031000
54033031800
54033030300
54033030500
54033031500
54033030200
54033031700
54081000900
54041967600
54041967300
54041967500
54041967200
54041967400
54019020202
54069000500
54069000600
54069000700
54087963100
54069001300
54087962900
54087962800
54029020900
54029020700
54029021100
54087963000
54075960200
54075960300
54049021100
54069000300
54069000400
54049020100
54049020300
54037972800
54089000800
54089000700
54089000500
54089000600
54053954802
54053954801
54053955000
54053955101
54053955102
54057010600
54057010400
54057010200
54057010500
54057010300
54057010100
54057010700
54033030602
54033030601
54033032101
54033032102
54011010900
54109002902
54109003200
54109002800
54109002901
54109003100
54109003000
54081001200
54081001001
54081001002
54081000400
54081000300
54081001500
54081001400
54081000700
54081000500
54081000802
54081001100
54081000600
54069000200
54081000200
54081001300
54045956800
54069002100
54069001400
54069001800
54069002000
54069001500
54069001700
54069001600
54069002200
54043955600
54103030700
54103030500
54103004900
54103030800
54103030400
54043955800
54043955500
54043955400
54061011300
54043955700
54037972300
54059957400
54059957500
54059957200
54059957300
54059957100
54059957700
54059957600
54061010800
54061011500
54061010600
54061010700
54061011900
54061010902
54061011600
54061011400
54051021100
54061011000
54061010400
54061011200
54061010901
54061011700
54061011100
54085962300
54085962500
54051020500
54051021000
54051020900
54051020800
54051021300
54051020200
54055001000
54039012900
54039013200
54039013400
54039013500
54039000900
54039001200
54039001300
54055001500
54055002100
54055001800
54055001600
54055001300
54055001900
54055001700
54055002200
54055001100
54055001400
54055002300
54055000900
54055002400
54055002000
54055001200
54019020400
54039001500
54093965300
54093965400
54019021000
54019020700
54019021100
54019020600
54047953600
54019020800
54019020300
54019020900
54019020500
54019020100
54039000100
54069002600
54029021300
54029020600
54029021200
54001965600
54001965700
54001965500
54001965800
54061010101
54053954900
54031970300
54031970200
54031970100
54073962200
54073962100
54047954000
54047954200
54047953900
54047953800
54003971202
54037972204
54037972602
54037972501
54037972702
54081000803
54027968600
54027968200
54027968500
54027968400
54003971102
54003971201
54003972102
54063950300
54003971101
54003972101
54015957900
54015958000
54015958100
54063950100
54063950200
54101970200
54101970300
54101970100
54083966500
54083966400
54083966300
54083966000
54083966100
54107000802
54083965900
54083966200
54107010702
54107010300
54107010901
54107010601
54107010102
54107000903
54025950300
54107000500
54025950400
54025950200
54025950500
54025950100
54025950600
54107010101
54025950700
54107000300
54107000901
54107010902
54107010800
54107000100
54107000400
54107010200
54107010602
54029021400
54107010502
54107000902
54107010701
54067950300
54067950500
54075960102
54075960101
54105030102
54069001901
54035963300
54035963700
54035963200
54035963400
54097966600
54097967000
54097966800
54097967100
54097966700
54097966900
54021967700
54021967800
54107000701
54107000702
54107000801
54107010400
54003971400
54003971500
54003971700
54003971600
54003971300
54003971900
54003972000
54003971800
54107010501
54011010201
54045956500
54045956600
54045956200
54045956101
54045956900
54045956400
54045956700
54045956102
54019020201
54037972601
54037972503
54037972402
54037972201
54029021500
